150 447 1000

25 62 74 70 84 44 105 84 58 89
47 17 39 73 53 55 71 54 88 74
65 19 93 67 26 15 94 82 38 23
38 36 35 98 50 42 99 22 40 49
63 85 33 91 86 36 64 68 50 33
26 94 68 52 65 31 63 62 105 68
103 93 73 44 77 80 23 31 58 11
23 49 34 65 58 67 110 86 44 27
33 20 67 81 16 85 55 43 45 30
104 51 23 16 39 108 105 104 62 81
20 19 106 34 67 47 34 105 98 100
49 106 23 18 64 108 62 84 16 23
26 104 88 86 85 57 84 45 85 102
94 109 106 105 104 65 26 88 39 13
27 93 23 39 64 101 69 77 65 30

15 52 64 60 74 34 95 74 48 79
37 7 29 63 43 45 61 44 78 64
55 9 83 57 16 5 84 72 28 13
28 26 25 88 40 32 89 12 30 39
53 75 23 81 76 26 54 58 40 23
16 84 58 42 55 21 53 52 95 58
93 83 63 34 67 70 13 21 48 1
13 39 24 55 48 57 100 76 34 17
23 10 57 71 6 75 45 33 35 20
94 41 13 6 29 98 95 94 52 71
10 9 96 24 57 37 24 95 88 90
39 96 13 8 54 98 52 74 6 13
16 94 78 76 75 47 74 35 75 92
84 99 96 95 94 55 16 78 29 3
17 83 13 29 54 91 59 67 55 20

2 20 32 2 33 1 40 12 38 47 33 39 49 8 34 27 47 30 43 15 47 36 1 8 26 27 46 22 21 38 44 18 48 5 10 35 37 30 22 38 37 16 45 43 20 2 10 36 44 0 9 22 14 21 32 28 12 19 17 3 40 25 7 20 48 38 48 2 3 38 28 23 39 32 5 47 23 35 31 46 22 45 47 15 27 21 17 8 28 47 3 45 40 22 33 10 2 35 3 7 20 40 47 40 15 18 42 43 39 30 43 28 37 1 14 32 16 24 32 1 38 19 15 24 6 37 1 35 48 13 25 26 44 46 31 25 3 5 37 42 8 16 46 5 47 21 0 28 26 
44 27 26 12 10 21 43 44 29 3 38 42 44 22 13 41 35 35 23 0 39 49 28 32 39 28 42 23 33 33 14 6 35 20 47 29 38 29 48 45 15 12 0 5 34 4 20 17 34 2 3 50 46 22 5 27 2 40 36 27 20 35 29 6 39 10 9 18 17 24 49 29 0 2 1 0 46 0 35 13 21 46 14 4 21 44 25 48 8 37 42 5 29 19 18 43 4 2 6 11 2 44 28 2 19 48 28 46 18 40 14 16 46 34 29 23 43 21 16 43 3 26 3 9 45 10 0 22 1 49 21 43 4 36 29 25 35 35 33 18 0 5 25 16 8 21 31 19 
48 33 40 35 11 11 2 25 45 17 6 20 0 37 38 4 0 26 2 50 45 33 25 0 38 19 20 15 6 32 13 16 16 31 47 0 25 45 26 41 6 4 39 16 32 15 24 43 19 36 9 32 41 4 42 46 25 32 22 3 4 47 46 20 7 14 9 34 28 49 12 6 24 3 41 17 46 46 47 16 29 11 20 45 12 20 43 31 24 2 15 47 11 27 49 23 18 17 14 22 28 25 41 50 35 20 6 48 46 10 3 0 20 30 11 22 31 37 11 12 41 28 16 44 24 1 36 50 14 20 17 42 36 22 10 19 45 48 47 35 7 36 25 32 14 6 32 
8 26 9 11 7 3 18 11 50 0 41 44 47 25 9 7 15 31 23 30 41 32 3 30 45 25 23 18 38 29 36 46 39 17 1 4 24 37 46 1 45 50 44 15 42 5 12 10 46 35 23 21 0 42 37 22 17 0 45 3 18 11 9 49 18 11 35 13 1 27 30 4 50 46 9 42 25 27 2 17 18 36 24 36 1 33 23 13 26 50 45 13 22 17 24 26 34 11 43 45 11 17 13 14 35 20 20 21 22 29 6 9 4 0 18 6 6 28 1 15 49 35 28 23 44 16 39 7 16 30 48 21 12 48 5 25 33 8 20 27 8 41 33 30 4 27 
47 44 7 3 0 14 26 41 8 46 45 18 42 41 41 18 49 4 18 0 30 3 1 9 42 20 17 16 25 39 41 40 13 26 24 38 11 16 16 21 30 14 5 1 20 50 20 43 44 37 13 9 47 20 19 15 28 18 15 13 6 44 39 8 23 25 19 16 48 43 28 8 11 11 48 1 26 47 30 40 50 41 41 15 48 48 0 1 15 12 44 48 16 1 24 10 30 31 19 20 41 11 30 44 0 24 33 41 42 13 47 12 6 4 29 2 6 15 43 6 4 6 25 17 39 24 30 25 28 13 8 28 15 28 23 17 49 50 0 46 27 6 8 41 43 
31 43 0 39 0 27 38 36 14 38 45 22 3 34 30 10 36 41 12 30 2 7 7 20 0 34 40 20 42 20 19 15 12 25 31 0 28 9 50 0 19 26 38 24 50 33 37 28 47 23 36 34 33 25 16 14 50 6 6 34 5 5 27 47 22 19 13 44 46 32 16 6 44 18 19 19 43 46 42 49 29 15 5 29 21 11 36 0 15 20 4 27 43 4 16 18 43 11 42 36 7 1 36 50 29 20 29 35 4 26 4 42 31 2 14 18 42 44 24 29 24 16 48 5 24 49 0 36 32 28 28 28 31 36 11 47 24 44 36 20 15 40 38 34 
40 34 43 28 41 17 31 42 40 29 0 34 0 38 4 8 1 46 19 14 15 2 16 48 48 39 32 20 28 31 38 16 10 46 12 36 6 24 33 46 47 21 39 7 28 14 31 11 48 43 12 43 29 12 5 34 43 47 33 32 15 0 16 4 12 24 18 32 8 34 20 7 5 33 35 10 7 4 3 31 32 29 33 7 48 38 23 35 7 2 8 46 48 13 18 10 48 24 3 2 5 4 26 1 45 20 23 45 7 36 47 27 30 8 28 10 8 19 37 0 31 20 19 36 0 28 2 13 39 21 35 22 24 31 29 25 14 25 15 47 17 0 0 
20 23 25 12 27 44 23 35 14 39 29 30 43 9 43 12 39 25 17 16 34 15 26 0 24 15 45 16 10 46 32 35 0 46 1 34 18 28 33 36 31 2 23 5 25 24 13 31 2 31 45 36 37 16 41 19 25 9 8 23 22 26 43 49 40 48 26 16 31 18 21 18 22 8 29 38 37 7 6 14 40 1 44 11 6 49 11 40 31 46 7 20 35 42 32 21 47 2 23 24 18 12 25 19 6 47 41 39 1 23 1 36 10 12 11 45 24 27 11 30 28 4 12 47 8 36 41 35 2 10 3 38 9 4 16 0 17 40 3 11 19 16 
45 5 41 30 29 22 39 45 4 19 10 42 15 45 28 44 30 2 29 40 42 9 49 16 30 42 14 7 23 14 35 1 19 13 2 12 34 12 45 23 31 0 6 19 42 48 12 42 13 17 21 35 1 48 29 20 13 20 6 20 41 42 5 43 44 46 1 49 1 19 28 39 23 10 28 42 47 37 38 46 47 22 43 6 5 47 9 22 10 22 9 40 12 11 4 2 10 31 13 48 50 33 45 8 13 32 26 41 33 48 48 20 41 37 11 2 4 14 1 16 14 11 16 40 2 34 0 16 44 29 1 18 7 0 5 19 23 36 2 9 40 
31 24 8 43 44 28 0 48 4 9 28 37 9 12 15 5 48 16 17 29 27 3 28 8 19 39 48 40 32 47 0 24 31 11 0 31 25 11 20 10 34 45 34 5 34 38 32 1 13 7 33 4 39 10 37 9 0 41 26 27 11 28 15 39 4 44 20 18 32 48 10 0 44 0 23 31 38 46 11 16 42 18 46 30 35 17 24 13 46 0 12 16 6 36 16 26 11 0 40 40 40 20 18 29 28 35 25 7 25 25 36 47 33 41 18 43 27 8 10 28 11 31 42 0 39 19 22 5 1 43 38 41 28 48 20 9 26 41 49 15 
25 0 28 2 34 5 0 40 3 26 33 36 40 44 37 3 6 38 20 39 10 31 12 49 48 38 50 15 33 42 27 26 39 13 13 7 16 42 33 27 5 16 32 35 11 34 1 47 22 22 31 45 16 30 42 29 42 31 15 34 12 32 4 46 44 1 17 10 26 47 41 26 6 4 29 47 5 43 23 37 10 11 22 26 47 30 17 5 23 24 22 6 31 1 12 8 24 41 25 29 48 48 25 25 33 1 37 49 6 24 11 6 2 26 40 3 44 24 37 50 50 5 4 28 50 2 25 24 49 39 21 21 34 23 29 42 32 48 20 
35 48 23 32 32 41 34 22 12 40 35 43 31 46 15 10 21 26 24 43 27 2 48 36 21 21 36 12 36 1 31 49 13 28 44 40 34 36 47 19 48 33 21 29 27 27 19 0 47 43 20 16 4 24 23 13 0 43 31 24 23 27 27 45 21 3 0 11 43 15 12 18 47 23 20 0 29 47 7 16 32 31 50 40 35 28 26 15 6 22 8 44 10 33 47 11 13 1 3 11 26 1 22 49 45 9 6 18 21 49 44 33 15 15 28 7 35 30 40 20 37 35 39 24 2 48 32 0 12 6 47 12 28 6 48 3 8 27 
31 0 22 18 7 8 30 22 32 13 0 40 24 4 24 41 29 18 1 48 6 19 32 37 42 10 16 18 14 4 31 11 46 35 49 12 31 18 4 8 18 12 46 29 15 50 2 30 15 2 30 29 42 12 24 34 24 39 40 9 42 13 44 8 43 5 39 29 29 5 20 19 3 4 21 44 41 9 4 36 45 22 27 36 23 9 39 18 9 15 0 17 24 36 47 37 32 10 3 10 0 38 31 10 38 9 9 11 15 26 34 30 17 2 26 26 11 11 16 49 0 47 12 22 27 44 12 16 0 12 19 20 29 44 26 40 5 
1 25 36 4 30 4 22 42 20 24 45 31 23 25 23 1 23 34 31 35 23 39 49 45 45 34 26 16 34 11 45 26 12 41 38 20 35 44 34 45 38 10 43 46 23 49 31 42 14 26 4 40 36 45 49 15 48 27 46 15 30 45 19 13 41 44 22 31 35 4 49 28 14 42 0 4 35 20 19 11 46 0 4 45 23 25 50 17 50 5 38 29 9 36 15 44 0 9 0 8 43 5 14 44 6 33 8 24 10 31 28 20 4 31 24 39 9 47 35 5 19 39 0 15 39 32 45 44 10 10 3 33 10 13 31 32 
15 38 32 49 21 29 21 3 30 49 44 21 11 14 16 27 38 46 28 27 33 43 11 7 49 44 28 48 27 6 48 37 15 44 22 1 29 2 18 2 29 22 25 48 22 4 23 26 10 20 1 25 40 37 30 11 20 0 0 5 14 42 36 9 23 24 19 43 18 9 19 19 16 6 0 30 39 44 41 44 41 30 18 46 13 27 37 13 25 28 33 16 4 44 23 12 17 29 11 44 35 15 44 43 37 43 23 1 31 48 29 37 46 41 11 0 17 49 44 9 30 43 47 6 1 44 48 6 26 47 6 1 23 14 2 
45 29 0 42 2 17 39 3 32 33 2 10 17 40 35 3 11 15 28 35 9 37 48 45 24 24 13 1 22 37 38 38 38 33 37 42 6 30 42 15 43 16 40 43 47 20 23 2 32 1 46 45 17 45 4 30 44 4 12 45 48 19 35 2 32 0 39 26 38 41 10 20 30 6 33 35 1 26 45 6 15 31 9 35 33 47 48 18 50 5 19 42 11 41 9 40 25 3 27 28 19 30 22 2 34 23 46 21 24 22 0 18 39 44 35 28 8 49 47 4 19 5 35 31 4 12 37 11 45 17 39 47 9 44 
44 2 31 36 28 21 3 22 38 8 26 19 45 19 48 40 24 24 21 30 1 17 10 20 11 45 1 15 40 11 29 21 0 20 17 35 32 25 0 23 31 32 5 40 50 7 8 27 19 4 44 0 41 0 0 19 23 44 6 48 42 18 24 2 21 40 30 0 49 27 16 49 9 49 36 37 6 43 29 43 3 27 11 39 30 18 19 41 13 41 17 5 9 2 12 41 30 5 33 9 7 33 44 1 16 20 50 20 41 33 49 9 12 21 36 39 43 4 38 32 38 17 12 34 11 27 17 15 0 6 38 4 47 
25 20 18 5 39 29 40 48 25 33 11 27 42 31 12 36 11 34 3 12 42 11 14 32 23 42 43 11 17 1 5 41 18 13 35 30 8 23 24 29 43 24 35 10 23 35 44 11 23 17 40 12 2 6 22 1 30 27 30 2 44 47 21 9 9 42 48 17 49 43 30 16 2 33 26 36 41 48 25 35 19 0 37 49 40 24 44 32 32 8 0 1 22 22 46 31 50 3 29 18 5 47 29 12 29 39 32 10 44 48 44 30 20 20 7 34 30 31 23 12 19 21 3 16 35 20 33 29 11 37 11 41 
27 5 0 17 1 22 41 42 10 1 24 45 0 16 34 28 0 15 21 10 26 8 0 37 23 0 12 14 27 0 13 30 41 39 48 2 2 10 46 30 18 14 49 49 19 2 23 31 12 17 12 47 47 0 48 10 7 38 5 12 29 29 22 44 19 24 16 43 4 16 7 5 38 5 20 22 8 40 48 50 42 1 24 20 37 6 47 6 18 0 11 0 10 6 37 19 25 30 31 35 39 33 35 1 40 12 19 3 34 44 14 13 16 47 29 45 25 21 11 45 34 3 20 29 20 1 11 49 4 45 30 
23 11 18 25 30 28 36 37 27 17 7 13 20 7 47 25 45 27 21 49 21 17 13 5 37 0 23 3 13 5 44 39 3 18 44 22 16 34 0 22 43 19 16 10 13 20 44 20 19 15 24 14 26 16 22 33 45 46 20 33 30 46 15 19 18 31 19 14 5 32 44 29 14 0 43 26 49 42 25 48 0 38 30 37 20 19 10 12 23 10 42 33 38 14 4 29 38 44 44 27 27 32 29 2 33 30 17 24 26 16 49 45 11 49 2 42 0 10 28 8 47 47 9 24 22 49 12 5 47 50 
0 32 33 26 43 1 0 7 29 23 34 38 36 21 50 22 29 12 12 44 32 0 1 31 26 24 2 33 47 34 0 14 11 30 29 18 35 12 4 2 18 8 21 27 34 8 48 2 0 9 49 20 38 31 5 23 33 30 32 33 45 40 20 24 1 16 45 16 32 0 37 15 33 44 39 32 45 24 48 20 3 42 8 2 45 48 46 16 46 0 50 29 39 31 11 7 1 37 43 38 34 14 27 31 30 8 43 46 48 27 31 40 18 29 42 18 7 38 0 13 4 37 35 22 45 5 14 6 25 
33 11 1 7 33 16 11 1 43 42 0 0 9 50 2 21 7 44 43 15 7 16 32 46 39 33 41 11 8 6 27 43 18 0 11 10 28 39 35 23 32 12 23 18 43 15 13 8 3 42 7 0 47 13 9 39 29 12 34 50 1 50 8 47 43 0 42 13 48 40 0 5 18 50 24 38 19 3 42 24 30 27 43 15 5 36 25 46 4 22 39 18 42 37 28 9 41 33 13 18 17 44 9 4 33 39 30 20 28 15 23 0 12 35 6 41 6 14 21 43 39 7 4 17 18 43 19 43 
25 49 5 34 36 33 41 21 44 23 4 28 45 46 17 6 31 40 41 47 24 39 47 10 35 12 34 38 44 11 20 45 47 44 0 45 49 15 0 32 13 13 26 34 50 23 5 27 36 31 1 26 10 46 47 46 35 43 45 29 2 47 40 27 18 12 10 15 16 21 48 1 35 8 45 25 4 42 7 12 0 10 43 15 10 16 35 45 44 14 17 6 16 5 0 49 43 39 33 24 14 19 9 15 26 42 45 20 14 30 3 22 15 24 2 16 0 38 27 45 47 19 38 41 4 33 12 
41 15 36 38 19 0 30 13 10 1 35 8 28 0 47 36 5 13 48 39 14 1 39 11 46 45 16 38 40 0 42 0 37 0 5 46 18 14 42 12 30 45 39 31 23 6 21 43 41 45 44 5 48 23 45 36 35 24 43 39 2 18 8 37 12 33 50 15 45 22 41 44 43 27 28 28 19 10 24 26 33 44 28 28 39 29 33 47 41 9 20 0 2 10 30 3 50 40 14 37 13 49 36 3 22 6 25 4 40 6 24 29 16 19 37 43 17 0 24 6 13 38 40 19 30 4 
24 35 25 36 27 39 44 33 33 46 30 19 34 16 7 17 34 21 23 2 3 8 48 11 23 29 0 30 23 34 44 24 46 29 32 0 7 19 28 34 31 8 44 43 17 32 43 6 26 29 17 42 0 25 22 23 43 48 38 17 27 12 14 4 13 30 12 23 42 35 15 26 2 48 20 0 4 46 39 27 19 24 28 49 20 31 38 25 30 47 27 12 19 49 48 38 23 47 25 12 18 17 24 7 43 15 17 6 8 2 15 42 48 12 19 0 5 35 34 37 21 4 18 19 43 
29 7 39 27 40 32 31 27 15 48 19 21 40 24 23 39 39 29 11 25 33 39 39 5 17 38 39 49 40 2 3 18 6 48 42 47 14 16 45 25 29 47 32 20 40 3 29 42 26 21 49 37 4 10 31 49 23 5 27 31 38 28 50 50 18 0 45 41 0 4 46 9 6 41 2 3 46 15 7 6 11 20 6 18 14 7 0 47 34 15 1 14 8 12 9 13 0 39 17 15 12 3 0 9 8 18 22 23 24 41 8 2 44 36 16 20 42 29 20 45 24 18 34 49 
14 37 9 27 25 9 8 32 48 7 31 41 37 22 0 29 0 1 20 13 41 5 18 10 4 36 35 19 33 39 46 2 27 0 5 33 21 30 26 22 37 32 21 27 5 36 13 44 22 46 10 21 45 18 2 11 0 49 0 33 6 24 36 32 14 45 18 5 10 45 11 42 12 29 9 15 35 42 31 28 27 45 32 35 47 13 13 15 7 25 5 34 8 3 10 0 50 9 21 32 1 25 24 27 19 19 0 40 24 50 23 16 32 21 14 47 49 50 37 50 43 6 18 
20 37 49 15 11 37 33 9 42 37 45 45 38 48 47 25 20 36 25 21 36 48 14 33 19 27 45 48 4 37 35 45 29 5 28 15 14 35 36 34 3 29 5 27 23 38 18 23 23 42 45 45 4 50 25 47 21 50 35 46 27 32 29 42 11 1 28 37 21 45 30 29 16 0 23 46 7 28 8 43 19 16 20 0 4 31 33 8 50 47 47 31 23 24 12 2 16 1 6 4 21 18 14 18 15 4 25 40 34 19 32 32 7 44 23 32 42 33 10 15 18 24 
20 29 0 42 11 25 20 31 26 16 27 42 35 38 40 46 5 20 22 33 23 0 47 23 40 30 27 4 47 27 9 27 14 28 31 36 23 48 24 47 18 1 32 29 19 0 45 0 32 10 47 16 37 27 16 7 25 22 41 19 26 43 7 8 15 24 16 11 23 15 18 11 50 5 41 32 11 50 30 22 25 43 35 34 32 25 11 31 43 22 27 27 4 48 30 46 39 4 42 13 11 45 32 24 12 30 17 34 45 31 25 13 32 15 43 47 25 18 42 13 42 
0 12 22 14 35 11 16 39 40 43 37 40 18 20 27 42 34 50 34 28 3 32 33 21 34 3 43 16 13 1 49 30 22 13 30 45 33 24 48 44 1 35 10 45 21 44 43 2 35 37 22 35 44 16 27 26 48 2 41 5 5 41 14 41 17 49 26 50 6 43 50 9 0 20 0 40 0 11 0 15 46 27 0 31 21 21 36 11 20 0 9 46 17 22 41 18 5 30 19 7 0 10 23 50 48 28 12 10 14 27 0 4 0 35 19 19 43 25 49 19 
50 9 50 21 38 4 16 24 45 15 7 20 44 43 43 27 25 16 4 3 44 16 41 30 33 28 22 23 21 13 11 16 27 21 43 8 35 33 29 2 11 1 5 46 28 30 48 38 28 7 42 30 21 30 0 24 24 18 17 34 32 2 49 14 34 33 20 31 8 13 19 16 23 5 46 14 35 37 40 29 12 19 19 37 32 27 4 47 10 26 42 40 39 26 46 14 37 20 41 30 34 4 20 0 30 2 16 5 32 33 33 39 50 24 10 26 20 36 27 
0 27 13 1 34 0 34 49 2 15 7 37 33 36 35 27 6 2 0 29 0 0 48 29 3 14 49 14 5 46 23 38 28 36 0 0 7 11 24 13 24 35 48 31 50 3 24 39 0 4 18 16 17 5 28 36 0 44 4 49 25 48 12 47 36 1 39 47 27 20 16 50 37 17 36 13 41 31 17 13 4 19 27 40 3 42 30 31 6 8 2 9 13 43 15 34 20 44 17 0 10 30 49 26 49 45 19 30 36 16 36 41 38 43 10 39 49 0 
39 45 29 14 18 24 34 41 40 15 38 11 28 33 12 41 0 50 44 1 50 5 32 15 0 47 5 37 46 26 33 19 17 11 25 14 8 46 32 41 28 10 31 40 36 23 11 4 41 42 37 21 19 6 6 8 23 3 39 50 33 24 32 13 33 4 35 2 13 1 29 36 19 15 45 35 18 0 0 25 40 48 18 0 36 39 26 47 12 3 0 10 10 21 35 0 0 47 50 15 37 8 42 27 0 50 33 26 0 31 42 28 47 37 27 37 6 
9 13 0 14 24 42 11 26 39 26 35 9 34 3 18 16 37 49 48 50 26 25 45 9 5 16 13 45 35 11 6 15 43 37 21 11 42 0 41 12 39 50 15 2 9 14 47 28 9 36 38 20 16 9 6 5 19 4 27 18 0 14 4 42 23 33 21 47 30 28 46 17 26 16 17 36 23 31 31 31 0 23 28 0 41 33 23 30 26 3 36 29 23 10 18 3 48 8 28 21 6 34 33 29 16 24 40 21 15 4 33 36 1 46 41 15 
28 45 36 21 43 28 2 34 7 6 44 49 7 43 20 49 16 41 19 31 14 21 34 21 25 30 17 17 46 19 30 19 38 10 5 17 10 47 14 9 14 36 49 7 2 45 14 25 29 5 12 20 31 0 10 4 23 7 12 21 40 12 30 49 31 49 16 6 1 13 35 36 18 0 35 27 21 14 49 23 8 9 27 21 23 11 38 32 26 35 34 25 39 5 42 7 36 6 42 47 37 43 30 44 4 10 26 18 37 32 29 27 39 17 7 
27 30 15 21 5 0 9 39 28 3 42 35 22 3 3 1 36 29 46 28 21 21 45 48 39 7 28 23 8 38 35 22 3 15 23 31 32 21 49 39 35 46 41 22 20 30 4 14 5 6 18 8 2 19 23 22 0 0 23 49 39 16 48 3 48 7 0 27 21 24 7 38 4 34 40 4 13 18 25 25 2 30 19 23 46 26 20 0 47 24 38 33 38 37 48 30 50 26 20 17 30 48 29 39 16 42 29 8 0 17 11 9 43 37 
5 2 8 7 17 17 0 3 46 6 22 5 13 0 18 14 25 17 8 0 48 34 36 1 10 23 34 50 38 40 0 30 35 20 11 20 26 19 26 16 17 9 18 19 11 50 23 22 37 38 35 47 49 39 5 10 7 26 50 18 11 14 4 32 43 13 39 41 0 36 10 29 23 43 2 50 6 37 5 19 2 41 42 37 0 26 16 49 3 29 13 32 0 11 25 47 33 20 21 0 45 2 19 17 39 5 27 20 49 38 25 26 43 
5 40 0 16 6 31 46 24 39 26 27 33 23 21 45 36 43 43 31 36 0 29 15 37 2 40 33 9 23 19 29 15 13 49 22 24 49 39 35 40 8 19 0 29 26 1 21 33 9 1 25 48 36 34 33 45 23 3 39 40 2 7 44 28 10 49 48 0 3 21 1 38 1 24 1 26 2 21 18 15 36 10 0 0 25 15 27 31 17 14 39 4 37 0 32 13 17 45 37 14 12 42 21 39 28 31 0 6 25 8 49 30 
47 38 20 42 31 18 44 15 27 24 6 9 36 9 10 46 32 23 48 30 22 45 28 37 10 24 37 9 23 38 32 29 13 22 42 36 8 6 29 9 16 22 16 13 31 16 50 36 25 49 34 50 44 42 12 7 16 32 2 4 28 41 41 11 13 0 45 0 13 30 50 7 1 28 9 45 6 20 45 7 19 7 11 32 46 46 31 6 25 21 41 7 46 35 7 38 38 33 24 47 48 27 38 46 4 25 10 37 47 46 44 
49 31 39 33 14 7 32 33 3 8 45 24 46 44 41 39 29 13 34 0 44 4 44 42 0 22 7 24 25 8 19 20 8 0 33 17 30 8 27 2 13 36 38 26 36 35 11 35 13 21 0 9 15 0 29 50 19 31 42 5 12 40 40 46 45 10 43 23 12 13 4 4 50 12 16 19 5 21 23 39 47 17 16 45 26 26 0 31 49 48 5 21 2 21 46 47 1 34 18 17 9 19 37 36 22 23 0 9 19 21 
44 11 17 14 31 11 45 39 7 27 0 45 14 32 36 26 39 42 3 3 14 8 25 11 17 25 16 28 12 47 14 27 5 43 33 27 2 21 46 18 1 0 47 29 39 27 6 43 12 20 43 24 11 15 28 13 34 37 30 42 31 27 0 31 4 23 26 47 7 0 43 19 16 46 9 44 14 39 34 3 28 29 7 9 0 48 37 33 50 0 14 34 42 7 43 33 13 2 22 47 36 3 15 50 44 13 1 10 27 
38 4 28 8 11 0 43 48 25 21 49 9 23 22 8 40 19 49 26 49 27 0 28 48 47 7 11 18 5 17 50 1 16 20 50 0 20 34 8 31 11 30 5 37 5 45 36 19 9 21 8 32 36 3 30 29 45 23 22 12 27 21 7 21 24 29 35 37 7 45 35 34 32 29 25 15 5 28 3 0 11 29 16 38 3 48 26 7 12 41 34 18 8 40 38 39 43 44 27 47 29 9 13 29 6 31 15 47 
9 26 21 9 36 1 42 36 12 44 4 28 0 29 8 47 28 50 2 22 15 13 44 44 0 22 34 21 16 23 6 14 1 0 41 40 22 14 22 20 5 27 29 30 3 27 6 45 39 17 32 36 48 11 10 19 48 2 24 20 45 31 1 3 20 24 42 21 37 5 6 27 38 50 19 44 41 26 23 37 19 38 39 30 26 41 33 19 31 7 34 11 43 3 16 36 7 42 50 25 29 1 1 15 44 46 15 
24 25 16 2 1 22 22 11 38 16 14 7 17 3 7 50 17 10 7 4 0 30 35 34 32 7 2 43 13 12 26 32 8 48 45 39 6 18 32 38 39 13 18 15 20 5 0 18 14 21 8 43 3 35 26 12 19 42 18 45 20 10 43 0 28 42 24 45 19 24 22 31 42 31 31 18 2 21 38 43 22 49 12 8 26 17 4 39 46 20 43 19 42 40 7 29 18 29 49 32 50 23 0 0 15 32 
29 44 25 4 11 45 22 2 31 47 7 41 41 16 43 50 9 31 32 35 40 31 2 28 39 40 2 29 2 6 10 13 27 34 31 47 5 47 31 42 28 35 36 13 36 36 45 28 9 30 7 18 34 0 11 14 14 28 6 42 15 0 4 20 48 21 3 14 1 7 1 20 13 50 4 10 10 24 1 18 6 46 0 32 45 43 35 11 2 34 33 33 19 0 11 25 21 11 29 39 44 2 45 48 34 
16 25 5 25 38 33 15 13 30 44 15 22 7 2 25 38 19 4 41 35 39 47 19 18 33 32 13 12 38 25 26 21 17 35 2 2 2 20 3 14 6 14 47 48 17 2 7 0 41 7 37 38 27 16 39 26 49 21 17 30 18 6 31 23 37 43 26 6 13 47 21 35 11 19 37 7 16 0 23 10 28 11 45 26 37 8 47 28 27 37 14 48 45 50 35 29 12 36 5 1 13 0 34 0 
5 17 8 8 36 42 27 4 12 12 3 11 50 5 27 38 45 0 20 0 10 44 36 4 6 14 23 50 40 34 24 42 10 41 34 37 34 31 22 38 11 6 4 40 35 12 30 30 31 48 0 20 44 33 42 14 13 21 10 48 0 29 7 28 20 20 5 13 24 50 45 9 38 27 39 41 27 0 41 40 39 32 38 24 40 11 45 42 21 21 42 41 12 36 43 1 7 36 32 45 33 31 10 
44 47 11 24 38 43 4 12 30 39 0 8 23 23 18 1 9 48 31 43 36 22 33 25 37 23 20 24 2 35 26 21 24 1 37 26 37 28 45 27 25 3 47 49 24 26 25 17 31 7 10 2 50 13 48 39 0 14 38 26 15 5 6 35 14 50 29 0 7 43 6 11 42 23 35 19 28 42 30 15 38 22 48 14 30 13 26 22 32 18 26 46 42 38 35 2 33 0 4 23 3 33 
14 42 25 45 43 17 29 20 29 29 17 50 45 11 33 3 17 39 42 47 19 28 39 43 20 4 18 2 7 36 50 41 1 42 43 0 47 18 38 0 44 27 24 29 8 17 0 35 43 45 14 30 50 47 25 28 46 20 18 14 9 24 12 3 7 30 7 39 47 6 6 35 43 40 31 32 5 25 36 17 30 27 8 36 21 42 37 13 8 41 47 33 45 23 28 14 26 6 2 18 26 
10 2 23 2 47 18 17 34 12 11 32 38 32 23 1 37 33 28 49 2 11 25 26 45 40 31 14 32 30 28 4 35 9 6 37 15 2 9 25 47 23 9 21 43 26 19 30 9 32 7 19 17 12 39 29 30 16 23 24 15 44 19 20 0 41 46 18 49 16 21 13 0 46 35 50 7 27 10 27 24 21 30 10 43 41 45 49 29 22 9 50 23 8 7 44 7 30 39 18 40 
0 34 45 38 49 42 37 29 22 41 17 23 24 18 7 25 12 1 31 28 44 4 41 23 42 23 31 50 47 11 32 38 9 36 19 25 11 46 21 11 32 34 18 9 25 42 42 46 6 40 13 32 18 29 14 37 49 49 13 12 37 34 3 38 31 32 43 41 17 7 30 3 27 23 17 8 49 28 43 0 9 16 25 49 42 14 40 5 9 37 43 32 10 12 36 29 18 29 9 
17 43 6 2 28 3 9 2 21 39 12 43 26 29 47 45 10 39 33 39 16 28 0 30 46 25 32 40 47 48 47 9 17 16 7 50 33 16 40 31 44 17 5 40 7 9 28 21 47 9 16 37 46 17 2 2 48 21 3 30 23 35 39 49 34 48 20 32 4 21 28 24 19 33 17 7 7 26 39 2 2 22 32 29 9 46 41 19 17 44 32 47 27 36 50 1 44 50 
11 3 32 21 33 41 46 41 18 26 32 24 30 5 12 46 1 20 27 45 14 27 11 18 7 50 42 13 23 0 37 29 1 43 23 10 0 0 47 11 44 46 31 43 46 34 1 26 15 50 6 48 21 44 46 30 49 18 22 26 4 28 0 12 11 11 12 42 23 49 21 29 43 31 11 18 23 4 12 0 11 7 32 43 24 34 41 29 3 28 34 10 43 20 48 42 20 
49 37 40 20 32 42 38 21 32 20 0 41 12 11 22 38 34 29 38 24 0 14 13 43 45 5 20 36 44 49 7 38 4 43 20 28 1 46 43 18 38 23 37 33 2 45 31 24 4 28 11 3 32 30 0 34 26 23 46 26 2 6 47 36 25 11 16 15 25 17 20 4 12 4 2 45 43 3 12 44 4 49 8 25 14 3 28 0 2 4 14 31 13 4 42 49 
21 23 0 5 40 46 3 27 47 44 42 0 45 11 14 43 34 4 31 14 5 10 48 28 17 39 8 39 1 12 25 31 17 33 8 21 13 7 7 47 14 5 48 31 20 50 2 40 5 5 30 39 6 48 37 24 40 11 9 33 20 35 20 15 10 29 0 37 18 3 29 28 38 12 12 6 17 39 31 12 21 32 19 8 9 1 26 18 43 8 28 19 9 18 0 
0 11 21 16 27 50 0 44 7 40 48 17 50 36 45 34 41 43 34 13 43 3 12 20 13 48 49 43 3 18 45 28 28 9 48 0 8 15 44 24 18 27 11 40 19 30 29 14 40 45 21 34 9 12 5 39 37 34 37 28 13 12 35 36 8 9 16 20 6 44 34 3 45 48 15 9 22 43 25 33 15 50 27 26 6 23 16 23 20 0 10 40 8 21 
3 30 17 32 5 26 7 34 46 26 37 44 17 32 23 25 8 30 23 5 50 0 40 16 23 9 26 21 41 10 49 47 16 31 30 17 18 20 17 11 22 12 49 13 28 35 22 0 6 31 1 0 29 23 40 9 34 26 38 47 34 20 49 8 43 42 37 10 35 41 27 38 36 31 41 11 6 11 8 20 5 11 3 43 12 29 48 26 26 25 46 46 4 
38 40 23 22 3 20 8 3 21 19 20 45 3 6 45 32 37 5 43 27 29 42 32 0 40 40 17 43 12 4 1 20 10 15 0 32 49 0 5 11 6 1 17 18 19 0 11 19 49 7 16 20 23 19 35 12 45 31 50 46 25 13 45 21 39 35 32 28 15 17 30 25 0 4 13 27 22 21 16 1 23 25 47 0 34 17 19 24 46 21 15 8 
9 6 1 45 30 6 0 45 3 34 35 5 41 22 17 0 45 3 21 7 41 1 47 22 19 32 35 34 19 46 0 30 41 0 28 43 15 48 9 36 45 22 37 6 14 30 40 27 6 0 10 6 44 19 34 44 14 1 50 5 21 41 35 49 41 4 40 39 46 50 16 5 22 14 5 44 24 10 12 34 33 45 15 12 15 32 15 8 33 3 1 
21 9 26 18 47 2 2 46 39 30 0 25 27 41 13 36 38 33 34 45 7 9 12 23 31 14 4 40 33 5 24 10 30 27 0 48 37 37 22 2 29 14 40 8 37 4 32 5 37 30 44 15 41 13 35 0 33 34 37 18 12 6 3 6 12 5 43 33 18 5 0 33 21 28 24 6 22 42 40 31 0 28 40 25 26 7 21 30 16 17 
43 31 35 35 1 11 5 4 24 40 14 9 38 25 44 14 50 28 31 2 29 25 14 23 15 35 15 29 17 16 43 25 38 12 45 15 2 38 47 30 6 23 50 50 8 19 28 16 17 4 1 18 25 50 47 33 43 42 43 1 27 17 14 39 22 25 11 14 23 41 19 28 27 17 44 41 50 49 34 17 37 20 18 16 29 19 22 23 31 
48 21 43 24 23 0 7 47 14 32 15 9 43 31 44 9 50 41 33 46 26 25 34 22 2 29 1 12 13 25 28 45 8 40 1 43 29 46 0 20 49 2 26 8 11 31 34 3 7 9 38 47 46 42 45 23 10 15 48 25 3 40 22 37 0 46 30 44 47 5 50 34 32 0 40 47 46 17 29 42 25 41 46 32 14 11 32 40 
0 22 9 9 35 19 47 0 24 38 41 26 16 33 19 30 21 24 2 15 34 29 32 44 30 48 35 45 41 7 21 28 20 18 10 40 42 50 15 12 38 15 2 40 21 38 28 8 50 34 24 45 19 36 19 13 24 26 2 7 4 48 11 29 50 28 10 11 22 18 39 41 38 4 1 38 13 38 4 2 5 10 30 29 6 6 20 
25 0 12 36 31 22 6 33 31 40 24 6 43 8 33 2 49 50 6 30 4 36 45 0 8 26 34 37 8 24 15 6 46 37 43 18 39 48 41 13 39 11 27 3 4 0 41 44 29 10 41 45 11 7 9 7 26 50 31 48 37 43 45 21 49 38 36 35 32 37 36 30 27 8 10 19 32 19 8 47 31 8 40 36 31 15 
15 49 9 12 35 11 28 11 26 42 21 14 50 9 25 26 39 50 9 9 34 16 30 41 27 40 27 38 0 8 32 41 45 9 17 24 9 45 50 47 9 0 5 37 19 24 26 24 29 11 11 11 14 11 22 2 4 45 38 28 0 4 12 27 43 37 36 25 14 19 27 36 28 30 39 31 36 38 38 39 48 16 17 33 26 
15 8 11 24 38 36 8 17 16 41 15 31 24 7 35 13 21 46 0 5 12 27 31 26 8 42 44 4 27 10 43 45 47 4 11 30 11 41 42 32 34 40 48 45 5 50 28 36 19 0 34 46 0 5 16 50 43 6 39 48 43 15 2 20 25 20 21 45 6 24 45 32 9 0 49 17 32 18 33 50 8 14 44 11 
4 44 50 33 28 41 13 14 8 38 30 41 5 18 22 10 23 49 19 31 32 6 21 18 49 35 42 36 1 1 3 37 30 3 0 28 17 22 34 37 30 47 41 25 0 18 39 41 34 50 0 16 18 44 27 20 0 25 12 33 8 41 38 49 11 3 2 4 50 43 35 22 40 8 5 8 36 24 17 35 35 14 34 
18 43 48 11 33 49 9 49 50 17 0 11 41 39 6 9 5 46 5 4 18 25 3 20 46 28 19 12 26 40 17 24 23 13 42 27 45 5 49 25 4 43 9 5 34 6 40 31 18 14 37 1 22 19 17 16 42 49 3 10 34 43 9 2 32 7 21 36 22 11 29 24 29 49 12 11 19 27 37 49 22 27 
40 27 28 42 30 15 7 23 4 0 27 8 12 25 40 22 22 33 5 43 1 24 16 20 13 48 44 42 42 0 19 45 24 36 35 49 20 29 49 37 9 1 30 20 7 35 34 30 8 49 38 36 37 15 8 18 16 7 42 6 39 9 50 26 5 24 37 10 40 14 28 7 35 32 33 19 31 8 17 45 29 
50 15 32 48 47 40 41 42 7 30 46 38 11 22 0 13 39 14 0 50 4 48 44 36 35 46 21 29 44 20 2 28 43 30 34 45 3 31 13 14 5 0 35 22 13 36 15 43 49 8 1 7 5 34 0 7 11 21 9 49 3 24 40 46 36 37 29 31 25 15 8 13 12 6 30 21 27 27 26 29 
41 11 15 21 0 1 12 5 23 48 28 6 13 5 50 21 3 15 18 34 50 45 40 1 49 11 40 49 15 48 16 5 19 26 29 50 7 1 5 23 2 32 32 25 12 24 22 18 47 48 14 8 0 38 10 27 23 42 3 38 49 8 10 38 35 1 8 3 49 6 33 49 26 48 37 4 44 24 28 
20 40 40 44 35 45 7 22 12 1 31 37 0 48 33 11 0 30 22 36 5 0 33 39 4 25 16 39 33 17 44 25 45 40 19 38 44 28 37 31 40 15 27 5 26 8 50 43 37 47 35 21 17 17 46 7 25 8 47 27 49 48 45 0 22 24 19 32 42 19 0 22 34 4 50 12 19 18 
4 3 45 3 38 22 34 36 46 34 34 14 34 16 3 21 19 15 48 37 45 47 32 23 19 41 23 46 38 50 17 26 12 28 37 42 34 13 39 22 0 26 32 40 5 16 33 1 35 4 35 32 19 24 20 9 28 14 49 24 26 33 34 32 25 4 20 35 17 8 11 24 8 37 2 35 43 
41 31 26 44 39 26 18 7 13 8 13 47 10 25 20 26 31 13 0 45 33 45 26 13 16 6 48 37 13 33 29 6 22 21 31 49 50 18 10 37 38 2 21 23 36 12 5 28 47 32 3 1 26 40 13 2 28 20 12 8 44 27 16 1 44 29 2 47 9 2 47 33 17 41 35 1 
30 8 22 10 40 15 7 20 14 17 23 6 22 2 18 28 14 12 45 5 23 19 45 28 21 50 3 47 47 9 43 35 41 32 30 18 24 29 12 5 41 13 40 44 40 14 48 16 13 19 37 35 41 21 42 5 21 11 47 15 7 34 23 14 4 0 8 43 0 17 18 27 16 6 0 
10 47 39 40 21 29 19 27 17 2 18 28 1 41 6 27 50 9 25 47 41 7 28 37 38 22 21 41 50 48 20 30 22 0 29 18 21 32 23 33 28 19 22 1 1 21 7 44 10 23 32 47 29 38 13 20 23 42 11 35 33 49 3 35 40 48 12 2 1 0 40 40 46 39 
30 6 24 1 1 42 7 20 49 29 17 34 24 26 19 5 0 4 19 5 41 2 42 14 25 32 30 12 14 16 3 42 50 31 14 45 29 26 38 11 47 22 5 16 7 44 38 3 7 44 45 0 4 36 46 5 16 33 9 30 36 46 37 24 6 19 48 5 27 34 14 16 40 
31 32 18 29 47 41 46 39 1 28 20 6 9 20 49 23 10 19 16 17 46 46 12 28 48 45 14 44 10 45 31 40 26 43 3 14 0 4 43 17 31 45 22 23 4 41 16 20 15 40 40 23 41 37 17 4 3 24 17 29 23 42 16 40 4 15 22 18 12 10 3 34 
38 28 18 27 47 49 6 25 33 15 31 21 30 46 3 33 22 40 38 34 13 22 48 28 35 23 9 18 14 32 10 46 11 0 23 42 37 42 5 7 38 41 23 0 4 25 50 26 1 0 31 30 14 9 28 2 3 11 28 31 32 0 8 4 46 38 47 42 7 25 25 
23 18 15 34 26 18 14 48 15 48 30 5 2 15 12 8 40 11 2 6 50 47 42 19 0 4 6 10 41 45 32 46 23 20 30 12 2 1 0 10 12 6 19 1 8 33 39 26 33 37 15 38 24 43 25 16 36 21 30 15 27 30 29 27 35 32 47 25 35 26 
37 39 19 47 44 44 49 40 41 9 35 12 23 20 33 43 3 16 1 38 25 47 22 48 18 38 49 47 14 23 5 18 42 49 2 48 42 28 14 50 46 37 2 32 15 43 7 15 8 0 11 33 31 38 39 11 27 0 7 47 14 23 17 16 18 46 38 2 14 
39 47 50 48 6 5 11 46 32 23 34 30 38 26 48 49 26 30 50 14 1 20 12 42 28 42 38 15 12 7 27 10 16 21 44 28 34 48 3 48 43 7 11 7 45 12 30 36 46 25 32 33 8 10 36 31 25 0 31 21 46 2 48 9 34 0 48 2 
47 0 22 28 30 33 23 37 4 43 3 6 41 33 24 35 44 0 31 48 6 28 39 45 17 49 8 26 37 10 49 38 3 25 40 17 14 29 17 31 12 48 24 32 46 39 5 24 25 24 35 41 23 41 1 17 11 50 37 30 47 7 49 42 10 18 5 
24 42 12 10 13 45 28 37 2 47 24 8 46 19 17 11 13 22 8 9 14 50 46 33 36 11 2 41 34 16 26 18 24 0 7 23 47 48 44 18 36 6 16 18 37 44 7 0 25 46 43 12 15 7 11 34 5 24 15 9 0 11 50 11 3 16 
25 45 11 24 17 45 45 12 26 6 39 17 16 36 4 26 45 16 35 29 33 48 19 49 13 0 24 3 8 45 4 17 32 35 1 8 40 24 50 6 15 5 5 48 50 48 5 47 7 34 33 18 46 22 15 12 15 18 31 18 30 4 12 26 21 
22 32 47 6 40 15 15 29 26 1 3 40 15 0 39 5 42 31 20 30 35 36 45 14 50 9 19 38 50 42 47 33 27 32 18 8 13 0 33 29 22 0 29 35 42 0 12 12 13 46 16 42 23 10 41 31 7 44 38 43 44 25 25 30 
18 1 42 36 22 31 48 4 47 13 32 50 43 8 36 20 32 48 26 25 14 34 11 14 42 40 49 46 12 36 13 17 22 35 32 18 45 8 12 45 38 11 46 48 29 25 37 32 24 43 6 39 18 20 29 25 10 43 41 14 31 29 27 
7 3 22 5 47 0 31 10 22 21 4 12 32 13 18 3 0 8 46 27 26 2 27 41 37 12 38 17 43 16 21 4 40 34 40 18 37 18 43 29 25 31 0 1 21 13 12 9 50 33 47 0 48 50 35 31 0 5 49 39 1 15 
1 34 9 3 23 13 50 1 10 28 49 36 15 41 23 13 27 42 26 32 1 49 11 34 18 5 32 18 30 45 50 12 26 3 19 11 42 34 21 50 9 34 49 9 13 36 22 13 42 42 7 38 41 16 4 19 41 25 7 0 47 
29 19 49 19 49 0 45 49 29 12 2 45 15 28 33 34 49 27 16 42 19 22 50 15 26 17 3 14 6 40 15 35 0 47 38 10 40 19 2 30 39 31 15 11 33 15 41 33 23 12 29 6 4 34 48 11 39 4 15 36 
27 14 40 24 43 1 43 48 18 3 35 24 39 47 20 46 36 10 33 28 8 10 41 21 26 33 39 42 36 2 9 21 44 4 15 33 22 9 16 4 4 48 37 15 34 6 4 7 21 14 37 23 36 25 7 47 20 39 39 
14 27 41 23 30 15 32 19 47 19 43 41 1 23 37 31 17 5 18 43 46 25 50 50 12 50 47 25 45 6 27 9 23 6 16 15 26 46 0 12 27 27 5 40 18 37 17 8 46 15 4 21 34 13 50 7 41 26 
39 11 10 12 49 31 0 34 13 39 41 13 22 25 12 29 41 32 43 6 7 47 34 48 14 32 42 30 29 38 2 2 43 9 35 1 35 40 40 9 38 25 22 50 3 16 30 0 42 0 45 8 14 0 21 35 2 
34 24 28 38 25 34 5 25 16 1 50 33 5 50 48 34 9 18 32 39 18 22 23 22 0 15 23 48 5 7 42 29 26 0 0 9 5 5 26 5 0 7 43 39 3 24 38 19 19 18 22 5 5 12 11 39 
1 22 35 33 26 11 29 7 33 0 3 5 1 49 1 9 14 47 2 15 46 30 19 17 10 17 38 21 46 48 28 42 13 17 3 14 5 7 29 46 13 15 49 33 16 0 32 36 36 8 32 33 12 34 1 
46 50 39 10 40 36 46 33 7 49 32 42 22 4 7 45 26 19 0 16 7 36 10 25 47 27 47 10 19 6 30 0 4 10 39 19 39 6 31 16 3 41 18 24 38 6 17 15 0 0 48 35 16 24 
12 47 32 5 38 46 33 43 38 3 12 6 5 26 42 19 45 1 40 6 50 45 43 49 15 49 0 0 14 8 9 4 44 35 39 32 6 21 21 9 41 17 45 37 41 26 32 30 21 43 14 44 9 
50 37 26 16 28 50 10 14 0 9 31 50 43 0 30 37 48 19 42 23 14 50 35 9 43 28 2 34 2 16 1 28 40 42 43 32 0 35 48 45 31 26 29 38 43 47 13 46 31 47 37 18 
0 27 3 47 13 27 25 49 24 39 25 26 26 11 41 21 41 21 16 2 19 20 21 16 34 9 15 3 25 19 23 48 39 32 28 26 39 15 28 45 38 22 2 47 14 35 27 0 10 27 22 
32 10 27 14 48 47 36 2 24 48 13 21 19 44 37 4 24 48 42 25 6 0 48 28 42 42 3 12 1 40 1 40 36 44 44 23 29 40 46 36 14 6 0 11 0 48 29 17 8 18 
30 0 27 45 28 7 46 3 2 23 25 7 31 27 37 3 3 25 21 13 10 45 27 9 4 40 15 17 0 15 33 43 34 0 20 14 13 41 14 6 30 9 50 31 15 25 31 4 24 
25 0 50 48 15 32 47 19 44 41 26 28 0 17 40 0 28 0 7 34 44 41 33 44 27 33 12 3 18 17 44 46 46 30 34 29 44 1 16 24 44 5 17 36 18 23 28 28 
16 21 1 46 45 41 35 23 18 16 37 10 50 6 3 48 23 13 50 45 46 34 5 46 14 0 36 23 21 11 8 33 50 34 48 23 28 23 10 11 11 27 7 22 18 14 23 
37 39 0 32 14 32 24 29 11 29 49 0 43 23 6 8 44 11 45 30 27 40 48 44 31 32 47 22 46 30 24 13 30 46 35 30 39 4 1 8 8 32 6 31 7 30 
32 28 46 28 39 32 24 45 15 17 30 27 46 0 44 2 0 8 5 33 34 3 3 33 18 22 4 28 12 26 5 14 21 13 42 18 16 26 9 16 11 15 34 37 14 
16 24 4 37 32 0 40 0 34 37 41 19 2 24 43 47 45 39 9 24 16 32 28 32 14 49 35 37 38 2 0 25 27 37 50 13 2 42 4 10 31 28 27 39 
17 43 19 19 26 40 4 49 31 34 47 32 43 25 9 11 25 21 28 11 17 7 5 30 17 18 10 32 34 5 23 47 40 37 21 32 38 6 27 6 35 5 6 
4 21 33 39 36 45 15 28 38 20 10 7 47 29 31 26 39 19 35 29 15 45 6 36 27 32 35 1 40 35 47 40 18 2 9 47 47 17 31 20 7 35 
30 5 6 10 50 35 35 5 34 1 38 18 41 8 48 2 17 40 50 28 16 6 16 34 37 17 27 25 0 1 18 50 22 17 10 29 37 47 8 15 34 
26 13 14 26 1 47 50 9 41 0 29 10 1 42 25 40 27 7 15 4 40 35 25 38 32 11 3 27 32 34 27 16 15 37 26 27 34 50 41 40 
40 36 31 20 50 6 43 14 19 9 48 12 42 36 0 36 2 5 16 17 5 50 31 20 40 5 50 16 20 1 5 48 21 12 19 47 16 33 37 
35 37 6 26 47 8 1 5 25 31 25 33 11 45 38 40 31 49 26 13 40 20 43 45 27 4 7 0 46 11 35 47 50 25 0 28 45 27 
41 21 3 29 45 45 26 23 34 44 23 31 49 35 6 24 16 41 29 17 24 21 33 12 30 45 11 13 41 17 11 12 10 3 40 48 28 
30 41 42 14 17 46 11 42 17 43 45 24 41 14 44 43 9 1 27 20 34 38 43 13 0 14 8 0 16 41 2 40 44 10 11 38 
26 0 29 44 20 43 1 49 12 0 43 8 11 19 37 29 4 0 28 39 3 33 6 45 20 10 33 10 30 34 17 16 38 44 8 
8 48 1 10 19 1 32 44 50 47 47 48 50 13 0 25 30 43 48 17 27 9 45 0 45 5 32 31 1 31 7 31 28 35 
44 13 18 2 23 29 21 2 8 7 45 15 33 0 41 37 38 14 19 40 23 44 5 49 18 16 49 49 28 48 9 44 28 
22 8 19 29 32 48 21 35 19 50 16 45 42 15 24 20 28 31 16 38 17 25 47 39 22 38 5 41 48 4 46 38 
43 42 5 12 19 42 28 50 11 0 28 45 1 0 39 50 6 25 0 12 7 44 28 12 24 26 3 35 1 12 37 
31 5 40 36 50 43 41 47 26 14 20 6 1 12 13 23 3 36 41 21 5 28 35 34 25 46 7 32 27 22 
30 22 39 49 50 12 17 24 6 45 8 31 23 14 23 27 28 3 26 23 25 45 22 19 1 17 29 49 12 
42 15 11 21 29 39 46 29 40 42 17 38 13 20 39 21 50 8 13 35 0 23 39 36 17 33 47 50 
50 5 33 49 31 23 5 48 17 46 29 3 11 44 36 10 32 15 13 0 36 0 34 45 35 43 24 
13 19 26 26 13 0 23 47 48 25 11 0 3 31 34 21 48 0 7 32 27 20 20 32 50 7 
25 40 7 27 29 47 0 15 2 39 22 1 12 47 35 26 13 50 9 21 14 1 12 16 49 
15 30 23 16 21 29 44 18 13 26 16 49 42 26 43 3 38 23 5 31 31 24 27 30 
39 31 9 0 35 43 35 22 34 38 32 35 9 33 23 43 27 27 25 36 39 6 33 
49 49 39 19 2 22 27 13 22 11 0 12 21 42 3 26 34 18 47 36 12 38 
13 31 24 4 20 45 31 9 50 45 37 48 15 48 44 6 27 37 33 0 37 
13 7 16 8 39 38 41 44 3 16 25 37 44 18 38 20 0 11 39 29 
23 5 41 1 29 16 39 46 13 0 14 12 36 4 44 47 25 22 21 
42 23 7 34 11 2 39 33 46 30 38 0 0 11 19 18 14 24 
11 22 42 38 37 21 22 40 40 26 20 41 8 48 33 41 38 
48 39 34 11 21 38 38 37 13 0 13 18 23 13 33 12 
40 20 50 29 30 14 32 14 33 5 39 33 24 48 24 
45 47 23 48 1 29 5 7 31 0 14 39 20 22 
27 39 47 27 23 37 28 29 39 26 13 31 48 
5 11 1 1 13 49 44 13 21 47 13 36 
32 32 5 26 42 9 0 33 7 8 35 
0 46 18 19 40 24 28 41 37 44 
20 29 18 4 25 24 36 34 1 
34 50 7 21 45 22 12 20 
48 4 24 10 37 15 2 
39 2 31 9 50 45 
49 38 17 39 35 
33 40 32 14 
32 27 16 
40 0 
35 

1 51
1 148
2 22
2 45
2 75
2 78
2 80
2 129
2 143
3 16
3 20
3 27
3 39
3 115
4 14
4 57
4 62
4 118
5 10
5 25
5 92
5 110
5 144
6 9
6 11
6 31
6 42
6 46
6 94
6 133
7 18
7 20
7 69
7 127
7 132
7 149
7 150
8 32
8 41
8 144
9 51
9 136
9 143
10 17
10 41
10 45
10 67
10 82
10 84
10 100
10 108
10 134
11 13
11 18
12 60
12 69
12 79
12 88
12 140
13 15
13 24
13 104
13 114
13 134
13 142
14 89
14 96
14 111
14 113
14 137
15 73
15 74
15 90
15 131
16 19
16 82
16 127
17 50
17 56
17 69
17 71
17 72
17 85
17 146
18 100
18 109
19 22
19 32
19 36
19 42
19 45
19 49
19 73
19 109
19 111
20 46
20 59
20 94
20 101
20 137
21 22
21 28
21 43
21 52
21 70
21 91
21 111
21 140
22 33
22 34
22 56
22 74
22 88
22 93
22 134
23 58
23 62
23 104
23 118
23 140
24 30
24 38
24 54
24 56
24 58
24 116
24 142
25 52
25 61
25 78
25 101
25 141
26 92
26 95
26 113
26 123
26 129
27 42
27 44
27 61
27 84
27 86
27 123
27 134
28 102
28 112
29 32
29 51
29 75
29 77
30 31
30 103
30 105
30 107
30 109
30 113
30 120
30 131
30 141
30 143
31 86
31 135
32 33
32 38
32 51
32 53
32 54
32 67
32 68
32 81
32 89
32 132
32 150
33 50
33 58
33 111
33 112
33 117
33 124
33 129
33 130
33 138
33 142
34 37
34 72
34 95
34 115
34 118
35 89
35 109
36 42
36 93
36 94
36 103
36 124
36 145
37 44
37 51
37 57
37 68
37 106
37 122
37 130
37 137
38 41
38 59
38 81
38 106
38 121
38 122
38 132
38 145
39 105
39 107
40 60
40 65
40 74
40 91
40 94
40 127
40 147
41 52
41 83
41 104
41 111
41 126
41 131
42 48
42 64
42 78
42 122
43 56
43 68
43 77
44 65
44 91
44 108
44 147
44 148
45 99
45 107
45 128
45 139
46 94
46 124
46 148
46 150
47 65
47 67
47 98
47 108
47 125
48 59
48 105
48 116
48 146
49 85
49 89
49 96
50 114
50 122
51 52
51 131
52 75
53 83
53 90
53 91
53 116
53 133
54 65
54 75
54 109
54 142
55 58
55 67
55 122
55 150
56 57
56 63
56 92
56 146
57 79
57 105
57 109
58 82
58 93
58 96
58 104
58 131
58 142
59 66
59 75
59 90
59 93
59 109
60 71
60 95
60 116
60 131
60 141
62 68
62 101
62 127
62 136
63 64
63 71
64 66
64 88
64 110
65 94
65 107
65 126
66 85
66 116
66 119
66 140
67 102
67 112
67 118
67 124
68 79
69 79
69 99
70 85
70 89
70 112
70 125
71 76
71 124
72 85
72 89
72 94
72 136
72 143
73 114
74 93
75 141
75 144
75 150
76 110
76 146
77 94
77 129
78 115
79 113
79 123
79 129
79 141
80 105
80 119
81 131
81 139
82 140
82 148
83 85
83 101
84 118
84 132
84 145
85 111
86 100
86 124
86 128
86 132
88 94
88 105
88 131
88 140
88 145
89 149
90 96
90 123
92 131
93 100
93 141
93 143
93 147
94 119
94 128
94 129
94 135
95 105
95 141
96 115
96 128
96 145
96 146
97 124
97 125
98 107
98 112
98 135
99 100
99 147
100 122
100 143
100 145
101 103
101 130
101 135
102 104
102 115
102 118
102 120
103 129
104 107
104 116
105 119
105 122
106 112
106 114
106 137
109 138
110 120
111 126
112 140
112 147
114 139
114 142
115 117
115 125
115 133
116 131
116 140
117 131
119 129
119 133
119 138
122 143
123 143
123 145
124 130
124 136
124 142
125 132
127 131
128 139
129 149
130 147
131 141
132 144
132 145
134 144
136 146
139 146
140 141
148 150
