150 447 1000

84 57 81 93 71 35 68 19 45 24
102 108 70 44 80 14 94 105 99 53
16 110 76 42 29 22 49 45 93 46
37 19 106 45 21 109 38 37 43 76
86 64 64 90 89 87 99 39 17 80
37 13 43 67 36 30 34 33 72 87
106 100 80 35 92 99 26 66 105 90
70 64 33 56 45 54 33 61 27 86
68 27 98 28 99 12 30 74 108 49
55 106 86 19 86 27 48 19 73 40
35 54 61 93 22 74 45 28 109 79
32 105 86 97 99 71 77 75 83 22
37 107 43 105 72 104 71 52 104 89
65 80 69 100 51 76 29 71 50 36
30 32 82 90 15 12 32 100 88 37

74 47 71 83 61 25 58 9 35 14
92 98 60 34 70 4 84 95 89 43
6 100 66 32 19 12 39 35 83 36
27 9 96 35 11 99 28 27 33 66
76 54 54 80 79 77 89 29 7 70
27 3 33 57 26 20 24 23 62 77
96 90 70 25 82 89 16 56 95 80
60 54 23 46 35 44 23 51 17 76
58 17 88 18 89 2 20 64 98 39
45 96 76 9 76 17 38 9 63 30
25 44 51 83 12 64 35 18 99 69
22 95 76 87 89 61 67 65 73 12
27 97 33 95 62 94 61 42 94 79
55 70 59 90 41 66 19 61 40 26
20 22 72 80 5 2 22 90 78 27

21 0 37 19 30 44 39 17 1 44 22 14 30 49 11 28 14 47 14 16 8 0 6 39 35 48 19 15 0 9 29 37 41 2 21 36 44 41 9 45 18 29 44 16 25 37 29 39 17 5 16 41 21 0 27 43 13 34 34 10 19 20 46 39 3 47 5 35 44 33 39 30 6 15 30 50 48 4 46 29 19 46 28 28 36 26 30 0 45 22 44 32 25 45 0 0 43 0 4 50 0 3 48 7 28 37 7 38 34 19 50 49 22 42 37 39 19 1 0 10 47 12 38 21 3 22 44 36 11 0 30 29 31 25 34 8 36 0 14 9 39 15 11 0 4 32 49 47 13 
41 38 43 0 7 30 50 41 30 24 21 33 31 35 32 46 30 20 28 36 28 44 7 11 24 47 0 18 8 34 23 35 22 39 18 12 7 46 21 26 46 11 13 32 11 33 27 14 45 31 16 35 17 35 44 22 39 9 31 34 17 36 10 25 6 33 16 29 42 1 50 50 8 17 50 16 25 6 48 0 44 35 9 39 0 47 22 3 37 24 35 20 2 22 49 8 7 9 11 26 33 39 13 3 30 19 21 37 35 1 45 33 9 19 4 18 44 22 9 48 40 39 10 18 50 41 10 11 6 26 6 36 1 23 44 50 0 26 6 17 12 40 30 15 23 30 2 38 
7 46 5 46 38 14 31 26 28 2 39 7 0 48 1 13 24 25 29 19 50 4 6 20 19 4 31 20 7 5 10 0 49 42 42 38 34 30 21 12 45 33 38 41 43 14 23 40 16 21 6 9 34 23 43 23 48 43 1 20 45 2 3 1 42 7 18 23 13 4 45 23 29 6 16 48 41 3 44 0 46 36 15 50 7 35 48 22 15 35 44 16 6 26 4 50 1 32 35 7 33 50 0 5 34 29 31 3 0 25 8 21 35 43 0 11 12 44 28 13 18 19 37 15 45 22 17 49 37 33 14 25 45 3 33 42 32 17 10 4 12 11 36 1 29 23 17 
35 39 22 10 8 24 7 28 5 6 50 23 46 36 40 50 2 12 46 0 14 0 28 23 4 4 24 21 49 16 5 37 24 0 22 17 31 38 1 18 12 19 5 0 37 40 5 17 27 40 46 34 33 23 24 33 2 27 32 12 47 6 32 46 19 48 18 20 50 24 13 17 23 19 12 35 46 10 31 46 25 33 41 39 32 20 8 22 45 31 30 12 39 16 23 23 0 36 18 26 40 40 50 11 42 25 47 28 9 10 7 12 31 14 33 23 1 13 16 38 4 8 49 14 35 15 24 32 7 31 35 40 29 0 2 24 8 1 9 4 25 46 14 35 35 32 
42 35 2 18 50 47 35 12 47 37 30 9 37 48 24 13 32 13 23 41 47 50 50 0 9 33 0 41 0 48 6 25 14 29 5 37 20 25 27 38 35 23 10 16 21 15 35 26 33 12 8 42 12 29 36 4 39 31 20 8 13 31 42 21 20 4 42 31 11 16 41 49 6 50 15 50 25 12 47 27 0 30 10 10 29 49 45 20 50 31 5 23 9 50 9 41 43 14 20 45 20 44 13 17 22 45 48 14 3 30 38 27 7 17 46 43 25 42 46 41 27 25 42 30 12 25 47 50 35 44 33 17 12 19 30 2 22 37 1 0 42 25 11 22 4 
42 50 17 48 46 22 21 17 15 27 44 35 44 11 3 7 11 4 19 11 47 2 46 39 19 5 7 35 13 5 50 4 39 0 24 20 0 46 45 50 2 45 7 27 15 46 34 47 12 34 19 41 24 48 11 17 45 11 13 15 18 0 36 6 35 24 6 29 49 43 23 13 31 27 24 14 2 31 7 34 24 0 6 50 34 44 41 13 0 41 0 32 22 21 23 31 48 46 7 3 30 24 25 25 4 7 6 48 7 7 41 13 28 45 13 13 29 31 39 40 37 23 31 48 21 28 34 1 21 25 37 17 2 27 24 10 31 39 41 25 38 41 3 5 
43 39 46 39 30 40 48 31 11 44 40 9 17 37 29 1 40 49 48 39 0 17 3 15 27 34 31 49 15 46 37 15 49 27 47 9 43 7 24 19 40 34 12 4 41 21 22 4 23 16 27 50 10 7 0 35 30 14 48 47 0 20 43 45 31 33 31 37 45 25 33 14 26 30 4 35 44 5 20 16 47 34 44 4 9 5 26 38 26 15 7 9 35 20 7 5 5 11 46 49 50 39 37 14 34 43 36 32 20 33 4 34 47 21 17 29 19 44 26 21 36 21 12 31 11 47 11 44 48 14 16 31 37 4 22 2 39 42 34 40 48 7 0 
31 50 4 45 44 0 6 44 49 10 46 17 34 32 42 0 32 44 38 37 5 42 3 16 33 18 26 7 19 33 1 14 47 45 6 41 27 27 14 31 10 39 40 10 38 33 20 44 39 14 22 41 20 43 34 16 6 46 33 8 1 39 18 44 17 15 37 39 50 27 40 41 37 25 6 11 18 28 37 39 25 38 35 30 17 38 46 0 18 31 42 17 44 0 0 12 42 15 6 13 23 41 46 24 27 12 32 48 42 48 18 35 49 23 24 32 9 14 44 49 19 11 29 8 35 17 24 28 3 29 38 43 42 39 47 40 10 21 20 34 24 13 
38 38 0 9 38 9 4 34 45 8 33 37 2 8 0 1 7 23 24 0 29 22 0 3 33 31 11 0 16 33 34 46 14 32 35 17 1 39 16 28 4 41 41 10 33 27 43 19 40 6 16 14 36 49 24 11 30 13 27 15 2 37 32 20 27 41 8 4 40 42 25 26 46 0 21 21 30 16 3 41 42 25 28 9 2 2 18 23 35 35 22 49 9 10 9 41 41 16 16 31 47 4 42 45 6 21 13 28 28 25 33 23 14 48 34 35 7 5 34 27 3 48 15 21 37 43 0 45 0 42 14 0 42 4 14 10 32 23 27 2 11 
12 35 3 0 5 9 28 49 39 38 37 30 4 31 48 32 5 49 48 46 24 46 39 23 0 14 39 5 7 26 35 1 22 46 13 20 18 10 45 27 29 26 13 0 45 0 5 8 30 16 12 5 34 27 24 20 10 2 39 4 10 19 2 36 11 9 25 11 17 41 19 24 23 9 0 44 43 9 22 23 49 17 39 23 48 50 23 42 25 0 43 43 5 17 9 13 24 49 13 29 5 7 9 46 15 8 6 0 0 38 31 0 20 48 9 8 24 17 31 7 50 44 1 19 50 42 39 18 44 12 9 48 27 33 13 44 39 10 44 6 
34 1 49 13 47 28 7 43 40 47 50 39 33 49 46 8 0 9 23 0 35 36 21 44 5 39 27 2 28 31 22 11 16 12 38 46 47 31 28 46 28 41 35 34 10 5 0 36 43 15 14 10 43 47 33 50 31 4 16 19 25 37 41 21 23 26 8 17 11 22 44 13 35 43 8 42 16 16 14 12 11 38 11 1 12 43 28 26 22 27 41 19 24 12 25 35 27 34 16 28 7 19 34 32 12 6 34 0 29 13 20 45 15 3 31 4 41 33 48 1 33 22 29 1 1 27 36 49 30 36 18 44 19 2 26 33 23 27 19 
2 29 42 13 5 2 7 27 15 13 32 16 12 21 22 17 2 29 1 4 50 37 43 9 22 6 11 15 5 24 18 22 46 43 23 23 23 25 2 12 15 22 6 6 40 38 4 37 26 46 35 11 45 9 36 34 4 20 30 21 24 8 4 40 50 10 20 2 16 2 45 21 46 8 23 7 26 12 36 49 7 32 11 19 10 17 27 8 23 41 25 41 11 42 10 4 34 24 48 28 47 40 19 36 12 48 49 1 44 4 31 6 10 6 33 36 18 35 15 7 36 6 48 45 13 0 7 48 3 39 26 39 35 25 39 0 17 10 
4 40 5 15 38 45 11 35 35 12 22 23 43 41 45 18 4 37 42 41 25 40 29 34 39 33 31 21 47 35 22 48 21 14 48 7 22 0 7 0 49 5 45 44 50 23 7 9 44 45 45 44 3 31 37 49 29 40 41 12 9 16 31 21 46 36 44 32 4 14 9 30 34 9 46 29 36 34 41 1 6 7 6 19 16 32 22 5 48 20 40 46 15 11 40 4 11 21 12 25 24 3 20 43 7 30 6 40 8 33 7 45 44 35 27 47 32 38 25 50 40 18 49 5 12 5 39 21 33 11 2 37 4 0 3 11 34 
30 50 3 39 19 41 23 41 37 37 28 4 42 4 14 34 50 29 42 30 46 10 16 42 20 3 19 0 47 50 30 33 15 22 5 19 4 15 25 18 1 25 22 43 44 0 18 35 7 23 5 17 49 22 48 42 5 8 0 14 45 30 40 42 50 47 15 16 38 47 44 35 3 21 34 7 2 21 28 0 39 22 41 14 2 0 27 42 15 50 47 8 28 25 36 23 17 14 50 15 28 34 31 29 11 30 49 49 27 38 5 41 35 36 23 6 20 34 16 16 24 4 14 22 22 31 24 7 35 23 38 32 11 42 38 41 
36 9 19 14 8 38 14 50 47 18 49 14 2 3 47 38 21 3 25 44 2 16 32 18 42 17 0 15 8 21 5 26 46 31 39 44 6 33 35 27 0 15 0 29 25 9 12 9 49 23 50 38 19 36 3 28 35 34 34 34 19 0 39 28 6 7 22 44 9 22 10 2 19 7 17 19 6 21 8 39 12 0 3 15 20 6 44 2 50 17 46 43 41 47 0 13 28 8 22 37 4 34 3 12 22 32 38 46 30 23 40 28 1 4 4 50 10 0 21 24 39 26 30 29 46 31 39 15 25 50 9 50 20 37 3 
44 44 45 29 41 24 20 22 7 6 45 15 22 13 24 2 8 6 35 18 2 18 13 20 13 41 24 32 35 44 17 41 47 50 12 11 43 27 41 48 0 15 1 40 22 0 42 21 31 44 49 20 4 44 7 15 47 43 37 36 49 38 36 29 35 40 44 15 3 6 11 49 23 49 36 22 36 29 38 35 28 8 42 2 48 36 0 45 27 28 50 21 2 46 34 35 28 2 4 5 46 33 45 43 25 40 11 12 31 13 3 37 34 43 6 35 25 42 40 3 34 32 26 6 43 35 44 26 46 10 22 50 2 37 
25 35 30 9 43 36 28 13 11 27 49 34 16 6 43 31 37 15 0 25 30 28 25 1 28 34 0 6 17 44 28 38 46 43 40 44 21 32 23 28 8 35 44 5 43 50 25 0 46 47 13 1 32 49 38 42 24 7 5 29 27 43 27 45 44 7 13 41 42 44 3 26 26 42 45 28 29 2 8 6 44 10 38 50 23 7 42 38 28 22 44 4 10 33 39 32 1 22 4 24 8 10 39 48 31 17 11 43 6 38 38 28 41 50 19 12 10 7 29 19 31 40 17 9 50 26 32 34 13 25 29 5 0 
48 3 19 12 14 30 27 43 26 6 42 14 47 8 49 3 22 41 26 43 15 34 49 13 38 25 24 50 28 28 44 10 47 40 48 37 31 18 31 28 2 5 38 33 44 10 19 24 32 48 17 5 49 35 0 28 45 38 5 0 17 18 14 30 26 21 49 50 40 26 21 7 37 12 3 7 20 3 22 30 6 48 6 20 5 23 49 29 9 5 35 48 9 11 19 0 45 8 14 5 16 20 28 9 4 38 25 0 21 17 5 49 3 35 14 1 13 8 0 37 38 34 14 9 6 35 14 30 38 28 32 20 
40 44 2 32 26 17 18 15 21 36 35 10 31 13 37 27 26 34 40 33 35 3 5 36 12 47 25 49 36 44 24 21 18 18 33 15 23 49 5 9 31 47 48 26 0 35 22 0 37 22 21 12 2 46 27 19 4 5 16 29 16 6 19 21 38 25 13 16 45 37 14 14 5 0 25 43 33 23 37 27 33 36 11 17 46 7 12 47 17 0 18 15 7 1 12 26 28 19 30 36 2 36 20 38 31 1 32 32 47 17 25 0 47 20 12 22 40 16 46 22 23 30 3 14 43 6 34 16 37 42 49 
0 14 33 22 37 35 45 32 32 14 4 0 35 34 2 44 36 42 16 40 40 24 14 8 12 2 0 26 32 16 37 14 20 39 41 19 43 0 12 43 10 48 39 21 18 17 31 31 8 8 3 43 17 1 5 22 16 15 9 22 15 25 30 50 21 6 40 37 40 25 45 32 23 46 22 7 20 1 16 19 43 13 29 30 3 16 41 7 42 33 17 24 49 37 27 26 49 9 11 46 2 49 28 49 18 17 38 39 39 37 4 50 38 28 25 9 22 29 11 35 38 6 48 0 33 30 49 24 34 31 
23 47 2 15 10 4 2 36 46 40 39 25 29 0 15 1 22 39 43 5 23 26 20 4 5 45 21 2 2 31 42 25 28 13 34 9 28 27 23 45 25 47 12 32 17 25 23 25 42 8 10 1 13 28 18 40 4 27 19 46 36 5 37 9 32 13 30 21 13 20 26 12 30 0 20 47 18 1 1 39 50 37 17 33 20 3 39 41 1 41 33 48 16 42 24 34 46 4 28 41 41 5 42 34 0 3 48 45 29 40 42 5 23 6 1 25 6 29 11 42 1 6 30 21 10 12 17 13 12 
34 12 4 20 48 17 22 14 42 49 41 5 0 29 47 16 6 11 40 42 24 21 37 19 16 14 42 30 31 35 12 48 15 47 26 21 31 0 8 18 31 21 0 21 44 26 8 5 10 45 42 8 2 44 32 22 20 33 3 35 24 47 23 12 44 7 39 46 15 0 28 6 39 45 29 33 46 30 35 33 21 30 38 8 16 11 22 41 37 27 26 33 7 28 27 8 42 30 6 43 32 1 18 31 4 10 39 29 13 24 34 29 1 0 7 22 45 23 2 36 44 4 45 6 19 48 48 4 
2 28 2 43 33 6 38 18 49 28 23 31 16 17 28 21 8 5 4 16 9 4 26 43 46 49 0 37 17 16 11 20 4 19 21 0 4 4 20 33 34 8 3 41 0 6 8 28 11 30 44 3 47 1 34 35 32 10 40 36 25 26 5 8 0 3 27 0 41 40 29 0 46 7 20 40 47 35 48 3 3 11 30 14 43 15 20 46 47 27 42 3 49 32 44 36 36 38 20 35 3 18 10 20 39 37 46 19 3 41 22 45 38 27 47 5 10 25 42 30 8 30 41 12 31 6 5 
12 32 31 9 30 6 7 46 39 8 18 37 23 35 20 13 14 44 7 46 41 6 26 8 11 42 35 13 39 44 3 0 22 49 0 23 0 7 19 33 9 14 20 14 24 35 44 42 28 26 33 6 7 40 18 37 28 9 8 24 17 9 3 18 49 18 17 30 22 33 30 1 32 38 1 5 12 5 11 35 34 1 13 33 38 24 32 40 28 44 13 0 33 45 39 8 17 3 37 16 38 34 5 30 35 3 38 25 3 7 23 14 41 20 44 36 48 42 3 31 42 47 5 46 0 9 
23 30 4 27 6 4 27 48 28 7 45 2 11 33 28 12 1 8 14 0 34 31 0 10 22 0 24 37 38 41 25 0 23 14 23 31 28 26 13 25 44 37 35 10 20 45 40 23 43 2 24 29 11 32 25 36 12 15 45 42 22 0 37 1 46 37 7 34 45 18 8 27 41 49 15 42 9 49 26 32 12 21 31 20 11 0 41 0 39 6 36 13 44 40 25 29 42 32 28 43 23 36 49 36 48 48 24 49 19 15 24 31 5 19 36 40 32 18 1 24 34 11 9 42 38 
40 6 44 34 25 23 4 42 46 27 14 32 21 43 24 8 18 26 50 18 22 4 2 20 26 13 30 40 33 37 14 27 7 3 49 36 33 21 26 24 10 12 3 1 33 48 18 39 45 24 20 36 31 35 6 26 32 28 0 6 17 19 0 47 25 37 6 16 29 19 1 44 29 4 17 8 7 38 32 35 10 27 5 0 15 10 14 50 37 0 22 29 41 39 32 12 16 32 44 8 21 4 12 36 11 41 9 12 39 40 29 21 23 31 41 39 21 40 49 46 41 29 41 24 
25 12 0 12 30 20 9 21 1 24 0 30 4 35 47 40 20 48 3 8 4 32 17 41 0 29 18 20 48 26 49 49 42 41 38 18 24 7 9 3 6 19 16 38 2 7 14 11 29 49 13 16 40 1 13 12 21 50 12 28 5 49 35 13 49 0 21 4 39 6 18 47 47 32 46 14 10 43 4 49 6 24 17 12 14 24 8 44 22 36 24 39 35 18 41 29 15 8 46 29 44 14 33 38 44 38 35 15 1 27 6 25 3 20 19 24 12 29 20 21 42 23 39 
31 0 12 40 14 18 26 38 11 42 12 10 15 3 16 16 3 49 18 26 15 33 23 32 8 38 16 47 21 40 18 16 46 36 29 18 11 50 47 27 28 40 16 20 0 25 15 38 14 45 6 2 9 19 46 34 2 35 24 1 0 39 18 7 4 30 47 18 34 0 35 16 3 28 36 5 14 9 27 20 42 9 31 3 29 42 8 49 35 46 8 46 50 11 49 47 47 14 45 21 22 15 3 43 18 31 50 7 49 48 3 3 0 31 18 23 37 32 25 32 33 0 
45 14 4 9 6 20 11 34 17 29 4 7 38 5 25 3 34 39 27 14 26 11 34 48 17 9 26 17 12 2 44 2 5 37 16 47 20 43 23 8 43 18 11 20 18 32 10 10 47 0 42 35 28 38 0 50 0 31 16 42 37 50 46 49 4 5 27 36 28 30 19 6 17 22 0 49 12 11 27 3 24 26 4 9 5 30 8 2 2 0 22 24 21 13 19 0 4 39 15 28 50 18 49 33 0 29 16 13 48 26 26 22 43 30 26 20 36 33 27 44 29 
11 49 15 19 14 26 37 28 41 26 14 39 41 47 24 41 25 33 47 41 8 43 40 26 17 10 24 49 14 30 42 7 49 16 0 16 12 39 47 39 4 4 7 38 50 27 42 25 48 14 11 48 9 7 0 23 9 37 2 36 14 34 29 28 44 18 45 33 45 48 3 44 8 7 11 43 21 22 38 42 27 36 1 36 18 34 41 38 25 32 0 23 4 27 46 19 46 49 4 26 4 33 22 33 21 33 9 39 31 24 8 31 39 14 26 18 6 50 36 0 
0 10 49 24 7 0 23 39 18 28 8 1 5 12 32 8 28 25 29 46 23 15 14 29 16 35 35 8 42 50 14 19 10 40 44 19 26 30 0 1 34 30 4 39 13 49 31 27 29 14 1 9 12 31 11 27 41 41 26 3 7 37 24 0 43 24 29 6 35 46 36 7 10 20 49 5 38 2 17 16 15 40 28 30 9 26 25 4 5 15 27 13 8 47 19 23 34 21 42 17 27 33 13 45 29 33 39 40 41 50 42 12 49 27 37 41 23 39 46 
21 26 42 30 23 4 43 10 17 48 12 42 38 43 46 38 41 43 29 0 41 0 3 44 14 29 8 23 38 27 24 13 27 47 14 41 36 40 19 6 9 20 23 20 3 24 49 30 0 43 31 21 2 22 5 7 15 21 31 44 40 7 5 30 9 50 46 40 48 27 49 19 22 48 35 22 28 18 44 10 0 30 26 11 4 15 31 36 15 5 5 26 2 32 18 9 39 21 6 42 27 27 48 11 4 26 0 7 1 17 41 20 39 8 25 44 30 8 
48 18 24 3 23 27 37 48 11 38 41 20 5 22 43 50 10 23 47 42 29 44 5 12 48 36 14 46 13 27 10 46 0 4 12 21 33 23 13 42 33 13 44 35 23 4 14 11 10 15 44 38 26 43 23 19 18 20 44 47 14 5 41 4 10 17 34 1 30 48 40 37 6 40 38 16 25 6 31 14 9 49 0 15 31 50 45 10 27 50 13 25 17 42 4 3 4 28 7 22 46 0 37 2 44 49 4 31 22 44 39 31 36 20 50 12 33 
48 28 45 31 37 23 18 31 22 37 24 44 23 12 33 9 12 8 41 37 1 10 50 22 40 3 50 46 10 40 39 20 38 8 36 40 31 17 0 23 22 13 18 19 30 37 48 11 32 35 3 25 17 2 13 22 8 19 2 11 35 47 49 45 22 44 2 42 17 33 11 42 49 39 2 33 24 12 24 42 46 48 19 24 2 4 4 41 25 12 27 6 42 9 49 14 9 43 5 46 25 11 10 2 13 27 0 8 20 45 36 13 50 19 10 14 
21 16 33 50 32 49 11 7 20 25 1 40 42 46 17 48 9 34 14 18 15 8 21 46 26 3 12 0 29 6 19 2 11 13 12 34 27 10 0 36 23 37 26 26 27 2 45 46 34 6 37 1 2 25 49 17 16 28 31 44 37 3 19 32 48 50 35 3 44 38 38 41 5 19 0 20 38 9 4 30 7 26 46 50 2 48 3 9 11 28 11 20 44 26 41 32 27 27 21 48 2 0 15 35 23 0 31 1 40 23 28 20 48 48 22 
4 33 30 38 14 43 28 50 23 16 23 18 31 10 34 26 23 10 43 17 2 50 2 43 6 20 13 6 45 1 32 27 46 22 40 16 49 0 48 42 2 25 40 35 15 39 25 3 34 35 39 13 3 44 48 17 34 28 12 14 2 5 37 22 5 12 18 32 2 33 4 21 29 27 9 3 34 15 24 30 17 17 14 38 33 43 43 5 14 15 17 38 3 36 49 7 25 21 31 0 31 9 24 16 15 43 32 3 26 28 8 48 6 22 
6 45 3 8 34 4 44 40 47 9 27 16 6 44 29 0 38 36 1 10 3 33 29 30 41 18 5 31 45 1 32 19 20 33 16 41 19 30 21 35 38 12 31 40 8 7 34 17 46 41 28 50 42 50 28 19 12 17 5 1 6 37 31 49 10 4 46 10 16 47 9 8 2 34 41 33 21 32 34 2 1 16 45 2 6 43 43 0 46 48 16 21 1 46 34 18 16 1 40 34 2 45 26 32 8 6 32 9 12 5 22 45 44 
40 41 48 15 19 46 47 5 44 0 42 42 12 4 48 19 30 18 38 47 41 8 26 8 11 33 6 34 36 22 2 24 50 24 11 27 42 46 22 21 33 40 39 40 3 6 32 30 12 22 16 39 11 37 32 16 4 16 2 1 25 28 9 7 27 36 35 32 44 22 20 49 42 25 44 13 33 22 47 28 9 43 4 17 20 50 28 14 48 1 28 47 16 48 39 46 34 12 0 23 49 5 18 8 43 50 43 3 6 15 40 25 
22 31 23 23 20 11 33 46 46 33 15 22 41 38 5 0 47 38 29 39 29 12 35 4 9 49 40 28 20 31 0 50 2 37 29 45 31 29 48 20 5 15 9 50 48 9 35 45 10 40 9 25 7 13 47 44 9 25 9 5 23 24 32 0 44 38 28 48 0 9 1 50 40 49 48 36 33 31 8 34 16 44 18 13 13 37 40 33 10 36 24 12 29 14 20 7 9 40 1 26 17 22 21 7 11 12 9 14 40 35 11 
26 38 46 18 29 30 45 30 12 19 42 23 13 9 40 32 26 32 25 1 45 43 11 49 2 45 22 37 40 23 0 43 37 3 4 32 19 37 26 19 34 37 5 45 23 22 38 18 36 38 6 46 36 49 38 9 50 46 33 22 49 23 1 5 20 0 18 16 43 42 23 27 0 35 39 20 44 10 44 16 22 36 1 40 25 23 50 2 48 47 24 14 5 8 9 32 0 47 43 24 50 24 8 7 39 22 9 10 28 24 
45 26 10 27 2 48 14 44 22 46 26 36 41 43 19 35 36 7 44 16 19 3 8 2 34 32 41 9 37 4 25 36 20 18 24 8 45 44 29 37 8 5 36 22 0 18 29 12 27 21 28 3 20 46 21 16 23 6 27 23 36 40 48 10 25 10 21 46 18 1 48 32 37 23 50 3 33 32 19 42 19 22 20 40 17 37 14 48 0 23 31 23 35 6 22 8 12 19 31 36 35 22 46 45 13 0 46 43 22 
9 3 5 19 40 0 32 33 12 30 0 38 28 7 7 23 12 8 37 48 8 26 45 1 8 20 36 47 10 0 1 40 41 35 47 10 17 17 19 26 42 3 18 44 30 16 31 2 26 10 43 23 19 46 17 16 2 50 25 11 0 32 4 36 17 28 24 26 30 40 40 47 5 16 26 38 24 37 10 43 40 4 13 47 32 1 29 42 47 12 11 15 29 39 33 50 10 37 28 16 12 46 34 6 19 8 6 4 
6 35 30 48 29 38 25 43 19 47 17 23 48 36 39 50 33 39 15 3 38 6 13 35 20 39 29 22 7 14 25 13 8 42 50 49 31 29 1 29 14 12 32 21 50 0 7 18 32 12 47 43 31 44 37 8 5 15 45 33 34 28 14 20 19 33 17 32 6 18 21 38 3 5 26 3 44 25 34 16 18 25 46 5 43 44 30 30 16 26 7 24 32 30 11 25 18 0 7 24 48 18 10 38 49 45 18 
31 2 45 35 16 9 39 4 39 3 29 2 48 28 10 31 34 19 44 37 39 7 32 39 27 40 21 0 38 0 0 43 19 9 36 16 45 29 29 47 4 6 13 2 7 22 15 23 23 38 9 30 20 8 29 17 10 37 1 26 0 5 10 28 45 37 15 50 0 47 39 32 9 18 32 45 41 14 29 6 19 20 21 0 7 40 3 34 37 39 36 38 3 9 50 0 7 38 8 47 31 38 40 19 40 41 
22 7 42 41 30 2 21 27 4 2 22 32 18 19 20 23 12 0 33 0 39 2 11 3 26 41 17 2 1 27 35 8 38 27 40 18 24 32 42 17 47 44 31 46 27 37 40 43 42 17 48 41 41 5 40 33 3 33 21 17 40 50 31 49 13 18 38 19 46 48 44 33 10 9 19 13 27 29 12 11 0 33 17 21 4 8 2 6 49 0 16 32 30 27 14 4 42 26 8 46 19 13 20 19 5 
49 12 4 26 13 40 22 48 3 19 4 37 36 17 42 49 4 45 2 26 26 44 34 47 46 21 38 17 13 26 5 4 22 26 7 1 15 7 44 5 19 41 48 5 42 31 36 41 48 38 10 45 34 35 34 23 12 8 28 29 25 1 40 2 30 24 37 7 32 20 2 26 38 4 32 42 39 8 2 21 15 24 36 5 30 11 24 35 6 2 17 37 18 37 8 16 15 11 46 50 42 47 39 25 
24 16 39 21 23 19 30 45 43 29 16 50 29 4 36 0 6 0 9 42 47 27 23 49 3 27 40 21 25 27 3 41 3 26 7 16 9 50 49 7 6 45 37 31 32 35 11 49 44 11 34 3 47 40 37 31 30 18 13 43 20 44 28 19 19 3 18 2 15 47 30 50 7 22 26 46 50 4 22 15 20 35 33 23 7 12 48 21 26 30 49 26 39 1 30 2 30 31 35 6 12 40 0 
13 40 32 31 0 18 31 49 15 34 19 15 2 48 43 50 40 45 20 28 47 0 44 2 2 24 15 1 45 14 3 28 11 2 6 41 44 45 36 50 44 44 38 38 27 39 32 28 18 32 9 29 21 12 33 28 15 21 15 41 10 28 45 24 5 15 42 42 38 46 47 16 17 14 8 14 43 49 29 40 23 31 21 43 1 30 19 31 45 37 31 45 37 27 38 43 40 7 47 34 48 20 
11 39 34 10 30 38 0 9 44 40 44 17 6 32 36 6 22 12 15 42 0 23 34 42 11 3 39 49 26 5 15 2 36 43 48 16 18 31 17 36 35 8 13 38 41 0 36 34 2 50 47 29 25 12 32 43 1 29 5 47 30 25 37 16 16 49 22 14 32 9 21 0 26 37 40 21 30 2 45 6 47 2 39 21 6 9 10 6 13 36 32 4 40 18 3 39 9 43 5 33 31 
29 11 40 0 10 13 24 31 41 2 35 45 33 42 44 12 38 21 40 27 50 36 29 2 33 0 35 33 25 35 45 10 46 7 26 36 25 42 26 20 18 24 34 16 13 34 47 4 1 50 22 32 15 14 48 23 41 38 47 26 15 50 7 9 10 41 39 22 37 38 26 34 21 34 35 42 12 23 20 45 18 45 23 36 46 2 2 0 35 8 41 16 49 10 29 8 9 12 15 33 
34 0 10 19 14 0 14 2 15 10 12 18 49 39 18 28 7 16 10 49 23 35 24 10 11 38 40 41 14 34 31 17 14 47 2 34 16 7 14 2 27 45 13 40 2 31 13 47 35 3 32 7 47 30 13 46 18 24 40 0 22 3 48 43 22 39 26 20 46 34 13 14 6 12 28 13 18 45 6 49 6 7 10 28 13 43 25 42 0 8 48 9 31 49 47 28 33 10 36 
30 10 3 35 1 20 22 1 40 10 37 46 5 18 2 28 25 44 28 12 39 15 0 23 19 38 13 41 16 29 16 26 14 1 46 35 18 49 7 0 35 50 2 37 26 44 13 38 22 34 23 40 31 18 21 45 13 8 26 5 10 34 24 4 21 47 9 41 33 10 35 0 24 44 6 6 0 35 10 31 31 37 17 22 16 9 20 18 20 9 27 26 24 47 7 30 7 21 
14 36 29 12 34 38 13 38 43 27 47 5 9 16 21 1 20 37 28 4 45 26 8 35 22 7 1 20 8 46 2 30 10 14 30 5 27 0 0 40 41 45 24 6 0 27 24 47 36 33 41 5 18 15 29 0 2 11 21 1 35 3 47 47 10 42 3 35 8 10 24 20 6 2 46 29 28 5 3 23 26 10 41 20 49 25 6 50 12 49 5 1 26 19 21 5 5 
20 42 15 29 5 23 45 28 27 21 16 36 0 12 17 41 9 10 19 47 4 0 38 36 4 42 47 31 9 0 22 39 39 12 45 41 48 13 38 45 31 38 36 30 25 16 2 19 45 9 32 26 23 39 30 23 5 6 45 15 33 45 22 31 0 34 0 24 16 24 41 43 39 25 21 14 48 22 21 27 45 14 3 48 3 24 21 48 45 21 29 40 18 3 1 36 
14 48 40 36 47 19 46 6 4 31 13 0 2 14 9 4 41 0 28 7 28 31 17 25 20 48 37 50 36 7 10 42 20 38 15 4 4 4 16 50 0 48 21 26 43 0 0 1 18 16 41 6 37 7 46 39 49 14 0 10 27 38 31 0 21 38 42 22 0 40 42 11 43 3 11 11 8 32 2 29 50 3 40 13 14 0 3 35 48 17 11 24 24 35 9 
23 48 24 45 2 21 32 39 20 49 47 26 5 29 36 45 32 10 29 8 20 26 29 1 40 21 6 40 14 49 48 39 39 50 17 1 25 42 23 9 21 2 20 49 8 37 24 0 49 30 50 39 40 21 28 18 28 31 30 37 42 45 24 7 35 32 29 45 39 19 17 18 28 35 40 10 1 42 26 26 36 33 12 35 31 8 1 38 45 20 45 33 23 6 
30 33 16 15 10 0 30 15 9 0 38 5 44 9 38 12 23 27 14 0 45 19 29 25 14 42 35 22 12 19 38 46 3 12 7 28 1 49 0 12 37 7 26 0 37 10 23 11 25 14 6 34 38 34 13 48 39 43 35 2 35 41 46 35 50 21 0 3 44 12 24 27 41 50 36 12 39 0 27 39 10 48 18 6 5 30 47 1 0 20 3 21 7 
0 35 42 13 0 9 15 16 2 40 15 20 22 15 20 15 44 12 2 22 28 33 37 3 5 39 28 14 3 35 4 35 43 32 17 49 36 14 30 0 17 40 22 45 10 46 46 0 30 40 1 41 22 50 22 7 30 12 29 29 46 38 34 22 12 38 35 9 22 8 39 22 4 45 18 12 41 12 33 38 40 2 26 12 47 2 38 17 31 40 30 29 
4 21 14 32 11 35 8 36 20 33 12 34 28 11 0 50 32 14 24 6 8 40 16 0 24 19 42 9 48 3 33 17 6 31 35 16 50 19 20 21 2 29 12 43 31 37 15 38 31 0 33 9 27 8 7 41 5 36 3 6 2 46 12 50 22 43 35 0 7 39 37 14 35 11 8 33 15 1 45 1 28 10 10 0 22 3 18 49 4 44 50 
24 2 19 3 50 37 23 39 22 49 35 28 12 50 28 39 19 12 43 50 22 24 25 10 48 43 37 11 12 6 15 0 11 42 20 17 38 48 17 17 26 39 3 15 32 23 17 14 2 37 39 4 10 4 2 27 18 13 44 43 19 25 40 49 17 44 6 14 39 42 22 50 12 3 39 0 27 47 31 30 0 15 37 12 43 30 50 27 31 46 
30 42 24 48 6 8 16 3 21 49 23 44 5 16 1 33 49 5 16 29 22 20 17 48 4 22 30 36 44 31 50 28 21 29 10 30 37 3 50 7 41 22 33 27 21 6 35 15 24 0 30 5 36 13 14 6 6 11 28 30 30 14 45 48 0 2 42 7 4 2 28 25 24 42 19 4 43 36 1 16 46 7 21 47 22 34 21 4 6 
17 42 16 39 0 50 16 30 29 49 40 36 36 2 19 36 13 26 40 3 49 14 29 9 11 14 50 15 14 28 0 50 7 25 14 38 2 1 0 25 48 13 41 23 20 32 3 44 38 44 37 14 13 31 4 20 9 44 0 40 24 43 31 32 21 3 1 35 16 42 17 19 29 39 9 14 49 46 18 5 18 4 31 37 3 0 39 5 
21 23 46 46 48 8 40 27 49 21 0 47 37 2 26 15 36 3 43 30 1 38 11 41 33 29 36 16 40 38 20 3 43 0 13 25 7 15 16 3 17 48 31 11 10 3 29 35 3 15 43 4 46 41 4 24 35 39 23 48 5 1 2 24 7 39 49 6 25 33 38 26 27 1 42 31 36 47 27 7 12 5 21 4 17 11 7 
14 44 17 7 30 15 11 6 30 5 1 13 20 9 14 43 12 0 29 13 17 9 44 28 43 41 35 26 11 11 32 27 35 26 16 35 46 21 42 4 28 42 0 6 7 13 24 27 46 49 32 40 36 34 18 24 23 9 38 33 40 14 10 28 34 13 37 2 19 8 9 7 4 43 15 46 1 50 9 16 34 1 31 47 20 32 
40 6 4 29 16 10 27 28 0 7 40 11 39 36 14 47 2 9 8 10 47 0 15 16 16 27 28 11 48 11 15 10 4 22 12 29 32 36 43 20 18 14 10 6 0 19 1 19 22 22 24 4 25 26 7 11 23 14 43 31 31 47 19 34 24 14 25 16 47 36 26 25 0 3 10 38 37 49 17 50 43 13 4 8 43 
50 27 28 7 31 21 47 12 11 20 4 22 9 38 16 8 46 47 16 18 43 46 46 49 19 41 21 31 2 27 42 16 2 9 46 15 40 8 23 9 45 21 29 44 28 49 3 43 32 47 19 13 4 0 9 49 16 17 44 5 0 24 0 1 14 49 16 6 47 33 24 19 8 12 30 0 41 0 2 29 17 43 17 8 
11 41 31 14 47 44 2 49 25 35 37 8 2 17 37 9 12 32 40 10 29 33 6 33 18 44 43 41 2 14 32 50 21 22 11 5 34 1 5 50 49 20 10 4 41 9 2 14 3 25 18 43 15 29 8 13 4 20 15 14 17 14 11 34 4 10 45 29 0 14 26 49 31 17 36 35 17 23 16 44 16 11 3 
43 24 5 14 48 40 8 0 35 20 3 16 4 14 13 28 32 49 24 29 39 32 40 31 41 23 2 39 41 1 40 47 10 36 17 8 32 18 38 44 7 38 48 32 37 7 15 48 19 3 28 2 37 12 26 43 23 2 32 3 43 38 12 23 17 50 6 19 7 26 32 37 30 38 19 44 8 50 30 2 11 10 
11 8 19 3 33 6 12 2 37 49 14 15 11 44 15 27 27 4 12 32 50 21 15 3 38 9 15 33 7 18 16 10 0 15 42 20 29 36 6 38 22 48 31 37 4 10 7 45 33 6 49 49 40 32 13 39 11 2 7 5 42 8 5 41 28 27 24 39 25 35 21 38 46 29 20 12 30 39 32 0 24 
41 50 47 7 20 15 34 27 14 41 25 33 12 29 42 16 36 33 43 13 31 33 19 17 50 29 8 2 19 27 0 19 14 7 45 28 2 32 38 5 22 1 50 23 0 5 20 4 8 23 14 44 14 15 37 6 20 32 14 16 50 45 49 49 19 48 46 34 8 50 1 30 1 5 5 14 26 50 45 48 
10 16 28 48 20 46 27 12 20 47 17 37 36 6 7 16 16 0 1 7 47 42 3 50 28 20 0 12 18 19 23 32 30 13 40 19 0 6 2 44 29 39 13 20 0 35 17 13 32 15 29 19 13 21 9 0 10 49 44 13 50 43 23 33 42 30 33 16 26 21 48 18 25 1 48 13 3 49 21 
21 13 15 49 38 30 2 31 33 0 2 48 22 5 36 40 14 7 37 11 40 23 24 38 7 28 43 48 16 12 43 0 0 29 10 27 0 13 6 18 1 44 34 44 33 33 35 34 2 26 36 36 44 40 19 26 18 31 36 18 4 31 42 11 49 15 0 33 3 24 4 47 41 35 27 31 16 25 
0 28 36 24 47 25 29 47 0 23 5 3 1 0 26 38 24 2 31 22 12 10 29 18 24 6 48 37 11 33 30 19 29 35 12 41 17 44 12 21 5 0 31 11 10 31 46 40 16 45 16 43 32 19 49 50 43 49 8 49 23 44 45 5 48 5 41 0 0 1 16 47 27 46 5 0 0 
6 44 9 39 44 33 27 42 0 49 36 38 19 0 19 3 12 28 48 12 2 2 9 46 39 17 9 18 20 6 26 5 41 50 10 42 15 45 0 6 47 39 42 20 41 37 26 33 4 47 30 48 41 21 18 41 27 45 49 27 47 50 17 46 11 22 45 30 4 23 6 6 18 22 40 30 
13 43 9 3 39 42 4 0 1 22 18 19 13 1 35 13 45 47 46 28 16 18 38 27 36 31 6 22 22 26 28 32 42 45 21 41 0 10 5 24 12 0 13 35 5 0 11 15 28 28 22 0 12 32 29 46 10 46 14 36 24 33 0 43 15 4 33 38 44 40 41 36 25 9 5 
43 30 32 19 20 8 30 16 38 25 33 7 24 12 15 36 23 18 28 10 12 4 45 6 15 17 46 30 29 25 21 11 27 18 44 29 10 21 6 24 3 32 33 18 34 38 20 25 27 50 7 6 20 41 34 17 28 33 32 18 10 46 46 2 43 0 15 3 48 24 21 3 37 34 
3 43 49 18 20 17 4 11 26 24 0 41 0 5 6 18 38 43 38 40 30 49 29 1 26 19 45 25 41 35 36 17 39 8 39 0 2 11 29 22 38 23 26 49 44 21 33 40 2 35 32 30 15 43 31 48 49 28 20 11 3 19 20 21 25 30 21 32 8 25 45 11 9 
36 39 17 16 44 16 25 26 14 11 25 17 38 17 40 2 13 32 3 30 23 43 13 17 11 28 11 19 33 24 22 23 5 16 22 1 0 45 44 26 6 24 9 22 39 28 25 11 0 9 9 22 16 32 34 1 50 9 6 32 22 5 11 7 39 44 17 23 0 29 10 27 
23 39 7 36 42 46 15 22 50 18 34 42 41 13 26 40 47 17 3 17 46 43 0 9 16 26 38 41 41 43 3 33 14 31 24 35 0 17 4 44 27 44 32 37 25 48 41 29 42 45 10 29 1 34 43 49 20 2 39 28 15 43 15 13 19 33 42 13 20 20 8 
44 5 38 37 49 47 5 29 2 1 3 40 13 22 13 45 5 50 13 35 49 48 27 48 47 49 27 11 24 0 35 7 50 25 19 3 49 14 8 15 43 0 36 30 45 26 42 5 30 22 12 0 39 44 0 5 43 22 7 44 12 27 36 48 38 7 44 4 32 11 
4 50 44 46 29 43 22 25 44 12 8 49 28 13 42 38 32 31 12 13 30 42 29 13 3 35 16 26 25 34 0 21 17 46 27 45 11 49 41 13 31 50 47 5 20 18 16 6 5 34 16 22 32 0 28 20 16 32 10 34 23 50 0 41 11 47 49 11 45 
18 30 5 11 19 38 20 35 15 32 21 1 7 23 11 36 15 33 5 47 8 37 31 35 39 27 33 8 19 38 0 13 3 6 27 37 0 25 16 13 6 34 42 40 8 33 41 41 1 50 1 36 33 37 0 12 14 5 38 38 33 49 25 40 43 46 9 17 
40 34 13 43 49 32 28 18 3 20 36 17 26 44 35 38 31 48 16 13 39 7 32 16 32 42 3 9 42 33 44 41 44 48 33 2 7 6 12 18 35 27 7 13 3 16 42 33 16 9 8 40 32 4 32 4 18 23 36 27 20 6 38 41 23 15 18 
13 13 43 37 48 16 43 42 19 40 41 5 5 8 38 48 22 45 33 6 21 17 5 16 15 18 7 30 41 47 43 9 39 17 12 42 32 17 39 1 11 17 3 0 4 11 38 48 16 0 30 15 14 4 50 11 6 19 48 42 33 16 13 22 18 23 
32 24 14 17 6 44 38 31 41 39 50 28 5 19 7 49 40 25 32 22 4 7 26 20 8 21 31 44 47 42 17 26 47 6 44 17 33 3 25 25 10 0 46 1 27 15 38 40 0 7 36 13 29 25 20 25 34 49 26 7 45 23 11 21 46 
15 45 0 21 29 4 30 18 3 20 10 37 48 27 16 26 29 24 5 3 6 17 30 21 31 46 14 13 41 25 26 36 0 25 25 47 4 43 26 14 39 20 24 8 31 19 9 31 8 45 5 47 46 39 44 4 30 25 29 22 17 16 30 19 
7 32 33 49 15 20 39 35 46 8 3 49 34 19 13 47 13 37 3 38 27 3 36 17 5 25 12 49 23 13 30 46 9 34 7 23 40 21 47 42 21 26 41 33 20 16 18 13 45 28 21 38 3 7 26 28 11 30 26 7 34 32 28 
4 6 5 48 48 49 22 9 47 34 1 0 39 36 47 20 39 47 29 34 9 35 16 10 34 47 23 42 4 3 22 45 27 37 0 43 48 25 30 30 48 16 35 4 36 40 27 0 23 38 2 35 7 37 34 8 32 10 48 34 38 10 
30 41 14 10 18 6 3 40 41 27 14 21 2 4 48 46 42 35 7 3 30 12 44 9 25 8 39 9 49 48 27 17 33 22 48 26 33 3 46 5 40 31 46 50 36 3 43 26 3 9 30 35 50 25 33 40 20 48 20 23 2 
26 16 34 48 36 19 26 38 36 49 0 2 10 13 10 7 36 38 0 41 12 5 25 34 5 16 42 5 13 31 36 14 3 30 37 15 9 28 49 49 6 50 20 6 12 26 0 0 12 25 34 9 7 41 49 8 42 13 2 31 
44 0 37 0 6 50 46 7 29 16 38 7 36 20 27 1 27 37 42 49 39 0 0 32 41 50 46 43 35 39 30 28 5 19 28 30 27 26 17 47 15 23 16 14 0 19 35 22 26 17 8 20 0 22 18 22 13 40 10 
27 4 26 4 0 4 33 0 32 42 22 26 22 22 6 30 22 24 47 10 15 20 29 45 49 0 12 12 18 7 0 26 50 7 47 30 47 41 18 21 34 10 8 37 47 46 50 45 3 46 31 26 19 40 11 32 48 27 
16 2 13 45 28 40 38 3 24 38 42 32 7 50 45 26 12 49 12 21 34 48 11 41 43 3 35 43 6 33 0 25 42 16 10 44 30 49 33 0 23 44 21 41 42 13 29 40 23 21 10 45 43 24 34 8 31 
27 21 0 13 16 1 46 40 21 18 15 4 24 33 15 11 0 45 21 22 25 37 34 27 1 22 4 35 36 28 21 16 17 29 10 24 38 26 47 36 33 44 30 28 38 21 5 6 48 29 3 20 28 17 0 20 
6 29 42 50 17 50 46 46 8 46 44 36 40 36 36 28 23 46 33 16 47 9 24 44 5 20 17 24 3 15 15 7 18 8 0 15 24 20 14 27 14 46 10 10 33 13 21 5 17 49 3 6 11 19 2 
33 0 10 1 25 7 9 30 40 34 41 37 19 1 18 20 5 36 0 9 28 13 33 8 38 42 22 35 16 15 27 29 15 23 40 0 2 21 4 21 0 26 43 9 9 3 40 0 39 43 27 40 21 39 
23 0 47 8 9 0 8 46 49 26 37 11 4 35 5 2 50 32 11 1 25 0 12 38 16 14 40 21 13 21 40 29 33 22 32 13 31 10 2 0 28 22 14 30 28 21 9 49 44 28 49 41 20 
7 38 11 41 45 0 29 17 20 42 26 35 12 27 7 36 49 34 0 38 31 1 48 0 4 43 5 3 29 43 20 35 23 31 38 15 33 10 21 40 46 27 28 33 38 28 28 25 50 32 4 13 
29 24 34 20 44 0 36 50 29 4 2 31 29 46 8 12 6 14 37 45 26 23 36 5 21 42 26 14 2 42 0 49 8 39 41 41 0 0 43 36 49 9 41 10 35 38 22 44 39 48 1 
23 7 46 27 1 4 49 27 39 3 42 40 40 15 30 23 5 11 9 4 45 40 47 37 3 29 32 29 46 25 12 39 29 21 49 20 16 9 11 1 45 29 39 42 36 15 18 20 49 9 
17 44 34 2 7 48 43 50 15 0 38 34 8 8 16 24 28 4 40 34 5 20 42 4 49 1 26 42 24 24 10 10 3 32 47 19 34 18 49 41 13 24 13 20 24 46 24 5 49 
28 19 13 35 12 23 26 16 17 46 25 19 20 16 23 5 15 22 48 21 1 2 12 17 12 36 15 14 19 18 31 3 11 37 21 16 0 6 45 29 33 18 10 45 13 50 7 7 
27 18 38 7 10 22 42 0 5 27 26 19 7 41 40 49 22 18 25 6 13 5 46 9 31 12 37 32 6 16 43 44 25 41 37 16 3 34 45 44 40 6 22 17 33 13 30 
40 26 0 39 7 1 41 30 46 42 26 31 12 44 1 35 5 16 0 33 32 45 47 19 8 45 18 17 25 17 37 2 5 49 34 33 30 39 48 5 11 3 13 42 44 49 
11 1 23 1 4 3 5 20 0 50 23 6 9 0 39 39 1 39 0 44 29 32 28 12 49 27 21 9 11 47 32 1 24 6 19 5 49 7 40 1 10 24 3 4 21 
39 15 29 2 45 29 13 2 0 22 48 22 45 17 22 12 10 10 40 11 1 29 41 39 29 30 26 22 31 5 5 50 38 22 45 4 17 35 1 23 34 15 42 10 
48 12 16 50 33 11 45 12 36 25 46 49 40 50 44 42 48 46 11 10 48 20 48 15 30 35 41 31 35 8 18 0 17 42 24 23 39 9 38 49 30 40 0 
21 16 10 48 3 26 32 29 25 35 43 12 14 50 44 45 34 46 20 12 36 24 29 49 40 37 40 26 37 32 14 19 47 25 28 40 48 8 28 1 22 20 
0 20 23 9 11 26 14 24 33 8 47 3 10 49 31 11 48 49 19 17 19 1 1 19 38 30 0 42 43 30 45 5 31 10 47 28 0 30 7 16 0 
17 24 49 27 36 48 1 24 26 19 28 29 20 41 8 35 16 20 40 41 35 18 18 0 43 10 26 34 49 11 26 49 14 8 41 36 27 39 10 41 
13 13 28 35 17 1 4 0 4 4 17 23 15 1 28 19 31 44 25 20 14 41 8 47 37 20 1 1 0 40 42 49 46 5 12 8 25 2 40 
18 46 29 23 42 7 24 24 18 34 48 28 4 20 37 35 40 34 5 24 41 0 2 18 30 49 42 33 35 8 18 42 13 36 14 33 36 34 
14 22 26 12 16 50 23 36 11 47 10 44 18 44 3 19 43 38 38 50 13 30 38 49 0 4 30 48 24 44 32 35 17 30 49 11 11 
43 46 19 0 18 35 32 3 28 16 10 13 50 1 21 4 30 32 50 0 47 5 18 30 50 43 21 41 45 0 31 11 33 37 18 7 
5 20 26 41 33 4 42 10 29 31 2 31 36 34 30 20 25 0 35 38 34 4 49 6 49 45 46 29 23 19 10 41 9 19 25 
1 11 4 47 48 12 29 5 21 48 10 33 31 4 26 34 33 48 23 34 26 50 36 2 26 30 13 40 0 36 20 36 9 36 
3 16 11 39 34 30 34 29 13 0 8 32 46 29 16 0 27 1 24 21 12 15 30 32 41 1 44 50 9 29 18 3 39 
0 33 38 0 27 31 38 30 48 13 0 22 41 32 27 3 25 42 19 45 44 18 10 36 7 1 32 0 49 5 13 1 
26 7 44 9 22 19 19 43 26 18 3 28 8 0 24 35 41 40 14 7 20 35 0 15 43 13 44 42 22 1 32 
10 28 15 3 17 20 4 48 13 1 35 25 2 39 20 34 4 17 28 48 26 3 34 43 38 43 0 31 50 13 
11 27 38 32 31 29 50 37 33 46 43 34 36 27 0 0 47 24 29 34 36 48 0 26 10 46 0 12 19 
37 32 12 28 38 0 33 8 35 11 18 13 46 29 44 42 21 39 42 16 31 4 34 35 36 36 44 39 
21 24 44 8 50 16 40 7 24 43 32 36 16 7 13 43 19 14 46 31 45 31 15 44 42 38 0 
32 14 13 1 34 7 24 26 17 0 26 23 50 30 25 10 31 20 0 47 16 13 0 5 17 36 
22 27 50 48 4 16 5 14 21 6 31 4 17 40 26 13 0 41 16 40 43 50 39 3 32 
4 39 4 15 18 32 29 49 32 31 21 14 0 37 32 16 29 44 2 28 12 7 8 39 
42 16 14 22 0 28 20 3 49 11 47 20 38 24 44 26 0 22 38 19 18 31 8 
46 8 34 32 11 31 16 16 29 30 43 45 44 17 4 31 19 19 24 45 7 19 
40 50 25 5 11 38 42 8 0 44 6 23 10 39 35 45 36 50 40 25 40 
36 6 31 43 10 19 40 0 28 35 38 12 9 39 1 13 35 18 44 16 
30 4 32 46 34 33 14 15 28 1 39 49 27 7 25 10 20 41 26 
43 32 14 9 28 37 18 48 11 9 27 5 33 46 44 17 0 7 
34 37 1 43 4 28 3 35 37 19 1 24 29 7 44 0 23 
13 46 27 4 18 29 0 34 34 12 26 19 6 10 20 31 
43 9 25 32 3 43 19 15 2 10 30 10 21 45 31 
38 18 34 3 46 22 30 46 24 6 33 50 21 3 
24 18 28 2 12 42 21 32 34 41 24 50 17 
16 6 48 50 6 0 0 34 46 30 38 29 
29 37 12 45 41 0 18 26 18 13 46 
34 25 41 38 49 41 15 36 14 27 
23 6 49 41 0 35 29 41 30 
49 31 44 2 48 1 1 37 
45 9 9 15 20 30 17 
36 41 6 36 13 40 
48 27 16 46 8 
44 5 23 17 
23 50 45 
43 15 
20 

1 3
1 23
1 30
1 55
1 89
1 96
1 97
1 99
1 102
1 120
1 131
1 139
1 145
2 6
2 29
2 82
2 87
2 139
3 16
3 35
3 83
3 106
3 112
3 118
4 24
4 26
4 38
4 48
4 101
4 138
5 29
5 32
5 34
5 86
5 145
6 40
6 43
6 68
6 88
6 95
6 97
7 28
7 62
7 68
7 150
8 14
8 24
8 96
8 102
8 103
9 12
9 24
9 29
9 32
9 37
9 83
9 136
9 138
9 141
10 14
10 35
10 54
10 56
10 85
10 100
10 118
10 119
10 122
11 28
11 31
11 58
11 119
12 138
12 148
13 51
13 53
13 147
14 42
14 60
14 73
14 94
14 100
15 42
15 56
15 58
15 77
15 97
15 110
15 133
16 57
16 62
16 103
17 36
17 44
17 65
17 150
18 73
18 78
18 114
18 126
18 137
19 64
19 67
19 93
19 109
19 131
20 21
20 32
20 47
20 58
20 144
21 35
21 95
21 126
22 35
22 60
22 65
22 92
22 136
23 50
23 59
23 68
23 88
23 91
23 95
24 56
24 59
24 61
24 116
24 149
25 45
25 48
25 51
25 57
25 87
25 111
25 113
26 85
26 89
26 110
26 116
27 30
27 38
27 52
27 93
28 30
28 73
28 89
28 98
28 141
28 150
29 79
29 84
29 86
29 104
29 119
29 125
29 134
30 65
30 85
30 121
30 150
31 32
31 37
31 70
31 95
32 52
32 54
32 81
32 113
32 139
33 66
33 116
33 135
34 73
34 141
35 63
35 74
35 110
35 137
35 141
36 74
36 136
37 53
37 125
38 48
38 137
39 55
39 70
39 103
39 108
40 71
40 106
40 113
40 137
41 86
41 130
41 147
42 48
42 53
42 72
42 103
43 89
43 141
44 72
44 74
44 75
44 105
44 113
44 128
44 140
45 63
45 65
45 126
45 135
47 63
47 65
47 150
48 53
48 70
49 56
49 70
49 95
49 121
50 54
50 76
50 138
51 53
51 57
51 111
51 140
52 75
52 92
52 124
52 129
53 91
53 92
53 98
53 109
54 67
54 76
54 84
54 119
54 121
55 67
55 73
55 96
55 101
55 102
55 114
55 119
55 124
55 141
56 104
57 63
57 67
57 77
57 96
57 101
57 124
57 135
57 146
58 59
58 63
58 98
58 106
59 74
59 83
59 109
59 127
59 143
60 92
60 136
60 141
61 111
61 126
62 67
62 93
62 101
62 121
62 148
63 74
63 97
64 82
64 107
65 74
65 87
65 110
65 138
66 120
66 127
66 129
66 142
66 144
67 136
68 76
69 102
69 149
70 101
70 115
71 89
71 98
71 108
71 116
71 127
72 82
72 104
72 105
72 109
72 139
73 74
73 82
73 87
73 115
73 141
73 142
73 149
73 150
74 83
74 88
74 113
75 83
75 112
75 117
75 121
75 127
75 138
76 142
77 88
77 90
77 113
78 115
78 127
78 147
79 102
79 116
80 110
80 122
80 132
80 135
81 112
81 135
81 144
82 113
82 119
82 137
84 128
84 134
85 127
85 134
86 89
86 119
88 100
88 123
88 136
90 101
90 109
90 137
90 138
91 93
91 95
91 113
91 114
91 136
91 144
92 97
92 100
92 118
92 123
93 124
93 133
94 97
94 111
94 149
95 130
96 98
96 115
96 132
96 137
96 144
97 99
97 103
97 119
97 137
98 104
98 117
98 122
99 105
99 130
99 136
99 137
101 111
102 139
103 111
104 107
104 123
105 114
105 119
105 124
106 115
107 139
107 150
109 110
109 136
109 146
109 150
110 134
111 119
111 140
112 134
113 138
114 118
114 134
114 144
115 133
116 145
117 127
117 133
118 119
118 122
118 129
118 146
119 133
119 142
120 147
121 136
121 137
121 144
121 148
122 128
123 150
124 134
124 143
124 147
125 142
126 139
127 132
127 144
129 138
130 138
132 149
133 149
134 141
138 144
138 145
139 145
141 146
