200 796 1000

25 62 74 70 84 44 105 84 58 89
47 17 39 73 53 55 71 54 88 74
65 19 93 67 26 15 94 82 38 23
38 36 35 98 50 42 99 22 40 49
63 85 33 91 86 36 64 68 50 33
26 94 68 52 65 31 63 62 105 68
103 93 73 44 77 80 23 31 58 11
23 49 34 65 58 67 110 86 44 27
33 20 67 81 16 85 55 43 45 30
104 51 23 16 39 108 105 104 62 81
20 19 106 34 67 47 34 105 98 100
49 106 23 18 64 108 62 84 16 23
26 104 88 86 85 57 84 45 85 102
94 109 106 105 104 65 26 88 39 13
27 93 23 39 64 101 69 77 65 30
62 30 92 62 93 61 50 72 48 107
43 99 59 18 44 37 107 90 103 25
107 96 61 18 86 87 56 32 81 98
54 78 58 65 70 45 97 40 82 48
47 26 55 53 30 12 70 96 54 96

15 52 64 60 74 34 95 74 48 79
37 7 29 63 43 45 61 44 78 64
55 9 83 57 16 5 84 72 28 13
28 26 25 88 40 32 89 12 30 39
53 75 23 81 76 26 54 58 40 23
16 84 58 42 55 21 53 52 95 58
93 83 63 34 67 70 13 21 48 1
13 39 24 55 48 57 100 76 34 17
23 10 57 71 6 75 45 33 35 20
94 41 13 6 29 98 95 94 52 71
10 9 96 24 57 37 24 95 88 90
39 96 13 8 54 98 52 74 6 13
16 94 78 76 75 47 74 35 75 92
84 99 96 95 94 55 16 78 29 3
17 83 13 29 54 91 59 67 55 20
52 20 82 52 83 51 40 62 38 97
33 89 49 8 34 27 97 80 93 15
97 86 51 8 76 77 46 22 71 88
44 68 48 55 60 35 87 30 72 38
37 16 45 43 20 2 60 86 44 86

9 22 14 21 32 28 12 19 17 3 40 25 7 20 48 38 48 2 3 38 28 23 39 32 5 47 23 35 31 46 22 45 47 15 27 21 17 0 28 47 3 45 40 22 33 10 2 35 3 7 20 40 47 40 15 18 42 0 39 30 43 28 37 1 14 32 16 24 32 1 38 19 15 24 6 37 1 35 48 13 25 26 44 46 31 25 3 5 0 42 8 16 46 5 47 0 12 28 26 44 27 26 12 10 21 43 44 29 3 38 42 44 22 0 41 35 35 23 29 39 49 28 32 39 28 42 23 33 33 14 6 35 20 47 29 38 29 48 45 15 12 16 5 34 4 20 17 34 2 3 50 46 22 5 27 2 40 36 27 20 35 29 6 39 10 9 18 17 24 49 29 23 2 0 31 46 25 0 13 21 46 14 4 21 44 25 48 8 37 42 5 29 19 18 43 4 2 6 11 
2 44 28 2 19 48 28 46 18 40 14 16 46 34 29 23 43 21 16 43 3 26 3 9 45 10 5 22 1 49 21 43 4 36 29 25 35 35 33 18 47 5 25 16 8 21 31 19 48 33 40 35 11 11 2 25 45 17 6 20 36 37 38 4 5 26 2 50 45 33 25 0 38 19 20 15 6 32 13 16 16 31 47 35 25 45 26 41 6 4 39 16 32 15 24 43 19 0 9 32 41 4 42 46 25 32 22 3 4 47 46 20 7 14 9 34 28 49 12 6 24 3 41 17 46 46 47 16 29 11 20 0 12 20 43 31 24 2 15 47 11 27 49 23 18 17 14 22 28 25 41 50 35 20 6 48 46 10 3 50 20 30 11 22 31 37 11 12 41 28 16 44 24 1 36 50 14 20 17 42 36 22 10 19 45 48 47 35 7 36 25 32 14 6 0 8 26 9 
11 7 3 18 11 50 43 41 44 47 25 9 7 15 31 23 30 41 32 3 0 45 25 23 18 38 29 36 46 39 17 1 4 24 37 46 1 45 50 44 15 42 5 12 10 46 35 23 21 4 42 37 22 17 26 45 3 18 11 9 49 18 11 35 13 1 27 30 4 50 46 9 42 25 27 0 17 18 36 24 36 1 33 23 13 26 50 45 13 22 17 24 26 34 11 43 45 11 17 13 14 35 20 20 21 22 29 6 9 4 35 18 6 6 28 0 15 49 35 28 23 44 16 39 7 16 30 48 21 12 48 5 0 33 8 20 0 8 41 33 30 4 27 47 44 7 3 7 14 26 41 8 46 45 18 42 41 41 18 49 4 18 30 30 3 1 9 42 20 17 16 25 39 41 0 13 26 24 38 11 16 16 21 30 14 5 1 20 50 20 43 44 37 13 9 47 20 
19 15 28 18 15 13 6 44 39 8 23 25 19 16 48 43 28 8 0 11 48 1 26 47 30 40 50 41 41 15 48 48 2 1 15 12 44 48 16 1 24 10 30 31 19 20 41 11 30 44 11 24 33 0 42 13 47 12 6 4 29 2 6 15 43 6 0 6 25 17 39 24 30 25 28 13 8 28 15 28 23 17 49 50 44 46 27 6 8 41 0 31 43 18 39 5 27 38 36 14 38 45 22 3 34 30 10 36 41 12 0 2 7 7 20 46 34 40 20 42 20 19 15 12 25 31 29 28 9 50 23 19 26 38 0 50 33 37 28 47 23 36 34 33 25 16 14 50 6 6 34 5 5 27 47 22 19 13 44 46 32 16 6 44 18 19 19 43 46 42 49 29 15 5 29 21 11 36 10 15 20 4 27 43 4 16 18 43 11 42 36 7 1 36 50 29 
20 29 0 4 26 4 42 31 2 14 18 42 44 24 29 24 16 48 5 24 49 33 36 32 28 28 28 31 36 11 47 24 44 36 20 15 40 38 34 40 34 43 0 41 17 31 42 40 29 37 34 32 38 4 0 1 0 19 14 15 2 16 0 48 39 32 20 28 31 38 16 0 46 12 36 6 24 33 46 47 21 39 7 28 14 31 0 48 43 12 43 0 12 5 34 0 47 33 32 15 5 16 4 12 24 18 32 8 34 20 7 5 33 35 10 7 4 3 31 32 29 33 7 48 38 23 35 7 2 8 46 48 0 18 0 48 24 3 2 5 4 26 1 45 20 23 45 7 36 47 27 30 0 28 10 8 19 37 48 31 20 19 36 32 28 2 13 39 21 35 22 24 31 29 25 14 25 15 47 17 20 23 20 23 25 12 27 44 23 35 14 39 29 30 43 
9 43 12 0 25 17 16 34 15 26 0 24 15 45 16 10 46 32 35 28 46 1 34 18 28 33 36 31 2 23 0 25 24 13 31 2 31 45 36 37 16 41 19 25 9 8 23 22 26 43 49 40 48 26 16 31 18 21 18 22 8 29 38 37 7 6 14 40 1 44 11 6 49 11 40 31 46 7 20 35 42 32 21 47 2 23 24 18 12 25 19 0 47 41 39 1 23 1 36 10 12 11 45 24 27 11 30 28 4 12 47 8 36 41 35 2 10 3 0 9 4 16 31 17 40 3 11 19 16 45 5 41 30 29 22 39 45 4 19 10 42 15 45 28 44 30 0 29 40 42 9 49 16 30 42 14 0 23 14 35 1 19 13 2 0 34 12 45 23 31 40 6 19 42 48 12 42 13 17 21 35 1 48 29 20 13 20 6 20 0 42 5 43 44 
46 1 49 1 19 28 39 23 10 28 42 47 37 38 46 47 22 43 6 5 47 9 22 10 22 9 40 12 11 4 2 10 31 13 48 50 33 45 8 13 32 26 41 33 48 48 20 41 37 11 2 4 14 1 16 14 11 16 40 2 34 27 16 44 0 1 18 7 29 5 19 23 36 2 9 40 31 24 8 0 44 28 19 48 4 9 28 37 9 12 15 5 48 16 0 29 27 3 28 8 19 39 48 40 32 47 30 24 31 11 10 31 25 11 20 10 34 45 34 5 0 38 32 1 13 7 33 4 39 10 37 9 11 41 26 27 11 28 15 0 4 44 20 18 32 48 10 37 44 20 23 31 38 46 11 16 42 18 46 30 35 17 24 13 46 5 12 16 6 36 16 26 11 22 40 40 40 20 18 29 28 35 0 7 25 25 36 47 33 0 18 0 27 
8 10 28 11 31 42 6 39 19 22 5 1 43 38 41 28 48 20 9 26 41 49 15 25 2 28 2 34 5 16 40 3 26 33 36 40 44 37 3 6 38 20 39 10 31 12 49 48 38 50 15 33 42 27 26 39 13 13 7 16 42 33 27 0 16 32 35 11 34 1 47 22 22 31 45 16 30 42 29 42 31 15 34 12 32 4 0 44 1 17 10 0 47 41 26 6 4 29 47 5 43 0 37 10 11 22 26 47 30 17 5 23 24 22 6 31 1 12 8 24 41 25 29 48 48 25 25 33 1 37 49 6 24 11 6 2 26 40 3 44 24 37 50 50 5 4 28 50 2 25 24 49 39 21 21 34 23 29 42 32 48 20 35 48 23 32 32 41 34 22 12 40 35 43 31 46 15 10 21 26 24 43 27 2 48 36 21 21 0 12 36 1 
31 49 13 28 44 40 34 36 47 19 48 33 21 29 27 27 19 36 47 43 20 16 4 24 23 13 25 0 31 24 23 27 27 45 21 3 19 11 43 15 12 18 47 23 20 16 29 47 7 16 32 31 50 40 35 28 26 15 6 22 8 44 0 33 47 11 13 1 3 11 26 1 22 49 45 9 6 18 21 49 44 33 15 15 28 7 35 30 40 0 37 35 39 24 2 48 32 17 12 6 47 12 28 6 48 3 0 27 31 29 22 18 7 8 30 22 32 13 31 40 24 4 24 41 29 18 1 48 6 19 32 37 42 10 16 18 14 4 31 11 46 35 49 12 31 18 4 8 18 12 46 29 15 50 2 0 15 2 0 29 42 12 24 34 24 39 40 9 42 13 44 8 43 5 39 29 29 5 0 19 3 4 21 44 41 0 4 36 45 22 27 
36 23 9 39 18 9 15 45 17 24 36 47 37 32 10 3 10 19 38 31 0 38 9 9 11 15 26 34 30 17 2 26 26 11 11 16 49 0 47 12 22 27 44 12 16 0 12 19 20 29 44 26 40 5 1 25 36 4 30 4 22 42 20 24 45 31 23 25 23 1 23 34 31 35 23 39 49 0 45 34 26 16 34 11 45 26 12 41 38 20 35 44 34 45 38 10 43 46 23 49 31 42 14 26 0 40 36 45 49 15 48 27 46 15 30 45 19 13 41 44 22 31 35 4 49 28 14 42 33 4 35 20 19 11 0 29 4 45 23 25 50 17 50 5 38 29 9 36 15 44 2 9 49 8 43 5 14 44 6 33 8 24 10 31 28 0 4 31 24 39 9 47 35 0 19 39 31 15 39 32 45 44 10 10 3 33 10 13 31 32 
15 38 32 49 21 29 21 3 30 49 44 21 11 14 16 27 38 46 28 27 33 43 11 7 49 44 28 48 27 6 48 37 15 44 22 1 29 2 18 2 29 22 25 48 22 4 23 26 10 20 1 25 40 37 30 11 20 31 25 5 14 42 36 0 23 24 19 43 18 9 19 19 16 6 8 30 39 44 41 44 41 30 18 46 13 0 37 13 25 28 33 16 4 44 23 0 17 0 11 44 35 15 44 43 37 43 23 1 0 48 29 37 46 41 11 19 17 49 44 9 30 43 0 6 1 44 48 6 26 47 6 1 0 14 2 45 29 26 42 2 17 39 3 0 33 2 0 17 40 35 3 11 15 28 35 0 37 48 45 24 24 13 1 22 37 38 38 38 33 37 42 6 30 42 15 43 16 40 43 47 0 23 2 32 1 46 45 17 45 
4 30 44 4 12 45 48 19 35 2 32 31 39 26 38 41 10 20 30 6 33 35 1 26 45 6 15 31 9 35 33 47 48 18 50 5 19 42 11 41 9 40 25 3 27 28 19 30 22 2 34 23 46 21 24 22 44 18 39 44 35 28 8 49 47 4 19 5 35 31 4 12 37 11 45 17 39 47 9 44 44 2 31 36 28 21 3 22 38 8 26 19 45 19 0 40 24 24 21 30 1 17 10 20 11 45 1 15 40 11 29 21 47 20 17 35 32 0 30 23 31 32 5 40 50 7 8 27 19 4 0 22 41 40 31 19 23 44 6 48 42 18 24 2 21 40 30 30 49 27 16 49 9 49 36 37 6 43 29 43 3 27 11 39 30 18 19 41 13 41 17 5 9 2 12 41 30 5 33 9 7 33 44 1 0 20 50 20 
41 0 49 9 12 21 36 39 43 4 38 32 38 17 12 34 11 27 0 15 38 6 38 4 47 25 20 18 5 39 29 40 48 25 33 11 27 42 31 12 36 11 34 3 12 42 11 14 0 23 42 43 11 17 1 5 41 18 13 35 30 8 23 24 29 43 24 35 10 23 35 44 11 23 17 40 12 2 6 22 1 30 27 30 2 44 47 21 9 9 42 48 17 49 43 30 16 2 33 0 36 41 48 25 35 19 49 37 49 40 24 44 32 32 8 46 1 22 22 46 31 50 3 29 18 5 47 29 12 29 39 32 10 44 48 44 30 20 20 7 34 30 31 23 12 19 21 0 0 35 20 33 29 11 37 11 41 27 5 21 17 1 22 41 42 10 1 24 45 8 16 34 28 23 15 21 10 26 8 40 37 23 46 12 14 27 5 
13 30 41 39 48 2 2 0 46 30 18 14 49 49 19 2 23 31 12 17 12 47 47 47 48 10 7 38 0 12 29 29 22 44 19 24 16 43 0 16 0 5 38 5 20 22 0 40 48 50 42 0 24 20 37 6 47 6 18 46 11 46 10 0 37 19 25 30 31 35 39 33 35 1 0 12 19 3 34 44 14 13 16 47 29 45 25 21 11 45 34 3 20 29 0 1 11 49 4 45 30 23 11 0 25 30 28 36 37 27 17 7 13 20 7 47 25 45 27 21 49 21 17 13 5 37 11 23 0 13 5 44 39 3 18 44 22 16 34 7 22 43 19 16 10 13 20 44 20 19 15 24 14 26 16 22 33 45 46 20 33 30 0 15 19 18 31 19 14 5 32 0 29 14 49 43 26 49 42 25 48 6 38 30 37 20 
19 10 12 23 10 42 33 38 14 4 29 0 44 44 27 27 32 29 2 33 30 17 24 26 0 49 45 11 49 2 42 19 10 28 8 47 47 9 24 22 49 12 5 47 50 32 32 33 26 43 1 31 7 29 23 34 38 36 21 50 22 29 12 12 44 32 45 1 31 26 24 2 33 47 34 49 14 11 30 29 18 35 12 4 2 18 8 21 27 34 8 48 2 33 9 49 20 38 31 5 23 33 30 32 33 45 40 0 24 1 16 45 16 32 3 37 15 33 44 39 32 45 24 48 20 3 42 8 2 45 48 46 16 46 38 50 29 39 31 11 7 1 37 43 38 34 14 27 31 30 8 43 46 48 27 31 40 18 29 42 18 0 38 6 13 4 37 35 22 45 5 14 6 25 33 11 1 7 33 16 11 1 43 42 6 
16 9 50 2 0 7 44 43 15 7 16 32 46 39 33 41 11 8 6 27 43 18 6 11 10 28 39 35 23 32 12 23 18 43 15 13 8 3 42 7 0 47 13 0 39 29 12 34 50 1 50 8 47 43 14 42 13 48 40 1 5 18 50 24 38 19 3 42 24 30 27 43 15 0 36 25 46 4 22 39 18 42 37 28 9 41 33 13 18 17 44 9 4 33 39 30 20 28 15 23 26 12 35 6 41 6 0 21 43 39 7 4 17 18 43 19 0 25 49 5 34 36 0 41 21 44 23 4 28 45 46 17 6 31 40 41 47 24 0 47 10 35 12 34 38 44 11 0 45 47 44 24 45 49 15 3 32 13 13 26 34 50 23 5 27 0 31 1 0 0 46 47 46 35 43 45 29 2 47 40 27 18 12 10 
0 16 21 48 1 35 8 45 25 4 42 7 0 48 10 43 15 10 16 35 45 44 14 17 6 0 5 17 49 43 39 33 24 14 19 9 15 26 42 45 0 14 30 3 22 15 24 2 16 11 38 27 45 47 19 38 41 4 33 12 41 15 36 38 19 33 30 13 0 1 35 0 28 38 47 36 5 13 48 39 14 1 0 11 46 45 0 38 40 19 42 35 37 0 5 46 18 14 0 12 30 45 39 31 23 6 21 43 41 45 44 5 48 23 45 36 35 24 43 0 2 18 8 37 12 33 50 15 0 22 41 44 43 27 28 28 19 10 24 26 33 44 28 28 39 29 33 47 41 9 20 24 2 10 30 3 50 40 14 37 13 49 36 3 22 6 25 0 40 0 24 29 16 19 37 43 17 0 24 6 13 38 40 
19 30 4 24 35 25 36 27 39 44 33 33 46 30 19 34 16 7 17 34 21 23 2 3 8 48 11 23 29 45 30 23 34 44 24 46 29 32 30 7 19 28 34 31 8 44 43 17 32 43 6 26 29 17 42 8 0 22 23 43 48 38 17 27 12 14 4 13 0 12 23 42 35 15 26 2 48 20 49 4 46 39 27 19 24 28 49 20 31 38 25 30 47 27 12 19 49 48 38 23 47 25 12 18 17 24 7 43 15 17 6 8 2 0 42 0 12 19 45 5 35 34 37 21 4 18 19 43 29 7 39 27 40 32 31 27 15 48 0 21 40 24 23 39 39 29 11 25 33 39 39 5 17 38 39 49 40 2 3 18 6 48 42 47 14 16 45 25 29 0 32 0 40 3 29 42 26 21 49 37 4 10 
31 49 23 5 27 0 38 0 50 50 18 2 0 41 36 4 46 9 6 41 2 3 46 15 7 6 11 20 6 18 14 7 47 47 34 15 1 14 8 12 9 13 3 39 17 15 12 3 35 9 8 18 22 23 24 41 8 2 44 36 16 20 42 29 20 45 24 18 34 49 14 37 9 27 25 9 8 32 48 7 31 41 37 22 14 29 29 1 20 13 41 5 18 10 4 36 35 19 33 39 0 2 27 48 5 33 21 30 26 22 37 32 21 27 5 36 13 44 22 46 10 21 45 18 2 11 16 49 3 33 6 24 36 32 14 45 18 5 10 45 11 42 12 29 9 15 35 42 31 28 27 45 32 35 47 13 13 15 7 25 5 34 8 3 10 28 50 9 21 32 1 25 24 27 0 19 20 40 24 50 23 
16 32 21 14 47 49 50 37 50 43 6 18 20 37 49 15 11 37 33 9 42 37 45 45 38 48 47 0 20 36 25 21 36 48 14 33 19 27 45 48 4 37 35 45 29 5 28 15 14 35 36 34 3 29 5 27 23 38 18 23 23 42 45 45 4 50 25 47 21 50 35 46 27 32 29 42 11 1 28 37 21 45 30 29 16 23 23 46 7 28 8 43 19 16 0 4 4 31 33 8 50 47 47 31 23 24 12 2 16 1 6 4 21 18 14 18 15 4 25 40 34 19 32 32 7 44 23 32 42 33 10 15 0 24 20 29 5 42 11 25 20 31 26 16 27 42 35 38 40 46 5 20 22 33 23 36 47 0 40 30 27 4 47 0 9 27 14 0 31 36 23 48 24 47 18 1 32 29 19 19 
45 43 32 10 47 16 37 27 16 7 25 22 41 19 26 43 7 8 15 24 16 11 0 15 18 11 50 5 41 0 11 50 30 22 25 43 35 34 32 25 11 31 43 22 0 27 4 48 30 46 39 4 42 13 11 45 32 24 0 30 17 34 45 31 25 13 32 15 43 47 25 18 42 13 42 30 12 22 14 35 11 16 39 40 43 37 40 18 20 27 42 34 50 34 28 3 32 33 21 34 3 43 16 13 1 49 30 22 13 30 45 33 24 48 44 1 35 10 45 21 44 43 2 35 37 22 35 44 16 27 26 48 2 41 5 5 41 14 41 17 49 26 50 6 43 50 9 3 20 50 40 42 11 43 15 46 27 16 31 21 21 36 11 20 11 9 46 17 22 41 18 5 0 19 7 23 10 23 50 
48 28 12 10 14 27 45 4 36 35 19 19 43 25 49 19 50 9 50 21 38 4 16 24 45 15 7 20 44 43 43 27 25 16 0 3 44 16 41 30 33 28 22 23 21 13 11 16 27 21 43 8 35 33 29 2 11 1 5 46 28 30 48 38 28 7 42 30 21 30 20 24 24 18 17 34 32 2 49 14 34 33 20 31 8 13 19 16 23 5 46 14 35 37 40 29 12 19 19 37 32 27 0 47 10 26 42 40 39 26 46 14 37 20 41 30 34 4 20 50 30 2 16 5 32 33 33 39 50 24 10 26 20 36 27 16 0 13 1 34 11 34 49 2 15 7 37 33 36 35 27 6 2 16 29 40 39 48 0 3 14 49 14 5 46 0 38 28 36 35 18 7 11 24 13 24 35 48 
31 50 3 24 0 3 4 0 0 17 5 28 36 26 44 4 49 25 48 12 47 36 1 39 47 27 20 16 50 37 17 36 13 41 31 17 13 4 19 27 40 3 42 30 31 6 8 2 9 13 43 15 34 20 44 17 0 10 30 49 26 49 45 0 30 36 16 36 41 38 43 10 39 49 37 39 45 29 14 18 24 34 41 40 15 38 11 28 33 12 41 19 50 44 1 50 5 32 15 43 47 5 37 46 26 33 19 17 11 25 14 8 46 32 41 28 10 31 40 36 23 11 4 41 42 37 21 19 6 0 8 23 3 39 50 33 24 32 13 33 4 35 0 13 1 29 36 19 15 45 35 18 15 48 25 0 48 18 18 36 39 26 47 12 3 36 10 10 21 0 38 7 47 50 15 37 0 
42 27 37 50 33 26 31 31 42 28 47 37 27 37 6 9 13 16 14 24 42 11 26 39 26 35 9 34 3 18 16 37 49 48 50 26 25 45 0 5 16 13 45 35 11 6 15 43 37 21 11 42 24 0 12 39 50 15 2 9 14 47 28 9 36 38 20 16 9 6 5 19 4 27 18 48 14 4 42 23 33 21 47 30 28 46 17 26 16 17 36 23 31 31 31 27 23 28 5 41 33 23 30 26 3 36 29 23 10 18 3 48 8 28 21 6 34 33 29 16 24 40 21 15 4 33 36 1 46 41 15 28 45 36 21 43 28 2 34 7 6 44 49 7 43 20 49 16 41 19 31 14 21 34 21 25 30 17 17 46 19 30 19 38 10 5 17 10 47 14 9 14 36 49 7 2 
45 14 25 29 5 12 20 31 0 10 4 23 7 12 21 40 12 30 49 31 49 16 6 1 13 35 36 18 2 35 27 21 14 49 23 8 9 27 21 23 11 38 32 26 35 34 25 39 5 42 7 36 6 42 47 37 43 30 44 4 10 26 18 37 32 29 27 39 17 7 27 0 15 21 5 16 9 39 28 3 42 0 22 3 3 1 36 29 46 28 21 21 45 48 39 7 28 23 8 0 35 22 3 15 23 31 32 21 49 39 35 46 41 22 20 30 4 14 5 6 18 8 2 19 23 22 29 9 23 49 0 16 48 3 48 7 3 27 21 24 7 38 4 34 40 4 13 18 25 25 2 30 19 23 46 26 20 0 47 24 38 33 38 37 48 30 50 26 20 17 30 48 29 39 16 
42 29 8 37 0 11 9 43 37 5 2 8 7 17 0 1 3 46 6 22 5 13 41 18 14 25 17 8 21 48 34 36 1 10 23 34 50 38 40 31 30 0 20 11 20 26 19 26 16 17 9 18 19 11 50 23 22 37 38 35 47 49 39 5 10 7 26 50 18 11 14 4 32 43 13 39 41 49 0 10 29 23 43 2 50 6 37 5 19 2 0 42 37 1 26 16 49 0 29 13 32 6 11 25 47 33 20 21 13 45 2 0 17 39 5 27 20 49 38 25 26 43 5 40 19 16 6 31 46 24 39 26 27 33 23 21 45 36 43 43 31 36 38 29 15 37 2 40 33 9 23 19 29 15 13 49 22 24 0 39 35 40 8 19 26 29 26 1 21 33 9 1 25 48 
36 34 33 45 23 3 39 40 2 7 44 28 10 49 48 13 3 21 1 38 1 24 1 26 2 21 18 15 36 10 0 36 25 15 27 31 17 14 39 4 37 19 32 13 0 45 37 14 12 42 21 39 28 31 2 6 25 8 49 30 47 38 20 42 31 18 44 15 27 24 6 9 36 9 10 46 32 23 48 30 22 45 28 37 10 24 37 9 23 38 32 0 13 22 42 36 8 6 29 9 16 22 16 13 0 16 50 36 25 49 34 50 44 42 12 7 16 32 2 4 28 41 41 11 13 17 45 41 13 30 50 7 1 28 9 45 6 20 0 7 0 7 11 32 46 46 31 6 25 21 41 7 46 35 7 38 38 33 24 47 48 27 38 46 4 25 10 37 47 46 44 49 31 
39 33 14 7 32 33 3 8 45 24 46 44 41 39 29 13 34 46 44 4 44 42 35 22 7 24 25 8 19 20 8 30 33 17 30 8 27 2 13 36 38 26 36 0 11 35 13 21 9 9 15 30 0 50 19 31 42 5 12 40 40 46 45 0 43 23 12 13 4 4 50 12 16 19 5 21 23 39 47 17 16 45 26 26 43 31 49 48 5 21 2 21 46 47 0 34 18 17 9 19 37 36 22 23 30 9 19 21 44 11 17 14 0 11 45 39 7 27 0 45 14 32 36 26 39 42 3 3 14 8 25 11 17 25 16 28 12 47 14 27 5 43 33 0 2 21 46 18 1 0 47 29 39 27 6 43 12 20 43 24 11 15 28 13 34 37 30 42 31 27 29 31 
4 23 26 47 7 48 0 19 16 46 9 0 14 39 34 0 28 0 7 9 10 48 37 33 50 30 14 34 42 7 43 33 13 2 0 47 36 0 15 50 44 13 1 10 27 38 4 28 8 11 48 43 48 0 21 49 9 23 22 8 40 19 49 26 49 27 31 28 0 47 7 0 18 5 17 50 1 16 20 50 25 20 34 8 31 11 30 5 37 5 45 36 19 9 21 8 32 36 3 30 29 45 23 22 12 27 21 7 0 24 29 35 37 7 45 35 34 32 29 25 15 5 28 3 24 11 29 16 38 3 48 0 7 12 41 0 18 8 40 38 39 43 44 27 47 29 9 13 29 6 31 15 47 9 26 21 9 36 1 0 36 12 44 4 28 37 29 8 47 28 50 
2 22 15 13 44 44 29 22 34 21 16 23 6 14 1 47 41 40 22 14 22 20 5 27 29 30 3 27 6 45 39 0 32 36 48 11 10 19 48 2 24 20 45 31 1 3 20 0 42 21 37 5 6 27 38 50 19 44 41 0 23 37 19 38 39 30 26 41 33 19 31 7 34 11 43 3 16 36 7 42 50 25 29 1 1 15 44 46 15 24 25 16 2 1 22 22 11 38 16 14 7 17 3 0 50 17 10 7 4 24 30 35 34 0 7 2 43 13 12 26 32 8 48 45 39 6 18 32 38 39 13 18 15 20 5 22 18 14 21 8 43 3 35 26 12 19 42 18 45 20 10 43 33 28 42 24 45 19 24 22 31 0 31 31 18 2 21 38 0 22 
49 12 8 26 17 4 39 46 20 43 0 42 40 7 29 18 29 49 32 50 23 13 0 15 32 29 44 25 4 11 45 22 2 31 47 7 41 41 16 43 50 0 31 32 35 40 31 2 28 39 40 2 29 2 0 10 13 27 34 31 47 5 47 31 42 28 35 36 13 36 36 45 28 9 30 7 18 34 48 11 0 14 28 6 42 15 5 4 20 48 21 3 14 1 7 1 20 13 50 4 10 10 24 1 18 6 0 18 32 45 43 35 11 2 34 33 33 19 44 11 25 0 11 29 39 44 2 45 48 34 16 25 5 25 38 33 15 13 30 44 15 22 7 2 25 0 19 4 0 35 39 47 19 18 33 32 13 12 0 25 26 21 17 35 2 2 0 0 3 
14 6 14 47 48 17 2 7 36 41 7 37 38 27 16 39 26 49 21 17 30 18 6 31 23 37 43 26 6 13 47 21 35 11 19 37 7 16 23 23 10 28 11 45 26 37 8 47 28 27 37 14 48 45 50 0 29 12 36 5 1 13 40 34 26 5 17 8 8 36 42 27 0 12 12 3 11 50 5 27 38 45 17 20 15 10 44 36 4 6 14 23 50 40 34 24 42 10 41 34 37 34 31 22 38 11 6 4 40 35 12 0 30 31 0 39 20 44 33 42 14 13 21 10 48 11 29 7 28 20 20 5 13 24 50 45 9 38 27 39 41 27 39 41 40 39 32 38 24 40 11 45 42 21 21 0 0 12 36 43 1 7 36 32 45 0 31 10 
44 47 11 24 38 43 4 12 30 0 2 8 23 0 18 1 9 48 31 43 36 22 33 0 37 23 20 24 2 35 26 21 24 1 37 26 37 28 45 27 25 3 47 49 24 26 25 17 0 7 10 2 50 13 48 39 22 14 38 26 15 5 6 35 14 50 29 13 7 43 6 11 42 23 35 19 28 42 30 15 38 22 48 14 30 13 26 22 32 18 26 46 42 38 35 2 33 48 4 23 3 33 14 42 0 45 43 17 29 20 29 29 17 50 45 11 33 3 17 39 42 47 19 28 39 43 20 4 18 2 7 36 50 41 1 42 43 43 47 18 38 19 44 27 24 29 8 17 27 35 43 45 14 30 50 47 25 28 46 20 18 14 9 24 12 3 7 
30 7 39 47 6 6 35 43 40 0 32 5 25 36 17 30 27 8 36 21 42 37 13 8 41 47 33 45 23 28 14 26 6 2 18 26 10 2 23 2 47 18 17 34 12 11 32 38 32 23 1 0 33 28 49 2 11 25 26 45 40 31 14 32 30 28 4 35 0 6 37 15 2 9 25 47 23 9 21 43 26 19 30 9 32 7 19 17 12 39 29 30 16 23 24 0 44 19 20 46 41 46 18 49 16 21 13 37 46 35 50 7 27 0 27 24 21 30 10 43 41 45 49 29 22 9 50 23 8 7 44 7 30 39 18 40 45 34 45 38 49 42 37 29 22 41 17 23 24 18 7 25 12 1 31 28 44 4 41 23 42 23 0 50 47 11 
32 38 9 36 19 25 11 46 21 11 32 34 18 9 0 0 42 46 6 40 13 32 18 29 14 37 49 49 13 12 37 34 3 38 31 32 43 41 17 7 30 3 27 0 17 8 49 0 43 38 9 16 25 49 42 14 40 5 9 0 43 32 0 12 36 29 18 29 9 17 43 6 2 28 3 9 2 21 39 12 43 26 29 47 45 10 39 33 39 16 28 50 30 46 25 32 40 47 48 47 9 17 16 7 50 33 16 40 31 44 17 5 40 7 9 28 21 47 9 16 37 46 17 2 2 48 21 3 30 23 0 39 49 34 48 20 0 4 21 28 24 19 33 17 7 0 26 39 2 2 22 32 29 9 46 41 19 17 44 32 47 27 36 50 1 
44 50 11 3 32 0 33 41 46 41 18 26 32 24 30 5 12 46 1 20 27 45 14 27 11 18 7 50 42 13 23 21 37 29 1 43 23 10 36 18 47 11 44 46 31 43 46 34 1 26 15 50 6 48 21 44 46 30 49 0 22 26 4 28 40 12 11 11 12 42 0 49 21 29 43 31 11 18 0 4 12 42 11 7 32 43 24 34 41 29 3 28 34 10 43 20 48 42 20 49 37 40 20 32 0 38 21 32 20 41 41 12 11 22 38 34 29 38 24 29 14 13 43 45 5 20 36 44 49 7 38 4 43 20 28 1 46 43 18 38 0 37 33 2 45 31 24 4 28 0 3 32 30 27 0 26 23 46 26 2 6 47 36 25 
11 16 15 25 17 20 4 12 4 2 45 43 3 12 44 4 49 8 25 14 3 28 47 0 4 14 31 13 4 42 49 21 23 19 0 40 46 3 27 47 44 42 35 45 11 14 43 34 4 31 14 5 10 48 28 17 0 8 39 1 12 25 31 17 33 8 21 13 7 7 47 14 5 48 31 20 50 2 40 5 5 30 39 6 48 37 24 40 11 9 33 20 35 0 15 10 29 19 37 18 3 29 28 38 12 12 6 17 39 31 12 21 32 19 8 9 1 26 0 43 8 28 19 9 18 22 8 11 21 16 27 50 15 44 7 40 48 17 50 36 45 34 41 43 34 13 43 3 12 20 13 48 49 43 3 18 45 28 28 9 48 34 8 
15 44 24 18 27 11 40 19 30 29 14 40 45 21 34 9 12 5 39 37 34 37 28 13 12 35 0 8 9 16 20 6 0 34 3 45 48 0 9 22 43 25 0 15 50 27 26 6 23 16 23 20 0 10 40 8 21 3 30 17 32 5 26 7 34 46 26 37 44 17 32 23 25 8 30 23 5 50 8 40 16 23 0 26 21 41 10 49 47 16 31 30 17 18 20 17 11 22 12 49 13 28 0 22 34 6 31 1 47 29 23 40 9 34 26 38 47 34 20 49 8 43 42 37 10 35 41 27 38 36 31 41 11 6 11 0 20 5 11 3 43 12 29 48 26 26 25 46 46 4 38 40 23 22 3 20 8 3 21 19 20 45 
3 0 45 32 37 5 0 27 29 42 32 14 40 40 17 43 12 4 1 20 0 15 2 32 49 0 5 11 6 1 17 18 19 3 11 19 49 7 16 20 23 19 35 12 45 31 50 0 25 13 45 21 39 35 32 28 15 17 30 25 41 4 13 27 22 21 16 1 23 25 47 25 34 17 19 24 46 21 15 8 9 6 1 45 30 0 47 45 3 34 35 5 41 22 17 7 45 3 21 7 41 1 47 0 19 32 35 34 19 46 42 30 41 30 28 43 15 48 9 36 45 22 37 6 14 30 40 27 6 43 10 6 44 19 34 44 14 1 50 5 21 41 0 49 41 4 40 39 46 50 16 5 22 14 5 44 24 10 12 34 33 
45 15 12 15 32 15 0 33 3 1 21 9 26 18 47 0 2 46 0 30 28 25 27 41 13 36 38 33 34 45 7 9 12 23 31 14 4 40 33 5 24 10 30 27 45 48 37 37 22 2 29 14 40 8 37 4 32 5 37 30 44 15 41 13 35 24 33 34 37 0 12 6 3 6 12 5 43 33 18 5 41 33 21 28 24 6 22 42 40 31 22 28 40 25 26 7 21 30 16 17 43 31 35 35 1 11 5 0 24 40 14 9 38 25 44 14 50 28 31 2 29 25 14 23 15 35 15 29 17 16 43 25 38 12 45 15 2 38 47 30 6 23 50 50 8 19 28 16 17 4 1 18 25 50 47 33 43 42 0 1 
27 17 14 39 22 25 11 14 23 41 19 28 27 17 44 41 50 49 34 17 37 20 18 16 29 19 22 23 31 48 21 0 24 23 21 7 47 14 32 15 9 43 31 44 9 50 41 33 46 26 0 34 22 2 29 1 12 13 25 28 45 8 40 1 43 29 46 12 20 49 2 26 8 11 31 34 3 7 9 38 47 46 42 45 23 10 15 48 25 3 40 22 37 38 46 30 44 47 5 50 34 32 16 40 47 46 17 29 42 25 41 46 32 14 11 32 40 2 22 0 9 35 19 47 14 24 38 41 26 16 33 19 30 21 24 2 15 34 29 32 44 30 48 35 45 41 7 21 28 20 18 10 40 42 50 15 12 38 15 
2 40 21 38 28 8 50 34 24 45 19 36 19 13 24 26 2 7 4 48 11 0 50 28 10 11 0 18 39 41 38 4 1 38 13 38 4 2 5 10 30 29 6 6 20 25 35 12 36 31 22 6 33 31 40 24 6 43 8 33 2 49 50 6 30 4 36 45 37 8 26 34 37 8 24 15 6 46 37 43 18 39 48 41 13 39 0 27 3 4 38 41 44 29 10 41 0 0 7 9 0 26 50 31 48 37 43 45 21 49 38 36 35 32 37 36 30 27 8 10 0 0 19 8 47 31 8 40 36 31 0 15 49 9 12 35 11 28 11 26 42 21 14 0 9 25 26 39 50 9 9 34 16 30 41 27 40 27 
38 13 8 32 41 45 9 17 24 9 45 50 47 9 13 5 37 19 24 26 24 29 11 11 11 14 0 22 0 4 45 38 28 28 4 12 27 43 37 36 25 14 19 27 36 28 30 39 31 36 38 38 39 48 16 17 33 26 15 8 0 24 38 36 8 17 16 41 15 31 24 0 35 13 21 46 17 5 12 27 31 26 8 42 44 4 0 10 43 45 47 4 11 30 11 41 42 32 34 40 48 45 5 50 28 36 19 44 0 46 41 5 16 50 43 6 39 48 43 15 2 20 25 20 21 45 6 24 45 32 9 39 49 17 32 18 33 50 8 14 44 11 4 44 50 33 28 41 13 14 8 38 30 41 5 18 22 
10 23 49 19 31 32 0 21 18 49 35 42 0 1 1 3 37 30 3 40 28 17 22 34 37 30 47 41 25 12 18 39 41 34 50 27 16 18 44 27 0 0 25 12 33 8 41 38 49 11 3 2 4 50 43 35 22 40 8 5 8 36 24 17 35 35 14 34 18 43 48 11 33 49 9 49 50 17 22 11 41 39 6 9 5 46 5 4 18 25 3 20 46 28 19 12 26 40 17 24 23 13 42 0 45 5 49 25 4 43 0 5 34 6 40 31 18 14 37 1 22 19 17 16 42 49 3 0 34 43 9 2 32 7 21 36 22 11 29 24 29 49 0 11 19 27 37 49 22 27 40 27 28 42 30 15 
7 23 4 12 27 8 0 25 40 22 22 0 5 43 1 24 16 20 13 48 44 42 42 37 19 45 24 36 35 49 20 29 49 37 9 1 0 20 7 35 34 30 8 49 38 36 37 15 8 18 16 7 42 0 39 9 50 26 5 24 37 10 40 14 28 7 35 32 33 19 31 8 17 45 29 50 0 32 48 47 40 41 42 7 30 46 38 11 22 35 13 39 14 14 50 0 48 44 36 35 46 21 29 44 20 2 28 43 30 34 0 3 31 13 14 5 36 35 22 13 36 0 43 49 8 1 7 5 34 48 7 0 21 9 49 3 24 40 46 36 37 29 0 25 15 8 13 12 6 30 21 27 27 26 29 
41 11 15 21 23 1 12 5 23 48 28 6 13 5 50 21 3 15 18 34 50 45 40 1 49 11 40 49 15 48 16 5 19 26 29 50 7 1 5 23 2 32 32 25 12 24 22 18 47 48 14 8 4 38 10 27 23 42 3 38 49 8 10 38 35 1 8 3 49 6 33 49 0 48 0 4 44 24 28 20 40 40 44 35 45 7 22 12 1 31 37 19 48 33 0 7 30 22 36 5 28 33 39 4 25 16 39 33 17 44 25 45 40 19 38 44 28 37 31 40 15 27 5 26 0 50 43 37 47 35 21 17 17 0 7 25 8 47 27 49 48 45 2 22 24 19 32 42 19 5 22 34 0 50 
12 19 18 4 3 45 3 38 22 34 36 46 34 34 14 34 0 3 21 19 15 48 37 45 47 32 23 19 41 23 46 38 50 17 26 12 28 37 42 34 13 39 22 2 26 32 40 5 16 33 1 35 4 35 32 19 24 20 9 28 14 49 24 26 33 34 32 25 4 20 35 17 8 11 24 8 37 2 35 43 41 31 26 0 0 26 18 7 13 8 13 47 10 25 20 26 31 13 23 45 33 45 26 13 16 6 48 37 13 33 29 6 22 21 31 49 0 18 10 37 38 2 21 23 36 12 5 28 47 32 3 1 26 40 13 2 28 20 12 8 44 27 16 1 44 29 0 0 9 2 47 33 17 
41 35 1 30 8 22 10 40 15 0 20 14 17 23 6 22 2 18 28 14 12 45 5 23 19 45 28 21 50 3 47 47 9 43 35 41 32 30 18 24 29 12 5 41 13 0 44 40 14 48 16 13 19 37 35 41 21 42 5 21 11 47 15 7 34 23 14 4 17 8 43 45 17 18 27 16 6 4 10 47 39 40 21 0 19 27 17 2 18 28 1 41 6 27 50 9 25 47 41 7 28 37 38 22 21 41 50 48 20 30 22 21 29 18 21 32 23 33 28 19 22 1 1 21 7 44 10 23 32 47 29 38 13 20 23 42 11 35 0 49 3 35 40 48 12 2 1 25 40 40 0 39 
30 6 24 1 1 42 7 20 49 29 17 34 24 26 19 5 17 4 19 5 41 2 42 14 25 32 30 12 14 16 3 42 50 31 14 45 29 26 38 11 47 22 5 16 7 44 38 3 7 44 45 27 4 36 46 5 16 33 9 30 36 46 37 24 6 19 48 5 27 34 14 0 40 31 32 18 29 47 41 46 39 1 28 20 6 0 20 0 23 10 19 16 17 46 46 12 28 48 45 14 44 10 45 31 0 26 43 3 14 12 0 43 17 31 45 22 23 4 0 16 20 15 40 40 23 41 37 17 4 3 24 17 29 23 42 16 40 4 15 22 18 12 10 3 34 38 28 18 27 47 49 
6 25 33 15 31 21 30 46 3 33 22 40 38 34 13 22 48 28 35 23 9 18 14 32 10 46 11 40 23 0 37 42 0 7 38 41 23 38 4 25 50 26 1 18 31 30 14 9 28 2 3 11 28 31 32 6 8 4 46 38 47 42 7 25 0 23 18 15 34 26 18 14 48 15 48 30 5 2 15 12 8 40 11 2 6 50 47 42 19 48 4 6 10 41 45 32 46 23 20 30 12 2 1 41 10 12 6 19 1 8 33 39 26 33 37 0 38 24 43 25 16 36 21 30 15 27 30 29 27 35 32 0 25 35 26 37 39 19 47 44 44 49 40 41 9 35 12 23 20 33 
43 3 0 1 38 25 47 22 48 18 38 49 47 14 23 5 18 42 49 2 48 42 28 14 50 46 37 2 32 15 43 7 15 8 11 11 33 31 38 39 11 27 13 7 47 14 23 17 16 18 46 38 2 14 39 47 50 48 6 5 11 46 32 23 34 30 38 26 48 49 0 30 50 14 1 20 12 42 0 42 38 15 12 0 27 10 16 21 44 28 34 48 3 48 43 7 11 7 45 12 30 36 46 0 32 33 8 0 36 31 25 40 31 21 46 2 48 9 34 43 48 2 47 1 22 28 30 33 23 37 4 0 0 6 41 33 24 35 44 17 31 48 6 28 39 0 17 49 8 
26 37 10 49 38 3 25 40 17 14 29 17 0 12 48 24 32 46 39 5 24 25 24 35 41 23 41 1 17 11 50 37 30 47 0 0 42 10 18 5 24 42 12 10 13 45 28 37 2 47 24 8 46 19 17 11 13 22 8 9 14 50 0 33 36 11 2 0 34 16 26 18 24 32 7 23 47 48 44 18 36 6 16 18 37 44 7 33 25 46 43 12 15 7 11 34 5 24 15 9 36 11 50 11 3 16 25 45 11 24 17 45 45 12 26 6 39 17 16 36 4 26 45 16 35 29 33 0 19 49 13 16 24 3 8 45 4 17 32 35 1 8 40 24 50 6 15 5 
5 48 50 48 5 47 7 34 33 18 46 22 15 12 15 18 31 18 30 4 12 26 21 22 32 47 6 40 15 15 29 26 1 3 40 15 50 39 5 42 31 20 30 35 36 45 14 50 9 19 38 50 42 47 33 27 32 18 8 13 18 33 29 22 35 29 35 42 12 12 12 0 46 16 42 0 10 41 31 7 44 38 43 44 25 25 30 18 1 42 36 22 31 48 4 47 13 32 50 43 0 36 20 32 48 26 25 0 34 11 14 42 40 49 46 12 36 13 0 22 35 32 18 45 0 12 45 38 11 46 48 29 25 37 32 24 43 6 39 18 20 29 25 0 43 41 14 
31 29 27 7 3 22 5 47 12 31 10 22 21 4 12 32 13 18 3 50 8 46 27 26 2 27 41 37 12 38 17 43 16 21 4 40 34 40 18 37 18 43 29 25 31 42 1 21 13 12 9 50 33 47 26 48 50 35 31 0 0 49 39 1 15 0 34 9 3 23 13 50 1 10 28 49 36 15 41 23 13 27 42 26 32 1 49 11 34 18 5 32 18 30 45 50 12 26 3 19 11 42 34 21 50 9 34 49 9 13 36 22 13 42 42 7 38 41 16 4 19 0 25 7 50 47 29 19 49 19 49 10 45 49 0 12 2 45 15 28 33 34 49 27 16 42 
19 22 50 15 26 17 3 14 0 40 15 35 30 0 38 10 40 19 2 30 0 31 15 11 33 15 41 33 23 12 29 6 4 34 48 11 39 4 15 36 27 14 40 24 43 0 43 48 18 3 35 24 39 47 20 46 36 10 33 28 8 10 41 21 26 33 39 42 36 2 0 21 44 4 15 33 22 9 16 4 4 48 37 15 34 6 0 7 21 14 37 23 36 25 7 47 20 39 39 14 0 41 23 30 15 32 19 47 19 43 41 1 23 37 31 17 5 18 43 46 25 50 50 12 50 47 25 45 6 27 9 23 6 16 15 26 46 25 12 27 27 5 40 18 37 
0 8 46 15 4 21 34 0 50 7 41 26 39 11 10 12 49 31 29 0 13 39 41 13 22 25 12 29 41 32 43 6 7 47 34 48 14 32 42 30 29 38 2 2 43 9 35 1 35 40 40 9 38 25 0 50 3 16 30 19 42 50 45 8 14 25 21 35 2 34 0 28 38 25 34 5 25 16 1 50 33 5 50 48 34 9 18 0 39 18 22 23 22 22 15 23 48 5 7 0 29 26 12 9 9 5 5 26 5 30 7 43 39 3 24 38 19 19 18 22 5 5 12 11 39 1 22 35 33 26 11 0 0 33 3 3 5 1 49 1 9 14 47 2 
15 0 0 19 17 10 17 0 21 46 48 28 42 13 17 3 14 5 7 0 46 13 15 49 33 16 2 32 36 36 8 32 0 12 34 1 46 50 39 10 40 36 46 33 7 49 32 42 22 4 7 45 26 19 27 16 7 36 10 25 47 27 47 10 19 6 0 6 4 10 39 19 39 6 31 16 3 41 18 24 38 6 17 0 16 24 48 35 16 24 0 47 32 5 38 46 0 43 38 3 12 6 5 26 42 19 45 1 40 6 50 45 43 49 15 49 21 28 14 8 9 4 0 35 39 32 6 21 21 9 41 17 45 37 41 26 32 30 21 43 14 44 9 
50 37 0 16 28 50 10 14 37 9 0 0 43 42 30 37 48 19 42 23 14 50 35 9 43 28 2 34 2 16 1 28 40 42 43 32 38 35 48 0 31 26 0 38 43 47 13 46 31 47 0 18 36 27 3 47 13 27 25 49 24 39 25 0 26 11 41 21 41 21 16 2 19 20 21 16 34 9 15 3 25 19 23 48 39 32 28 26 39 0 28 45 38 22 2 47 14 35 27 15 10 27 22 32 10 27 14 48 47 36 2 24 48 13 21 19 44 37 4 24 48 42 25 6 5 48 28 42 42 3 12 1 40 0 40 36 44 44 0 29 40 46 
36 14 6 16 11 21 48 29 17 8 18 30 31 27 45 28 7 46 3 2 23 25 7 31 27 37 3 3 0 21 13 10 45 27 9 4 40 15 17 25 15 33 43 34 15 20 14 13 41 14 6 30 9 50 31 15 25 31 4 24 25 30 50 48 15 32 47 19 44 0 26 28 43 17 40 20 28 21 7 34 44 41 33 44 27 33 12 3 18 17 44 46 46 30 34 29 44 1 16 24 44 5 17 36 18 23 28 28 16 21 1 46 45 41 35 23 18 16 37 10 50 6 3 48 23 13 50 45 46 34 5 46 14 41 36 23 21 11 8 33 50 
34 48 23 28 23 10 0 11 27 7 22 18 14 23 37 39 22 32 14 32 24 29 11 29 49 0 43 23 6 8 44 11 45 30 27 40 48 44 31 32 47 22 46 30 24 13 30 46 35 30 39 4 1 8 8 32 6 31 7 30 32 28 46 28 39 32 24 45 15 17 30 27 46 3 44 2 36 8 5 33 34 3 3 33 18 22 4 28 12 26 5 14 21 13 42 18 16 26 9 16 11 15 34 37 14 16 24 4 37 32 44 40 27 34 37 41 19 2 24 43 47 45 39 9 24 16 32 28 32 14 49 35 37 38 2 44 25 27 37 50 
13 2 42 4 10 31 28 27 39 17 43 19 19 26 40 4 49 31 34 47 32 43 25 9 11 25 21 28 11 17 7 5 30 17 18 10 32 34 5 23 47 40 37 21 32 38 6 27 6 35 5 6 4 21 33 39 36 45 15 28 38 20 10 7 47 29 31 26 39 19 35 29 15 45 6 36 27 32 35 1 40 35 47 40 18 2 9 47 47 17 31 20 7 35 30 5 6 10 50 35 35 5 34 1 38 18 0 8 48 2 17 40 50 28 16 0 16 34 37 17 27 25 6 1 18 50 22 17 10 29 37 47 8 15 34 26 13 14 26 
1 47 50 9 41 50 29 10 1 42 25 40 27 7 15 4 40 35 25 38 32 11 3 27 32 34 27 16 0 37 26 27 34 50 41 40 40 36 0 20 50 6 43 14 19 9 48 12 42 36 31 36 2 5 16 17 5 50 31 20 40 5 0 16 20 0 5 48 21 12 19 47 16 33 37 35 37 6 26 47 8 1 5 25 31 25 33 11 45 38 40 31 49 26 13 40 20 43 45 27 4 7 36 46 11 35 47 50 25 17 28 45 27 41 21 3 29 45 45 26 23 34 44 23 31 49 35 6 24 16 41 29 17 24 21 33 12 30 
45 11 13 41 17 11 12 10 3 40 48 28 30 41 42 14 17 46 11 42 17 43 45 24 41 14 44 43 9 1 27 20 34 38 43 13 7 14 8 12 16 41 2 40 44 10 11 38 26 7 29 44 20 43 1 49 12 50 43 8 11 19 37 29 4 10 28 39 3 33 6 45 20 10 0 10 30 34 17 16 38 44 8 8 48 1 10 19 1 32 0 50 47 47 48 50 13 49 25 30 43 48 17 27 9 45 15 45 5 32 31 1 31 7 31 28 35 44 13 18 2 23 29 21 2 0 0 45 15 33 28 41 37 38 14 19 40 
23 44 5 49 18 16 49 49 28 48 9 44 28 22 8 19 29 32 48 21 35 19 50 16 45 42 15 24 20 28 31 16 38 17 25 47 0 22 38 5 41 48 4 46 38 43 42 5 12 19 42 28 50 11 43 28 45 1 43 39 50 6 25 11 12 7 44 28 12 0 26 3 35 1 12 37 31 5 40 36 50 43 41 47 26 14 20 6 1 12 13 23 3 36 41 21 5 28 35 34 25 46 7 32 27 22 30 22 39 49 50 12 17 24 6 45 8 31 23 14 23 27 28 3 26 23 25 45 22 19 1 17 29 49 12 42 
15 0 21 29 39 46 29 40 42 17 38 13 20 39 21 50 8 13 35 36 23 39 36 17 33 47 50 50 5 33 49 31 23 5 48 17 46 29 3 11 44 36 10 32 0 13 22 36 46 34 45 35 43 24 13 19 26 26 13 12 23 47 48 25 11 50 3 31 34 21 48 33 7 32 27 20 20 32 50 7 25 40 7 27 29 47 34 15 2 39 22 1 12 47 35 26 13 50 9 21 0 1 12 16 49 15 30 23 16 21 29 44 18 13 26 16 49 42 26 43 3 38 23 0 31 31 0 27 30 39 31 9 33 35 43 
35 22 34 38 32 35 9 33 23 43 27 0 25 36 0 6 33 49 49 39 19 2 22 27 13 22 11 0 12 21 42 3 26 34 18 47 36 12 38 13 0 24 4 20 45 31 9 50 45 37 48 15 48 44 6 27 37 33 32 37 13 7 16 8 0 38 41 44 3 16 25 37 0 18 38 20 50 11 39 29 23 5 41 1 29 16 39 46 0 34 14 12 36 4 44 47 25 22 21 42 23 7 34 11 2 39 33 46 30 38 34 42 11 19 18 14 24 11 22 42 38 37 21 22 40 40 26 20 41 8 48 33 41 38 
48 39 34 11 21 38 0 37 13 37 13 18 23 0 33 12 0 20 50 0 30 14 32 14 33 5 39 33 24 48 24 45 47 23 48 1 29 5 7 31 43 14 39 20 22 27 39 47 27 23 37 28 29 39 26 13 31 48 5 11 1 1 0 49 44 13 21 47 13 36 32 32 5 26 42 9 5 33 7 8 35 23 46 18 0 40 24 28 41 37 0 20 29 18 4 25 24 36 34 1 34 50 7 21 45 22 12 20 48 4 24 10 37 15 2 39 2 31 9 50 45 49 38 17 39 35 33 40 32 14 32 0 16 
40 44 35 14 50 9 43 19 30 48 32 33 35 13 15 31 15 46 15 4 12 0 28 46 50 15 7 28 45 22 22 34 25 50 48 44 41 30 2 30 40 41 31 27 1 33 41 26 29 29 19 17 10 16 23 40 44 47 16 40 46 17 15 40 2 15 5 10 43 0 35 31 19 5 42 28 20 25 50 22 32 45 33 17 3 16 9 36 31 17 18 11 44 15 13 11 19 32 1 29 24 43 8 23 36 19 13 14 12 23 40 38 23 15 2 45 25 41 2 25 8 42 38 32 29 12 22 50 41 4 20 35 
33 29 13 42 38 6 5 10 12 0 45 38 45 23 23 40 9 6 42 27 38 21 0 39 20 2 3 41 15 3 9 9 38 24 12 1 13 29 45 34 0 38 47 17 33 15 25 1 45 39 10 41 32 3 24 46 29 25 17 24 30 20 11 33 5 45 38 41 8 47 37 20 7 37 28 46 29 32 22 38 44 8 42 5 11 21 23 26 31 41 44 15 29 27 44 29 16 19 48 12 46 48 23 43 36 24 49 35 4 0 6 17 47 0 10 45 31 10 5 38 6 0 44 40 8 33 33 38 29 18 1 
3 44 6 8 31 29 23 24 42 47 30 38 19 13 21 43 43 23 19 30 13 21 17 2 25 34 27 39 35 15 40 1 1 5 8 32 18 30 1 4 7 4 23 2 28 4 8 7 45 48 1 16 3 25 32 49 50 36 45 26 29 0 20 14 38 31 6 9 43 7 39 35 16 38 9 34 34 37 5 30 19 29 39 46 17 10 15 26 49 19 19 7 3 33 6 22 44 19 36 3 43 8 39 39 20 44 37 38 32 22 38 40 21 25 4 17 35 16 19 24 36 42 14 7 30 44 6 27 15 0 
8 32 29 49 45 19 32 17 14 37 4 9 32 4 19 11 11 14 10 5 34 14 0 39 3 45 41 46 46 40 41 41 31 10 20 12 47 17 10 48 50 24 21 40 12 2 43 31 32 5 30 21 20 11 26 47 48 7 9 24 22 10 12 11 41 7 50 4 2 33 19 20 1 32 32 32 44 34 27 6 24 1 32 47 43 9 20 5 50 22 43 4 24 44 22 24 16 3 40 17 2 9 18 2 18 11 6 0 34 1 9 21 26 29 0 21 41 24 13 38 12 43 41 31 0 20 46 19 12 
12 36 0 25 49 19 34 44 10 14 8 41 5 17 22 34 39 22 3 30 39 49 7 20 6 6 46 7 32 25 28 8 44 17 22 19 42 49 45 24 40 21 43 43 50 37 37 32 8 14 13 44 20 47 24 42 22 26 13 24 30 31 39 37 37 22 32 50 21 10 36 50 33 24 46 8 35 1 41 33 33 6 50 17 32 39 14 39 33 0 10 26 9 19 18 34 45 38 8 24 40 32 41 44 16 32 2 25 14 42 30 24 23 15 14 7 5 34 18 36 46 44 36 16 0 29 23 7 
16 9 28 2 15 25 25 47 48 46 32 33 1 2 15 34 32 10 25 44 37 18 47 25 1 31 31 15 16 6 37 24 42 12 48 20 46 17 6 3 27 5 48 18 23 40 9 45 26 18 7 28 21 43 36 27 36 39 49 7 49 44 46 40 10 12 18 44 5 2 41 27 40 48 7 10 34 33 30 25 9 22 34 6 12 31 42 0 21 15 24 39 5 30 31 16 4 4 42 49 47 16 48 18 50 2 22 32 34 47 15 13 34 27 23 2 29 38 44 6 13 43 6 43 18 50 43 
43 22 9 30 22 36 31 31 4 14 14 13 22 19 35 48 22 5 29 41 11 27 22 36 43 37 30 5 25 32 36 6 7 33 6 0 41 10 17 15 0 50 18 17 36 24 22 5 36 28 27 12 3 29 19 29 35 44 45 10 42 6 46 15 14 8 10 31 30 42 26 36 42 28 15 50 33 16 40 33 42 46 49 45 46 0 27 28 12 44 27 7 4 21 22 28 39 46 40 22 35 42 48 11 35 50 45 9 48 38 0 9 38 26 46 1 37 14 6 33 22 6 37 18 0 17 
12 27 43 7 27 9 35 25 41 36 28 37 11 42 35 28 29 11 38 43 4 38 4 11 27 23 39 39 46 11 14 22 14 32 30 48 18 25 13 45 21 27 23 15 47 0 4 45 16 16 4 41 0 39 44 10 22 41 15 1 7 4 26 0 8 7 44 30 24 26 19 6 28 0 22 20 38 15 22 2 0 41 6 45 0 20 27 16 20 0 19 18 16 2 17 5 38 27 30 3 6 9 43 46 23 30 32 33 41 46 21 5 39 33 32 36 22 26 39 3 1 39 13 43 8 
37 14 26 30 6 19 22 7 22 26 33 26 29 18 39 45 4 8 30 42 0 25 24 7 12 13 18 2 7 0 34 31 19 41 41 38 21 33 8 21 25 38 40 22 6 8 37 47 17 34 17 21 32 48 16 48 41 14 18 37 33 27 3 28 20 32 38 47 33 21 19 7 41 33 46 32 10 11 34 2 43 24 12 25 12 48 31 28 21 30 40 13 23 0 42 27 36 12 20 1 35 48 10 7 46 25 39 50 42 15 14 49 0 45 4 0 24 37 48 18 41 33 8 0 
20 15 23 37 49 47 11 33 26 36 32 30 21 12 15 25 34 28 19 11 40 0 34 37 29 27 17 31 11 48 18 37 9 1 24 24 33 0 14 14 18 41 47 12 25 30 30 28 35 26 36 17 6 0 30 48 8 30 28 26 9 45 14 36 47 21 28 27 23 39 39 20 20 34 40 32 37 35 34 19 48 36 48 44 12 20 15 19 0 13 20 15 41 27 39 29 15 41 46 48 7 6 6 10 43 0 38 3 24 19 18 16 44 17 2 41 0 7 16 17 1 13 33 
24 49 45 27 24 49 32 18 38 21 32 35 15 4 21 42 34 16 18 34 49 22 34 33 24 23 23 6 32 24 15 3 26 30 22 30 37 38 27 29 30 20 8 40 49 32 18 6 45 12 4 47 22 37 42 3 31 22 25 29 27 4 40 2 38 26 31 23 33 35 46 11 23 48 24 4 25 37 4 23 20 2 33 39 2 38 0 43 33 43 20 49 18 2 28 14 34 47 3 36 3 19 39 13 0 31 36 30 44 22 31 30 4 12 26 12 24 7 6 26 0 5 
9 28 35 31 7 23 39 13 29 49 29 49 47 50 0 33 39 24 42 4 33 0 0 6 35 21 32 31 37 36 33 18 10 0 4 15 1 13 7 12 34 29 18 11 19 14 34 20 17 14 7 42 41 7 2 0 18 24 6 1 3 1 11 29 19 26 9 33 5 40 30 49 23 36 29 28 7 30 49 46 47 8 4 7 34 43 16 39 4 23 12 5 43 38 38 44 4 19 36 41 12 36 9 16 12 46 36 49 18 13 2 43 49 2 0 28 0 25 35 9 14 
32 5 4 13 23 17 4 21 7 28 5 13 5 45 3 8 0 16 1 35 22 39 30 0 13 45 20 24 14 32 32 40 31 29 44 40 4 12 18 19 46 29 0 46 11 1 38 21 48 16 31 4 26 45 35 38 13 10 31 5 45 16 10 6 17 16 49 32 33 4 2 24 17 12 43 15 16 13 15 5 28 26 3 43 35 36 32 50 7 42 33 27 48 15 11 39 45 7 3 41 0 16 46 5 6 11 20 48 2 11 42 5 20 3 0 47 35 1 37 38 
31 11 22 24 50 16 36 1 37 16 22 33 13 25 9 20 48 2 10 35 45 0 32 20 9 5 19 33 9 6 18 7 17 32 23 5 4 37 25 2 5 28 1 0 20 30 50 49 8 50 32 28 29 13 23 36 49 42 47 35 20 10 24 9 23 37 2 41 10 13 6 21 49 3 2 14 35 0 13 49 19 25 35 24 47 4 27 47 2 18 7 30 43 43 27 38 23 25 18 4 43 38 0 35 37 23 32 42 5 28 11 48 27 0 31 35 8 21 24 
18 11 47 32 1 23 4 11 34 27 18 48 42 46 35 38 36 32 36 0 47 40 20 20 19 30 22 45 10 24 31 10 49 48 17 25 48 30 45 6 22 31 23 1 8 22 45 36 2 18 36 27 18 12 23 5 31 37 13 14 2 42 49 10 40 17 24 30 3 3 45 49 1 36 28 46 0 24 23 41 26 25 1 14 43 4 0 30 39 4 11 33 19 38 38 12 34 0 44 24 49 1 27 48 15 27 37 36 14 24 14 20 32 40 23 3 22 27 
19 18 48 45 24 41 18 23 22 14 26 28 29 22 25 14 44 16 44 14 50 1 39 4 33 20 1 33 28 43 31 49 13 22 15 0 40 37 7 18 36 32 18 0 13 6 27 40 23 50 50 41 27 16 2 33 33 4 45 49 47 45 3 33 30 2 26 5 31 2 18 8 7 0 42 28 12 43 45 0 0 26 4 9 36 10 40 36 7 39 30 36 26 20 43 30 48 12 13 34 9 8 39 50 10 1 13 4 43 46 50 40 0 20 37 25 0 
49 46 18 42 7 47 32 50 21 20 0 1 13 38 21 22 18 34 4 11 15 15 2 44 48 49 6 19 47 43 41 6 42 27 48 24 3 42 0 31 44 25 24 38 1 23 29 14 23 5 40 25 36 26 14 10 6 16 6 44 9 8 32 13 35 7 48 3 33 28 31 27 50 38 36 9 10 16 41 32 34 39 1 32 8 45 47 35 9 26 12 48 2 21 31 27 28 28 30 48 49 26 21 21 29 37 34 34 0 7 28 33 40 31 44 35 
39 21 44 0 48 16 40 12 4 35 29 22 30 2 3 41 28 22 18 25 41 14 38 16 1 13 28 3 47 42 42 35 20 24 28 49 5 4 50 4 43 4 30 33 24 2 22 16 4 8 8 20 10 44 13 0 17 24 17 5 14 2 6 3 30 40 1 18 21 25 48 35 27 44 42 0 42 2 2 49 42 42 13 33 32 16 20 28 0 36 35 3 20 47 36 18 17 16 50 43 37 31 18 33 27 3 15 34 30 18 30 9 49 31 21 
10 30 49 43 0 3 10 26 28 44 15 11 42 17 40 8 17 50 26 0 15 49 14 6 19 30 2 48 4 42 6 48 9 0 29 13 29 48 24 3 0 49 23 40 17 14 43 41 41 3 30 40 43 27 50 43 12 15 11 7 6 50 47 29 50 23 44 21 3 17 38 50 24 11 26 41 10 3 33 19 7 40 41 11 10 29 15 24 44 14 49 30 38 17 4 12 49 36 11 5 24 18 16 1 50 31 5 10 9 20 48 15 15 34 
49 31 23 31 35 22 5 17 39 25 29 46 30 36 8 19 29 30 11 49 4 35 14 42 11 6 32 30 15 48 26 44 23 30 7 40 0 47 37 4 49 43 34 45 49 27 41 27 9 15 40 13 4 10 24 13 12 49 28 11 49 10 0 0 48 29 17 10 34 35 20 4 0 28 36 8 39 17 13 7 31 35 36 20 28 19 42 33 4 35 9 13 22 17 46 50 0 9 10 31 38 3 30 37 3 13 30 45 5 27 47 48 43 
12 43 42 25 30 50 46 0 34 48 0 32 39 11 31 23 24 27 19 0 3 3 33 36 45 29 7 8 39 9 15 8 41 24 31 4 47 42 29 32 24 20 12 18 50 28 13 21 17 43 38 19 11 25 27 50 0 26 10 34 0 48 25 13 13 19 12 26 42 2 49 38 43 20 10 36 4 0 25 16 25 17 23 29 16 28 39 49 10 30 41 0 45 33 0 32 10 35 17 30 39 32 31 22 1 6 32 3 3 9 20 44 
49 15 18 26 32 50 30 21 50 0 25 38 45 36 3 39 7 11 27 49 48 46 42 16 8 36 20 7 4 22 3 20 10 32 25 28 0 20 32 43 4 6 23 41 28 46 36 21 0 14 0 41 37 1 45 12 46 1 33 14 37 27 50 23 18 40 32 11 47 41 16 18 20 33 36 25 31 45 31 49 6 29 46 19 39 41 26 16 12 42 31 15 45 11 40 1 19 30 25 22 1 49 41 45 37 21 44 45 48 29 9 
6 1 21 17 1 29 31 14 40 37 38 45 1 8 32 13 28 18 32 1 15 49 31 13 36 46 40 44 41 45 14 7 50 23 13 0 45 25 5 2 14 15 20 18 38 14 20 35 44 28 29 7 8 9 11 47 39 31 47 34 37 36 42 11 17 12 44 2 14 29 10 46 23 3 39 4 16 33 37 28 0 0 1 0 42 40 49 49 5 43 50 42 1 33 36 40 30 5 9 5 30 30 48 26 31 39 30 17 48 15 
39 18 37 17 10 39 46 26 46 13 37 17 27 46 34 25 2 3 2 43 41 33 46 44 28 19 13 26 0 42 2 41 0 2 1 13 17 5 24 44 34 25 10 45 13 37 44 14 16 14 15 46 15 2 13 36 15 43 28 49 16 11 18 18 8 50 49 23 40 34 2 0 6 21 20 46 14 41 27 38 10 6 21 41 29 29 13 2 23 27 22 30 30 8 15 16 23 21 44 46 41 38 11 27 22 36 45 21 38 
14 45 2 19 29 36 21 36 12 46 6 34 24 32 30 23 21 38 23 11 10 41 26 3 8 25 4 34 32 32 19 20 2 8 42 3 22 38 41 48 43 0 9 34 21 42 8 42 18 0 39 24 3 8 0 3 18 25 48 16 4 8 7 9 29 44 45 20 39 19 49 46 36 2 11 39 29 18 43 31 0 48 20 28 21 8 34 47 34 22 35 14 9 7 3 19 0 47 9 4 49 50 2 38 1 24 48 33 
32 38 32 33 8 25 33 22 26 43 31 15 1 16 0 2 38 31 49 46 50 34 10 27 19 30 37 21 21 40 20 0 11 20 7 46 12 19 49 14 8 27 36 32 26 11 27 25 48 21 8 19 43 44 46 14 39 49 48 22 25 0 8 13 19 48 12 35 11 37 0 7 37 8 45 24 37 45 0 13 43 2 49 32 26 8 1 47 30 19 24 24 13 34 2 15 50 17 6 1 33 25 25 11 47 18 20 
11 1 7 21 13 18 8 13 45 34 33 34 21 37 30 19 48 44 2 20 24 35 12 25 1 30 16 45 27 29 39 15 44 2 7 4 43 42 24 43 49 3 28 26 43 5 18 50 17 5 11 47 9 50 32 31 30 14 42 17 17 9 22 48 9 47 19 32 29 20 39 25 44 14 47 25 21 49 15 46 4 48 5 1 47 46 35 50 43 50 1 25 30 0 36 31 43 10 47 49 2 22 49 24 41 14 
49 27 14 43 48 18 26 16 6 36 10 33 39 9 1 20 40 5 23 23 26 48 10 18 3 15 16 9 46 32 28 1 6 0 5 18 1 29 42 27 23 10 15 9 34 19 5 22 0 45 44 29 44 13 41 24 11 31 10 27 21 28 15 27 10 26 42 19 29 49 11 8 22 40 22 13 39 35 48 50 17 36 37 45 26 12 28 20 26 1 17 26 39 27 13 26 18 2 3 21 9 33 14 32 43 
27 41 37 47 35 16 7 50 36 32 41 19 21 28 36 24 5 7 25 38 1 30 4 28 40 34 7 31 10 23 46 18 18 0 22 0 14 38 5 10 5 19 4 31 21 8 25 7 32 7 35 5 44 36 12 19 15 47 8 44 0 13 10 21 35 23 42 40 45 6 39 16 18 48 11 39 29 39 2 30 32 38 32 15 6 32 24 22 47 46 7 2 49 40 39 38 40 6 45 28 18 31 40 3 
25 23 43 32 13 28 43 1 27 12 39 46 9 11 44 11 16 35 30 28 4 39 31 30 17 5 15 43 28 27 34 15 36 21 19 40 14 36 3 38 3 39 3 18 4 4 24 30 13 15 44 49 45 50 16 21 3 22 37 19 7 17 1 18 0 49 35 4 22 28 2 8 45 9 45 6 44 34 19 33 48 31 8 35 22 20 42 17 13 1 9 35 46 37 0 13 35 29 6 48 36 17 7 
30 4 34 32 11 50 39 41 7 49 31 34 28 25 19 13 13 32 32 28 44 11 4 47 44 5 20 3 35 41 28 48 44 18 41 46 27 46 10 0 13 4 44 0 45 32 47 32 23 48 29 39 1 8 10 10 20 7 0 31 49 20 25 42 50 11 5 10 0 39 7 24 15 9 16 45 9 27 37 49 49 35 22 7 8 29 24 31 3 49 4 15 2 26 39 12 21 45 0 15 14 18 
27 3 19 7 46 28 10 46 24 48 22 0 5 40 1 1 33 34 5 31 46 25 46 1 0 48 26 36 19 8 40 32 1 9 49 19 16 31 45 43 25 1 37 6 37 9 26 27 4 23 7 0 17 16 44 37 1 12 33 49 43 18 5 19 6 42 36 27 49 47 28 6 21 48 8 49 18 41 41 17 40 39 23 12 23 38 36 41 40 17 26 46 12 10 2 29 42 5 1 3 47 
32 2 29 39 12 15 21 13 27 8 14 46 30 46 16 22 15 36 10 26 7 28 47 39 19 10 24 20 10 0 33 32 9 36 20 10 35 15 44 0 50 18 15 47 32 45 39 30 17 18 33 9 16 21 23 42 13 25 11 35 0 0 33 24 37 8 49 16 25 13 12 6 21 5 28 15 48 26 36 1 0 5 21 1 32 7 30 17 29 15 50 42 8 3 24 35 45 6 8 35 
24 33 15 3 45 28 32 49 43 11 5 47 25 32 4 41 19 9 30 10 48 1 49 6 32 1 0 21 40 13 5 0 28 41 31 23 0 18 20 3 41 20 16 36 6 26 8 15 13 22 8 23 38 46 35 6 11 41 19 28 35 18 45 22 22 40 11 36 45 25 49 34 31 32 24 32 46 37 50 47 33 50 22 21 44 41 13 34 37 13 10 32 38 7 34 6 0 10 15 
43 43 26 21 38 33 40 3 3 32 5 0 36 37 5 10 18 29 34 0 32 44 41 13 27 14 29 48 30 13 7 9 35 26 49 1 6 9 28 37 27 26 33 46 25 17 20 3 47 28 11 6 12 16 16 19 3 0 49 48 37 10 8 8 17 9 8 6 20 5 14 21 26 27 18 12 8 33 37 17 35 44 17 11 42 32 39 30 29 11 0 37 32 4 42 22 6 6 
29 4 23 18 48 13 23 0 13 20 13 37 16 6 4 14 29 7 49 13 48 22 21 32 23 45 0 46 41 9 14 37 0 30 19 10 27 11 2 0 46 0 1 26 6 28 19 15 30 45 34 41 17 7 12 40 30 47 37 42 29 22 47 41 19 33 49 33 26 15 28 48 9 0 4 48 38 26 28 27 16 21 14 18 25 45 16 33 37 38 25 9 36 23 47 13 29 
23 14 5 29 28 21 49 5 5 46 37 44 19 21 11 21 34 17 10 9 39 40 36 8 19 11 35 0 26 45 45 29 49 3 10 42 30 6 14 17 44 16 37 26 26 6 20 17 50 12 50 46 46 30 46 2 41 26 42 7 24 44 3 14 40 27 31 48 49 29 43 1 0 50 16 19 33 8 43 0 10 43 18 27 20 35 41 50 24 11 43 38 35 42 47 44 
24 3 16 42 10 33 35 21 29 33 18 1 42 5 19 37 17 39 35 19 49 42 45 2 16 0 6 28 35 6 2 29 42 50 21 20 7 7 1 30 30 49 11 37 17 20 36 23 1 36 39 0 11 17 0 6 44 25 24 28 7 4 41 19 9 37 2 30 33 5 0 41 38 9 6 37 19 31 17 27 13 9 6 15 36 6 13 7 40 26 16 31 25 34 4 
9 18 33 13 35 14 17 7 26 20 21 30 21 33 33 9 40 6 47 26 40 17 45 28 38 18 50 0 0 17 5 21 36 37 20 10 3 12 11 38 36 20 0 38 30 32 38 43 48 45 13 9 47 12 12 15 19 24 33 20 4 2 27 38 19 39 44 21 34 19 15 42 16 40 37 46 27 26 12 20 18 38 45 4 24 34 29 24 18 39 42 37 6 50 
37 48 13 49 48 13 25 31 25 40 16 12 39 21 38 9 7 32 0 12 0 37 48 15 50 32 46 0 31 21 10 35 41 44 26 7 32 30 32 15 3 49 40 39 17 9 49 5 15 18 3 8 16 26 32 35 3 25 22 32 25 10 0 43 3 24 36 40 35 8 0 38 4 40 33 5 20 30 29 22 36 21 42 22 0 7 0 15 28 7 35 31 32 
34 1 31 41 40 33 27 16 44 42 14 33 27 6 16 5 42 20 35 20 20 49 1 12 35 25 1 8 6 9 28 15 33 20 45 7 23 2 2 39 28 30 43 50 21 15 9 4 21 44 28 43 42 7 44 27 12 47 43 29 50 22 4 2 29 35 27 48 0 30 46 17 8 24 31 28 15 19 5 33 35 32 1 43 42 14 31 27 3 22 31 32 
44 29 0 8 1 26 44 32 35 18 40 14 50 20 44 35 24 29 45 33 13 21 43 22 36 42 9 29 29 39 7 49 16 33 20 38 9 49 44 18 30 46 40 29 18 35 41 6 27 3 7 48 49 17 16 8 37 20 45 36 9 50 48 39 13 27 20 17 19 1 43 36 38 18 3 23 46 26 2 41 50 35 34 36 33 34 11 32 0 29 25 
4 44 10 17 24 26 11 31 28 29 49 46 4 30 34 20 17 28 45 28 37 50 22 7 28 44 39 14 26 9 34 8 38 4 21 40 18 2 35 22 44 47 0 19 20 7 50 15 14 8 22 31 8 47 33 12 10 9 37 41 25 46 17 3 38 42 19 7 48 32 42 0 18 12 15 28 25 24 38 9 15 37 14 13 38 3 16 14 45 10 
1 29 41 26 4 20 3 26 13 28 30 42 1 41 49 38 18 20 1 10 3 27 3 27 11 12 47 4 44 40 32 38 36 0 3 47 4 10 41 46 34 37 27 3 10 2 38 27 19 3 37 34 9 23 12 14 45 48 39 22 3 25 6 15 11 24 45 8 10 32 13 29 14 41 7 40 43 46 35 11 4 45 36 46 23 36 22 37 36 
50 0 2 17 0 11 23 4 25 33 6 49 7 32 37 37 6 14 0 1 45 47 30 47 0 32 41 2 9 2 14 26 7 34 26 32 22 31 13 19 29 33 15 21 40 31 23 0 6 2 46 17 16 40 18 11 27 41 17 18 9 40 29 37 11 1 37 4 3 25 1 24 49 19 6 42 33 0 20 41 10 46 24 19 8 35 0 42 
46 41 26 6 7 12 26 49 42 49 42 21 16 36 16 3 12 5 15 29 28 5 32 49 4 20 49 40 1 8 36 28 29 30 32 48 19 25 15 24 12 0 45 29 3 49 5 36 36 45 35 35 22 10 15 50 37 1 14 27 8 38 48 6 19 2 22 16 23 29 24 48 21 16 45 28 26 21 26 31 31 45 0 32 28 21 10 
42 27 41 18 28 2 1 16 35 4 7 14 10 46 37 15 7 26 20 50 38 14 0 25 49 37 29 28 36 47 29 3 22 4 6 8 39 44 20 4 17 11 37 36 4 7 40 19 0 0 40 40 12 42 36 43 0 22 39 20 38 43 29 16 31 10 34 32 5 0 47 43 30 18 40 28 36 45 31 48 5 47 11 15 48 29 
12 36 20 3 27 0 17 27 34 39 47 23 30 37 29 21 0 5 8 19 1 14 5 45 41 50 39 40 19 3 35 27 41 4 42 2 37 38 0 38 22 14 22 16 2 42 13 22 21 12 48 34 17 9 22 13 13 42 49 26 7 13 30 0 32 41 33 19 23 22 29 42 18 19 27 14 1 20 48 39 22 10 49 23 28 
47 48 25 2 19 12 42 3 25 45 4 47 27 23 11 2 32 10 28 34 24 6 45 8 0 40 19 19 21 27 9 49 19 49 42 13 5 9 8 10 2 14 48 45 22 10 40 8 45 38 13 47 22 0 43 43 20 15 31 37 36 14 48 2 20 47 48 1 33 18 40 39 21 2 48 2 27 44 41 28 3 3 48 5 
33 1 38 10 35 7 42 25 9 47 5 50 37 16 3 27 5 25 40 4 27 4 45 44 6 8 38 33 17 16 41 43 9 7 12 49 39 7 40 20 2 29 20 37 23 39 15 14 33 46 35 43 13 38 30 8 23 33 9 29 12 50 19 40 37 47 18 12 44 20 19 47 31 20 7 24 12 0 25 13 18 8 35 
14 0 25 39 22 44 11 18 29 41 0 13 49 32 35 28 3 50 17 34 38 14 18 9 25 35 1 20 23 8 6 38 35 4 12 36 30 45 6 15 36 21 34 35 0 22 10 11 14 47 41 17 16 22 11 12 6 17 28 0 8 34 2 7 50 5 35 47 41 0 1 43 30 0 16 21 17 48 40 11 35 28 
26 46 23 25 26 50 25 19 16 10 33 39 6 36 29 43 0 47 36 4 3 31 41 43 19 18 50 0 7 16 42 49 9 33 44 45 38 25 30 22 9 22 42 28 5 5 5 13 16 34 24 50 21 19 7 20 47 38 23 24 49 35 50 37 42 25 35 4 35 0 49 13 11 2 48 4 18 10 37 0 42 
26 38 29 6 32 36 17 27 13 13 43 26 5 30 49 30 9 47 30 37 17 50 34 33 4 33 43 3 32 17 38 8 28 2 11 29 47 30 38 38 9 21 19 39 17 20 1 36 42 45 11 23 28 29 12 6 13 0 34 0 34 46 49 33 25 48 7 46 27 29 41 42 30 42 26 41 10 19 22 30 
28 32 45 23 4 24 38 43 18 36 29 23 48 1 11 16 3 21 5 20 36 24 45 4 6 24 50 31 37 41 24 3 22 16 49 43 23 14 30 22 15 24 44 47 2 40 13 33 41 3 7 33 44 10 10 23 12 8 9 48 7 7 35 19 27 41 15 31 15 19 8 17 33 49 15 37 6 28 11 
30 28 38 3 29 27 47 43 41 1 40 20 20 43 39 8 38 25 28 15 13 1 20 13 50 27 12 23 7 8 1 38 50 1 41 33 16 48 30 33 22 45 37 18 7 16 0 2 22 5 18 12 15 11 11 35 47 19 44 0 45 46 25 8 6 23 38 32 9 36 33 20 11 31 35 47 44 45 
10 19 15 2 19 20 19 43 8 17 44 46 18 0 10 17 12 31 48 6 48 23 15 2 3 39 41 11 31 34 1 23 13 13 9 12 25 9 48 28 20 6 30 35 49 11 48 50 46 33 5 39 46 36 10 46 36 49 44 6 33 11 16 9 3 0 31 48 29 21 31 46 5 46 11 29 12 
21 11 41 23 42 46 22 15 35 11 1 7 25 8 19 28 31 50 50 16 23 10 35 30 32 3 3 41 6 22 4 2 16 6 2 37 9 49 30 35 8 44 24 8 2 30 2 8 26 33 10 26 13 21 34 43 14 29 41 44 18 22 30 13 4 28 49 38 48 38 2 10 16 11 19 15 
33 11 28 40 15 11 45 49 6 16 13 6 47 28 19 37 24 7 0 8 8 43 29 32 46 40 4 13 25 0 48 6 0 2 26 13 3 40 10 5 38 21 44 36 36 48 40 27 8 38 16 5 46 49 22 5 6 4 15 5 18 2 5 13 24 5 7 50 24 44 35 10 19 16 45 
35 33 1 33 12 28 17 45 11 14 25 36 47 40 38 36 43 7 35 42 2 0 6 8 40 34 1 33 26 46 2 13 44 40 20 28 34 13 40 34 20 19 22 26 28 17 8 30 24 30 50 18 9 31 18 39 25 44 4 46 39 34 30 28 41 47 0 3 25 0 35 2 45 39 
42 10 46 5 9 33 12 0 43 24 14 44 8 32 27 2 45 16 14 7 27 8 47 26 3 4 13 1 30 34 33 13 43 4 26 48 0 30 1 34 24 48 35 5 39 48 21 4 26 17 1 15 22 46 17 26 49 2 29 0 31 45 0 12 2 46 16 27 22 22 30 4 25 
27 38 6 39 40 43 30 5 15 37 28 41 35 50 27 2 24 10 1 41 32 11 12 3 17 19 0 33 9 46 1 23 6 0 50 34 25 39 46 43 49 49 33 44 28 26 19 0 3 18 31 0 33 13 0 6 19 2 38 19 44 14 9 33 14 0 21 17 6 22 14 49 
30 29 45 9 36 1 22 5 24 34 0 6 3 38 30 20 14 29 35 25 18 34 25 20 47 6 35 20 43 4 44 41 8 48 26 37 17 6 16 42 27 42 13 34 24 11 7 4 27 5 49 6 17 25 0 40 0 25 29 34 6 24 47 38 27 13 16 39 39 42 0 
43 2 19 47 43 5 44 26 6 46 21 43 12 44 36 50 20 18 28 11 14 48 28 19 10 31 14 22 2 47 7 6 12 3 25 7 37 33 19 33 40 50 5 32 27 46 0 3 5 21 26 12 48 0 35 30 31 48 39 26 28 10 49 12 5 50 1 28 7 12 
0 46 10 13 39 3 35 19 39 22 26 6 43 42 15 47 39 0 26 9 50 39 9 41 5 34 25 41 7 26 22 41 5 7 49 13 25 34 34 26 10 19 10 47 41 3 35 20 11 25 22 8 43 22 24 35 24 14 10 14 21 30 47 0 34 21 28 50 23 
8 44 24 17 0 18 29 6 2 29 31 2 36 9 26 14 23 18 12 19 27 44 14 37 15 47 23 48 40 17 18 25 38 48 18 41 41 29 0 9 19 13 11 9 29 19 21 9 25 50 13 40 32 2 7 15 38 24 37 50 42 0 48 11 21 27 32 47 
0 6 28 11 31 46 39 23 22 1 7 36 30 42 35 10 35 31 6 35 32 50 40 16 1 2 0 46 2 39 21 30 16 36 20 48 40 21 37 35 14 3 31 49 44 26 42 11 42 1 37 47 33 0 47 43 17 24 29 41 37 36 40 23 8 23 12 
28 5 16 48 8 39 41 38 7 37 47 26 9 23 4 24 23 22 44 26 49 0 26 27 28 47 24 43 20 24 16 30 38 19 18 33 22 18 32 7 45 29 24 40 29 19 19 1 23 8 50 42 13 31 28 18 26 15 49 17 50 10 1 13 17 14 
17 16 31 30 11 39 23 41 1 32 45 46 15 16 47 26 20 22 10 0 14 15 34 8 11 26 31 3 48 5 43 37 31 34 0 15 28 1 46 37 24 14 43 21 38 36 47 43 34 44 0 27 41 10 26 3 17 31 14 18 2 48 43 11 49 
50 19 39 49 0 44 6 42 48 6 8 26 10 39 36 10 35 49 43 10 13 39 11 32 49 4 37 24 2 42 0 34 25 20 27 8 25 39 21 38 0 25 49 1 34 16 42 6 48 31 45 37 18 49 46 4 13 26 2 8 20 12 18 23 
21 48 30 12 47 16 35 45 20 33 11 6 8 18 13 20 37 24 24 4 50 24 45 7 34 26 8 16 48 6 35 0 40 47 26 44 23 29 25 31 26 23 18 8 20 44 48 0 35 3 18 12 6 6 41 7 8 5 7 29 32 18 44 
47 4 50 46 12 34 11 41 18 34 8 3 45 46 0 32 13 9 39 27 5 19 43 12 4 23 0 21 29 47 9 30 11 43 34 14 8 23 24 38 31 33 3 38 45 47 33 1 39 16 27 43 43 13 29 16 14 24 32 46 26 29 
47 18 17 24 40 43 9 39 12 35 0 9 28 35 28 19 35 18 23 7 46 36 3 47 50 28 28 5 33 0 31 40 45 5 40 26 18 43 28 50 39 23 36 4 32 46 49 47 30 22 32 18 4 49 34 20 48 18 18 42 37 
21 29 29 49 32 46 21 40 33 23 44 35 37 22 7 5 44 7 9 44 20 10 47 2 38 24 36 31 39 45 17 13 44 34 30 43 29 39 46 11 42 44 32 20 43 21 5 38 31 2 0 0 45 4 41 40 0 35 39 45 
2 34 3 12 35 44 43 19 49 22 13 34 28 49 40 45 32 19 40 33 30 5 44 45 20 2 21 43 38 48 37 8 5 15 45 45 6 47 23 15 3 22 33 47 45 39 50 8 13 34 15 19 37 36 36 24 36 32 34 
27 13 21 4 50 3 37 40 17 27 2 34 1 20 7 41 22 18 37 41 38 49 41 5 50 16 33 41 18 21 22 26 27 41 5 23 0 44 34 12 28 28 38 22 5 41 13 38 44 45 25 20 43 3 45 21 27 2 
49 37 41 0 16 22 35 30 31 0 18 12 16 36 32 20 29 4 31 25 39 11 42 2 1 6 43 3 42 37 34 5 44 42 11 4 2 3 29 49 11 44 9 30 31 37 6 19 13 50 3 2 22 48 45 49 44 
9 9 12 38 46 10 3 29 27 20 36 45 5 20 39 33 19 49 49 27 0 29 37 23 30 20 1 36 15 7 20 9 40 29 1 13 1 44 8 30 47 45 27 42 31 50 15 43 11 29 23 46 9 36 2 40 
13 22 1 50 35 45 9 36 2 50 3 49 42 17 4 45 0 5 43 18 6 41 37 22 3 1 21 23 28 7 12 8 35 30 15 25 30 43 0 13 33 29 0 0 16 0 25 17 2 10 49 47 5 1 24 
46 41 24 38 7 22 39 29 19 46 38 8 25 2 42 50 14 38 8 41 37 30 8 33 5 33 43 8 23 4 36 0 21 39 23 39 41 24 25 27 28 44 25 26 36 39 0 41 28 0 19 24 4 0 
2 1 19 15 10 25 4 43 25 10 29 7 34 39 19 13 38 43 25 9 37 38 47 10 16 23 44 50 48 14 0 25 38 5 11 49 3 49 43 9 24 7 2 0 43 31 47 25 24 12 22 0 21 
15 45 36 4 11 28 8 21 37 20 4 36 39 14 34 32 40 3 42 9 11 18 12 42 5 24 37 27 3 38 4 38 26 46 42 42 13 12 32 22 43 12 43 45 22 48 49 40 47 13 4 49 
35 10 11 35 34 44 28 36 8 5 5 16 34 39 34 17 22 10 15 11 10 0 27 43 19 26 16 49 25 42 13 43 30 50 12 16 33 14 15 47 26 40 49 9 43 1 15 38 20 21 1 
32 21 32 3 14 32 18 34 28 33 36 10 10 26 16 33 0 0 13 8 24 25 6 38 15 8 42 40 8 14 46 22 37 2 35 26 49 38 22 44 37 34 3 16 38 41 0 8 13 31 
13 45 27 45 3 10 16 40 14 15 14 31 31 32 10 8 2 20 28 35 43 12 44 38 25 46 32 34 49 13 43 21 23 50 16 42 29 8 28 14 4 31 28 39 37 35 7 38 28 
2 8 16 21 14 38 22 5 4 23 38 10 11 35 50 23 20 30 18 8 0 17 43 0 29 36 31 38 9 7 39 5 17 6 29 31 23 37 13 50 23 18 0 42 7 34 27 4 
17 23 43 25 42 27 47 49 0 33 38 42 26 38 41 14 33 41 49 16 31 6 42 47 2 31 20 41 1 9 47 26 15 15 6 9 35 30 23 27 8 12 6 34 23 39 43 
18 1 48 39 4 8 23 10 48 29 42 3 35 13 48 49 46 47 1 27 8 8 23 29 38 9 0 39 46 0 10 47 13 28 34 35 9 24 46 15 27 15 26 49 32 5 
20 0 1 34 20 20 40 15 7 15 42 26 17 20 9 7 18 31 26 2 0 39 43 15 39 16 36 43 32 46 37 25 37 0 21 41 39 36 18 5 0 11 49 42 20 
49 21 38 41 3 21 44 47 18 1 4 37 41 0 34 15 27 21 45 19 50 1 11 46 16 44 3 31 15 6 16 5 1 42 2 17 38 7 13 28 7 30 30 18 
18 12 0 36 13 13 0 46 35 31 8 50 38 12 44 46 40 12 18 21 42 17 37 24 8 49 21 38 38 14 20 41 37 34 0 41 20 44 43 26 9 7 46 
4 15 47 36 5 16 37 11 30 36 25 19 18 33 31 15 38 12 21 20 7 8 0 17 26 10 19 30 3 0 44 50 27 17 38 27 15 42 1 28 15 11 
50 8 15 42 25 20 47 0 49 32 2 44 24 37 30 12 32 35 7 9 19 23 38 34 27 41 22 39 31 42 5 38 26 32 11 40 14 42 26 6 25 
34 17 15 48 11 0 46 12 50 28 0 15 46 14 37 20 37 35 19 18 11 0 37 12 25 2 31 11 34 43 11 26 41 37 18 7 0 5 5 19 
2 20 40 0 14 41 18 10 11 50 43 37 12 12 7 44 10 10 0 40 23 33 35 38 20 24 50 48 32 49 0 13 49 47 20 50 21 41 18 
42 47 19 1 44 42 33 23 45 9 27 50 22 2 34 21 34 48 50 22 5 7 5 40 21 13 5 42 28 42 50 48 8 46 4 23 35 19 
37 36 41 44 37 21 48 29 33 49 2 1 37 9 12 41 35 34 37 37 34 25 7 30 12 6 8 0 7 22 43 42 1 24 16 26 10 
3 28 39 46 9 34 1 1 49 5 32 31 38 0 29 2 1 0 41 42 8 37 47 12 9 35 4 48 34 29 0 5 30 20 31 16 
40 15 20 32 33 6 45 0 17 33 5 0 30 27 26 23 39 19 5 6 44 10 7 35 20 17 19 6 22 41 39 46 6 33 25 
50 0 3 43 32 35 33 25 22 43 46 4 2 11 44 35 25 22 30 46 17 12 18 5 22 2 46 40 33 33 15 0 40 0 
37 44 21 48 47 24 1 31 12 9 15 42 37 35 22 12 25 34 26 10 24 3 9 50 45 16 2 47 15 49 49 0 21 
47 36 42 46 10 39 8 28 14 47 40 38 23 39 11 14 41 11 38 0 8 14 32 43 22 44 46 13 9 45 42 0 
25 18 23 27 9 31 39 34 18 24 5 45 38 0 48 43 32 14 17 8 6 33 28 11 29 38 4 48 10 5 11 
44 37 50 22 11 32 39 35 36 19 9 47 44 6 40 32 0 20 40 29 7 20 46 19 37 12 39 47 49 44 
21 31 11 1 49 11 11 37 23 47 37 6 14 13 41 24 29 27 0 18 11 7 29 45 29 3 45 18 4 
44 28 16 1 26 49 44 17 12 12 21 31 48 50 34 50 27 16 8 2 4 45 46 28 2 22 40 13 
1 8 25 16 49 11 18 36 19 47 22 44 33 12 38 1 13 21 7 33 47 12 48 22 16 16 49 
10 11 23 47 49 30 29 40 14 38 11 4 40 42 18 48 7 30 21 14 21 10 13 48 5 36 
9 47 5 20 46 19 38 28 10 42 49 45 4 26 0 49 10 11 20 34 23 43 50 24 30 
37 39 28 13 40 47 41 15 48 18 3 14 11 27 23 14 36 47 22 1 27 46 30 43 
39 32 39 1 7 27 21 45 35 1 50 1 49 28 42 17 9 4 17 16 38 12 19 
42 13 36 26 1 21 45 26 14 0 48 1 48 8 5 33 16 27 13 33 35 46 
1 4 17 6 49 15 37 2 44 9 33 37 3 13 19 7 49 33 13 2 14 
0 36 40 4 34 6 32 3 0 8 0 17 15 21 39 31 33 40 35 22 
42 16 24 32 15 50 47 13 25 13 35 20 23 47 41 15 22 45 28 
49 23 1 18 33 5 7 16 26 37 41 7 17 13 44 42 10 27 
4 27 16 24 49 6 20 36 8 37 6 2 23 34 6 13 32 
33 18 10 7 35 32 29 35 16 36 38 33 0 22 46 9 
3 38 23 23 32 40 24 8 10 45 22 17 37 46 17 
48 15 20 19 0 10 2 37 14 0 0 44 1 41 
12 34 46 1 18 8 1 13 16 44 38 14 9 
44 10 28 8 26 38 32 41 24 29 20 41 
0 50 0 49 23 8 35 7 34 12 49 
26 0 22 25 3 37 40 33 26 18 
3 15 4 5 14 15 46 37 9 
15 31 16 42 1 10 17 44 
44 25 45 14 25 7 44 
18 22 3 9 6 0 
48 12 47 20 27 
19 12 31 37 
8 13 6 
1 28 
49 

1 39
1 59
1 90
1 97
1 115
1 175
1 179
2 74
2 100
2 134
2 197
3 24
3 79
3 119
3 136
3 140
3 178
4 23
4 58
4 71
4 95
4 115
4 139
5 8
5 48
5 60
5 62
5 68
5 77
5 92
5 97
5 101
5 138
5 140
5 158
6 10
6 17
6 37
6 98
6 125
6 153
6 163
6 171
6 196
7 72
7 87
7 102
7 128
7 147
7 190
7 197
7 199
8 72
8 95
8 100
8 110
8 197
9 37
9 72
9 99
9 116
9 165
9 168
9 188
9 195
10 31
10 48
10 56
10 88
10 115
10 145
10 176
10 184
11 75
11 97
11 107
11 109
11 120
11 134
11 144
11 155
11 158
11 167
11 192
12 107
12 130
12 143
12 197
13 15
13 32
13 62
13 113
13 161
13 162
14 22
14 43
14 53
14 55
14 61
14 66
14 78
14 89
14 109
14 118
14 143
14 177
14 186
15 27
15 40
15 123
15 177
16 21
16 57
16 60
16 90
16 123
16 133
16 139
16 155
16 164
16 182
16 185
16 186
17 18
17 30
17 43
17 58
17 86
17 89
17 100
17 104
17 111
17 116
17 137
17 146
17 185
17 187
17 195
18 75
18 87
18 132
18 134
18 157
18 188
18 190
19 25
19 27
19 32
19 120
19 194
20 48
20 115
20 153
20 178
20 184
20 188
21 44
21 51
21 66
21 80
21 194
22 57
22 125
22 159
22 181
22 188
23 28
23 31
23 32
23 80
23 87
23 153
23 166
23 179
23 193
23 200
24 63
24 78
25 34
25 97
25 107
25 125
25 156
25 183
26 31
26 41
26 68
26 105
26 117
26 124
26 138
26 185
27 58
27 72
27 119
27 132
27 166
27 168
28 72
28 81
28 92
28 123
28 141
28 147
28 172
28 178
29 36
29 41
29 45
29 47
29 64
29 67
29 83
29 98
29 101
29 138
29 161
29 165
29 189
30 62
30 78
30 90
30 134
30 144
30 192
30 199
31 42
31 54
31 73
31 86
31 112
31 138
31 153
31 177
31 180
31 190
31 198
31 199
32 88
32 105
32 144
32 147
32 188
32 189
32 198
33 43
33 47
33 57
33 82
33 138
34 44
34 86
34 103
34 130
34 148
34 197
35 50
35 51
35 79
35 83
35 95
35 98
35 166
35 172
35 181
36 42
36 96
36 107
36 115
36 141
36 177
36 186
36 191
37 61
37 72
37 94
37 131
37 156
38 65
38 71
38 76
38 81
38 91
38 121
38 141
38 174
39 41
39 46
39 60
39 65
39 87
39 125
39 143
39 182
40 47
40 56
40 59
40 110
40 148
40 199
41 73
41 92
41 161
42 64
42 69
42 129
42 139
42 140
42 143
42 163
42 164
42 173
42 186
43 70
43 72
43 104
43 115
43 130
43 152
44 51
44 57
44 85
44 86
44 148
44 155
44 172
44 187
45 52
45 57
45 82
45 99
45 122
45 141
45 156
45 167
45 177
45 188
46 119
46 121
46 141
46 171
46 180
46 199
47 64
47 131
47 132
47 164
47 194
47 195
48 58
48 94
48 132
48 187
48 199
49 121
49 135
49 137
49 154
49 160
49 168
50 80
50 83
50 115
50 166
50 182
51 54
51 122
51 130
51 135
51 155
51 159
51 183
51 184
51 197
52 65
52 87
52 88
52 115
52 120
52 180
53 125
53 129
53 154
53 161
53 172
53 178
53 197
54 114
54 115
54 120
54 176
54 189
55 64
55 69
55 76
55 101
55 126
55 142
55 156
56 57
56 64
56 76
56 111
56 127
56 144
56 156
56 188
56 189
57 59
57 60
57 65
57 77
57 90
57 124
57 141
57 148
57 154
57 180
58 61
58 69
58 70
58 98
58 101
58 109
58 122
58 148
58 192
58 197
59 88
59 129
60 67
60 86
61 168
61 177
62 91
62 101
62 125
62 128
63 138
63 154
63 189
63 190
64 101
64 134
65 67
65 110
65 166
65 189
65 192
66 78
66 81
66 94
66 107
66 131
66 139
66 155
67 74
67 81
67 84
67 87
67 130
67 152
67 158
67 199
68 90
68 138
69 79
69 92
69 110
69 179
69 183
69 191
70 132
70 200
71 94
71 179
71 186
71 196
72 75
72 162
72 197
73 161
74 110
74 115
74 160
74 185
74 199
75 121
75 128
75 139
75 149
75 156
75 160
75 165
76 97
76 106
76 170
76 189
76 192
76 200
77 99
77 115
77 131
77 166
77 183
77 194
78 165
78 183
78 199
79 94
79 101
79 102
79 113
79 135
79 194
79 196
80 97
80 104
80 123
80 181
80 195
81 103
81 125
81 159
81 184
81 195
82 102
82 159
82 169
82 180
83 119
83 127
83 157
83 163
83 164
83 196
83 200
84 95
84 123
84 193
85 89
85 141
85 161
85 174
86 91
86 106
86 120
86 127
87 124
87 150
87 151
87 160
87 184
88 96
88 99
88 108
88 145
88 149
88 166
88 180
88 183
89 99
89 126
89 138
89 140
90 126
90 171
90 172
90 174
91 120
91 124
91 163
92 134
92 142
92 147
92 173
92 189
93 108
93 125
93 155
93 164
93 172
94 188
95 129
95 144
96 130
96 132
96 157
97 162
97 192
98 138
98 142
98 157
98 167
98 197
99 111
99 124
99 151
100 130
100 140
100 161
100 162
100 181
101 128
101 133
101 138
101 198
102 114
102 122
102 160
102 193
103 111
103 130
103 136
103 143
103 145
103 177
104 132
104 177
104 184
105 131
105 157
105 160
105 176
106 134
106 135
106 149
107 126
107 128
107 135
107 170
107 178
107 192
107 194
108 177
109 112
109 198
110 153
110 182
111 145
112 114
112 117
112 131
112 137
112 160
112 190
112 199
113 155
113 196
114 137
114 163
114 164
114 171
114 184
115 121
115 132
115 154
115 179
116 141
116 170
117 195
118 120
118 129
118 163
118 178
118 188
118 192
119 136
119 147
119 189
119 199
120 178
120 180
122 169
122 182
123 137
123 189
125 144
125 155
125 158
126 148
126 193
126 196
127 135
127 164
127 187
127 190
128 155
128 162
128 176
128 180
128 183
128 194
129 140
129 184
129 186
129 200
130 177
130 184
131 132
131 149
131 195
132 137
132 171
132 194
133 134
133 160
133 187
134 156
135 155
135 170
135 186
136 141
136 167
136 177
137 169
137 185
138 153
138 165
139 150
139 169
140 191
140 192
140 197
142 179
143 147
143 153
144 165
145 162
145 184
145 188
145 189
145 191
146 178
146 193
146 196
146 200
147 178
147 191
147 199
149 171
150 167
150 168
150 197
152 173
152 176
152 195
153 162
154 181
154 184
155 157
155 176
155 189
155 196
156 170
157 160
157 164
157 192
158 181
158 188
159 167
160 166
160 171
160 182
160 197
161 165
161 180
161 192
163 191
164 178
164 182
164 195
165 173
165 177
166 168
166 198
166 200
167 199
168 188
168 200
169 183
170 187
171 190
175 190
178 188
180 181
180 189
180 191
184 197
186 191
186 196
186 197
189 190
189 192
190 192
194 200
