200 3184 1000

14 56 58 29 64 30 73 110 38 16
104 51 11 80 18 70 79 105 80 93
18 105 93 105 106 73 26 52 71 81
11 62 91 68 106 92 107 97 68 16
47 80 54 65 66 62 41 74 75 103
42 73 80 98 46 30 20 92 81 71
108 103 110 106 50 82 27 57 54 78
19 95 58 51 63 97 70 49 69 18
61 30 12 52 40 28 44 37 41 33
57 85 68 23 36 11 69 103 78 96
17 45 62 49 99 61 74 39 91 42
98 28 19 61 41 102 82 22 64 97
19 58 97 64 90 76 13 108 90 109
50 63 75 71 25 80 30 63 80 48
32 27 88 65 16 91 13 64 102 17
67 28 25 12 61 75 47 30 93 78
76 13 32 28 109 16 32 64 36 27
48 87 94 12 50 69 40 94 85 81
107 56 99 12 87 96 82 83 110 82
67 97 27 11 63 14 74 51 38 75

4 46 48 19 54 20 63 100 28 6
94 41 1 70 8 60 69 95 70 83
8 95 83 95 96 63 16 42 61 71
1 52 81 58 96 82 97 87 58 6
37 70 44 55 56 52 31 64 65 93
32 63 70 88 36 20 10 82 71 61
98 93 100 96 40 72 17 47 44 68
9 85 48 41 53 87 60 39 59 8
51 20 2 42 30 18 34 27 31 23
47 75 58 13 26 1 59 93 68 86
7 35 52 39 89 51 64 29 81 32
88 18 9 51 31 92 72 12 54 87
9 48 87 54 80 66 3 98 80 99
40 53 65 61 15 70 20 53 70 38
22 17 78 55 6 81 3 54 92 7
57 18 15 2 51 65 37 20 83 68
66 3 22 18 99 6 22 54 26 17
38 77 84 2 40 59 30 84 75 71
97 46 89 2 77 86 72 73 100 72
57 87 17 1 53 4 64 41 28 65

21 1 22 0 48 3 38 16 0 0 0 15 15 24 5 1 35 2 0 7 45 8 13 0 19 2 0 0 27 20 17 21 0 35 0 27 0 20 0 35 14 26 0 0 0 40 39 37 3 48 1 11 24 39 10 22 41 12 5 13 6 35 15 37 47 18 20 41 43 40 2 8 49 21 3 40 16 11 0 10 0 28 1 39 11 26 1 0 3 42 30 13 20 19 31 13 45 7 30 41 0 1 41 7 12 30 14 0 10 37 4 24 0 0 21 0 0 0 13 21 0 23 0 42 30 36 16 21 35 3 0 13 25 29 2 16 4 8 43 0 35 11 22 48 47 30 0 0 21 21 27 2 16 39 17 6 16 28 38 15 37 0 11 14 0 21 34 29 15 25 35 50 24 49 31 12 22 4 29 5 2 7 31 42 46 20 4 0 17 0 28 14 24 0 40 10 13 15 0 
50 35 6 3 12 5 18 33 44 31 36 17 17 36 41 0 0 21 4 49 33 20 13 48 1 31 0 31 9 40 24 33 1 16 0 38 41 23 20 42 43 10 32 39 0 11 38 22 37 28 13 26 2 15 20 27 20 0 31 3 25 27 8 42 33 49 0 4 4 0 24 0 37 21 11 49 35 0 8 41 15 23 39 15 37 47 42 21 14 48 38 5 46 38 48 14 15 12 3 46 32 7 18 11 0 49 14 28 43 3 33 19 11 26 48 16 4 31 13 33 31 9 27 37 14 7 18 7 30 0 13 4 31 42 50 42 11 29 33 0 29 50 32 0 41 0 46 49 11 13 46 8 7 9 20 4 0 33 9 30 43 0 20 6 0 47 35 15 31 38 23 1 0 7 0 0 1 13 13 15 24 44 21 0 25 26 42 40 39 0 42 0 0 0 11 24 21 4 
11 34 9 26 14 7 37 4 36 45 18 5 46 22 3 0 9 25 0 14 0 0 0 50 0 0 10 0 30 42 14 8 48 0 16 0 25 45 3 34 24 33 0 24 18 43 0 8 41 22 38 0 13 43 3 26 16 37 5 44 45 43 0 0 25 0 48 29 48 0 4 14 33 5 26 23 0 3 0 50 16 24 14 49 1 28 46 24 35 48 42 46 0 25 25 32 0 30 25 41 34 21 26 34 7 26 0 8 38 46 1 40 6 23 33 47 23 31 20 35 34 30 41 42 20 3 6 31 49 38 35 50 25 0 23 3 17 32 23 31 13 25 35 40 4 50 24 48 0 40 22 16 0 47 31 9 3 16 36 48 40 25 46 31 0 0 9 16 15 43 26 0 2 0 42 13 0 0 38 24 6 34 22 13 26 11 22 21 49 0 18 28 24 31 31 46 32 
46 26 44 36 49 6 0 24 19 0 42 0 27 39 18 3 20 20 28 0 46 47 26 46 6 44 33 24 43 8 45 0 15 5 41 0 36 36 31 23 26 7 50 6 46 7 7 33 3 0 27 4 4 0 8 37 9 36 8 24 6 37 10 5 48 8 0 37 2 35 24 50 5 14 15 10 45 35 36 0 34 20 36 0 29 34 0 35 36 11 34 21 0 41 27 0 0 36 9 41 23 0 17 15 25 38 5 48 11 25 27 44 1 15 48 7 0 16 17 0 48 16 0 29 30 19 0 8 14 44 39 18 30 40 26 48 0 0 8 46 16 34 0 22 9 35 20 18 37 41 4 50 6 0 10 43 1 3 47 50 24 0 17 0 9 0 0 31 0 41 27 46 6 0 0 16 33 0 0 24 0 50 9 0 5 25 39 1 13 39 11 0 0 21 39 17 
2 20 31 34 49 35 22 0 40 39 11 49 24 49 45 18 27 49 43 19 17 11 35 14 1 16 37 14 49 31 42 9 0 19 26 23 0 10 15 47 16 24 44 0 25 5 27 0 50 42 47 10 13 41 22 34 24 36 1 19 48 0 23 16 8 7 37 33 29 11 41 18 42 14 0 34 47 18 5 12 16 0 27 48 22 44 2 0 28 11 27 25 28 0 13 23 24 32 28 50 4 7 15 0 12 37 14 39 22 41 18 0 0 14 47 14 5 0 35 0 11 48 2 39 0 4 40 10 23 7 17 3 0 24 50 9 4 19 46 24 33 42 19 2 29 17 25 25 33 7 12 28 0 38 12 25 6 0 9 38 47 0 3 48 33 15 35 26 12 31 36 18 41 44 41 26 0 17 35 0 48 0 34 0 44 0 27 36 23 24 19 45 27 0 6 
19 15 27 4 0 23 49 17 8 42 28 12 18 16 2 48 27 37 6 0 18 33 45 4 3 29 28 26 8 47 36 0 39 49 26 0 0 33 45 37 6 6 16 46 0 46 28 41 21 5 15 4 0 16 3 35 32 25 27 19 9 0 22 33 14 1 50 18 6 0 40 20 7 16 40 36 24 12 38 48 47 43 0 14 22 49 9 27 7 8 28 37 19 1 28 12 11 27 34 44 3 32 1 1 34 0 0 13 38 12 14 22 30 40 50 29 14 0 20 10 6 37 21 31 39 30 46 49 37 36 5 10 23 17 50 36 29 0 2 20 8 46 0 44 28 0 0 21 0 47 29 42 21 8 0 37 50 35 43 34 44 37 43 3 21 0 3 25 0 0 17 32 4 28 16 33 32 0 49 38 3 3 1 21 32 14 9 37 37 33 37 22 31 18 
0 11 33 0 27 22 20 31 0 19 35 21 6 11 12 13 1 46 0 2 3 21 49 22 41 27 5 32 33 39 37 7 34 44 49 47 42 42 12 1 40 0 23 25 38 24 24 24 0 20 27 6 0 23 8 23 17 38 13 0 0 35 10 1 24 46 50 0 18 18 32 35 40 0 47 0 27 16 0 10 36 25 34 27 31 3 19 2 26 38 40 22 0 0 40 30 47 0 21 30 0 1 0 14 19 39 13 38 43 38 14 13 40 36 33 11 1 40 29 47 27 7 19 35 39 21 49 6 32 11 18 0 11 9 20 19 35 0 0 35 0 0 0 32 35 13 24 15 13 28 41 1 20 38 27 2 27 41 9 0 30 44 23 6 0 17 0 33 6 32 5 31 30 36 48 24 13 3 30 29 9 0 45 19 30 20 5 22 13 28 7 14 47 
20 41 22 22 2 0 25 7 3 23 24 40 45 46 28 28 1 11 37 46 20 40 26 16 24 8 18 28 40 28 19 34 33 33 0 3 0 25 9 0 19 24 43 47 13 3 41 33 41 0 0 0 0 46 5 0 38 1 18 38 0 26 0 14 29 12 33 9 0 7 6 27 37 8 44 33 7 29 34 27 40 18 37 33 12 34 8 12 14 30 46 3 11 20 9 49 36 50 39 20 1 10 25 11 25 6 39 45 0 33 11 48 29 24 25 20 43 4 0 31 32 0 28 36 5 37 12 27 0 10 19 40 32 26 39 0 42 27 0 15 0 27 1 48 31 17 10 50 39 39 37 48 9 17 6 37 15 49 2 19 17 44 36 42 1 3 41 8 42 0 40 25 5 0 0 0 26 20 18 29 38 35 35 0 15 44 21 50 47 41 40 10 
37 7 38 26 13 15 43 42 0 32 48 42 0 44 20 19 22 12 39 47 42 0 40 24 17 43 17 32 30 19 0 48 43 37 39 12 48 48 2 46 38 23 45 49 0 2 0 18 1 41 21 0 18 8 22 10 3 5 32 50 10 15 10 21 15 49 43 9 19 12 33 7 0 29 19 44 44 19 30 5 26 43 32 0 36 25 10 38 0 0 34 40 3 29 44 2 21 14 49 7 41 0 13 0 33 5 22 27 0 47 46 38 27 39 29 41 37 35 18 41 27 32 5 30 16 46 38 14 8 25 28 32 11 19 13 23 0 26 0 17 8 29 24 6 44 41 32 22 39 50 45 25 18 0 34 49 33 14 3 28 35 17 20 6 33 42 17 0 40 41 24 50 24 0 47 10 42 17 3 9 25 12 32 48 10 45 33 34 12 48 47 
10 11 19 0 49 43 24 38 36 0 48 14 12 25 50 16 7 0 8 40 10 0 17 5 3 4 13 16 27 8 26 0 32 0 0 7 25 0 27 0 22 6 36 2 48 3 37 18 47 17 0 17 0 23 20 0 37 5 12 33 22 41 21 42 0 41 25 0 9 0 0 1 48 28 10 20 1 40 32 37 40 13 0 45 47 0 15 38 15 19 13 26 46 3 33 9 36 15 5 5 37 32 5 0 7 32 31 36 47 32 34 24 21 39 29 24 50 5 0 50 13 7 15 42 39 14 47 37 7 6 10 0 0 11 37 19 11 49 41 29 0 5 23 24 27 0 36 18 24 37 48 41 23 42 19 23 0 49 0 4 18 0 10 0 0 50 26 38 23 41 50 27 8 46 0 0 0 2 0 0 14 38 47 3 0 8 11 31 41 19 
19 47 15 45 2 0 38 23 28 29 3 36 47 22 10 0 0 0 46 4 0 27 17 48 14 29 41 46 0 28 9 45 0 25 48 18 46 23 19 14 0 37 9 21 3 10 7 49 45 0 24 19 9 0 15 36 16 9 38 23 20 22 39 11 21 49 23 19 30 29 6 0 20 9 0 41 0 9 0 11 46 3 21 0 24 45 22 48 14 12 1 7 10 0 5 13 10 48 3 35 37 18 6 21 37 1 19 19 0 10 46 48 2 0 25 39 32 41 0 34 18 15 45 41 20 24 9 45 24 2 35 26 43 24 0 43 2 6 49 36 28 35 0 18 0 14 43 25 48 45 28 6 2 39 9 0 9 23 0 32 0 32 0 17 23 7 41 3 9 23 20 10 1 41 13 34 38 32 38 34 0 0 4 30 16 27 33 22 44 
0 8 47 39 27 32 23 24 11 0 11 44 19 8 11 14 37 40 46 0 14 42 3 30 0 25 9 22 7 36 6 8 41 34 15 15 42 11 0 23 21 6 27 0 17 43 0 8 32 12 44 24 19 7 35 32 7 49 32 18 0 13 9 14 36 0 16 44 46 43 13 23 21 32 45 8 0 27 0 32 14 3 0 47 25 44 0 0 22 11 35 42 0 50 14 3 42 36 0 24 19 9 32 43 37 0 34 2 0 12 28 22 46 4 27 48 41 0 44 0 22 12 14 12 0 47 0 0 33 21 21 17 4 30 39 6 23 12 29 18 0 31 27 43 32 14 5 21 40 1 47 39 0 14 49 50 41 31 23 14 39 50 49 29 18 0 30 13 11 11 0 4 0 24 0 29 0 5 0 34 10 24 13 47 38 43 42 0 
0 41 33 38 30 39 0 24 20 8 50 13 0 2 18 0 20 26 39 19 50 9 27 31 30 34 20 18 42 26 6 20 40 0 43 33 8 50 47 18 13 27 42 11 33 50 19 0 28 46 0 39 43 0 18 0 43 0 6 27 41 19 16 9 3 0 46 42 21 29 47 0 31 10 14 30 28 48 25 9 41 28 44 42 1 31 29 35 14 33 11 1 18 9 17 41 3 5 2 42 0 34 0 0 1 1 23 42 32 10 48 27 27 21 28 29 23 5 31 30 44 45 9 31 23 22 7 28 9 18 38 0 9 11 26 0 32 44 0 20 0 2 0 20 50 47 0 0 7 18 0 29 5 26 24 18 33 0 40 43 15 13 39 0 26 2 2 43 41 18 37 12 2 28 43 49 47 40 1 39 11 31 46 0 42 40 0 
27 42 32 32 50 22 9 44 35 0 15 14 22 39 18 3 21 33 1 25 26 21 6 21 16 24 2 15 22 0 7 19 45 37 24 48 10 4 17 24 43 20 12 22 2 0 20 39 7 42 2 3 6 0 0 8 43 0 17 30 47 50 0 50 0 3 29 0 29 37 33 39 0 8 28 0 37 0 0 28 7 3 37 8 29 0 23 40 0 0 19 17 43 5 28 33 22 26 4 18 33 23 0 14 0 39 39 25 0 8 0 28 29 0 48 32 5 31 23 38 33 26 1 0 10 0 48 28 37 40 21 35 26 0 25 0 0 9 17 38 29 20 12 49 3 45 14 24 36 1 28 17 9 13 0 20 0 2 50 26 0 6 38 14 40 0 20 0 0 0 47 0 34 27 18 35 48 4 30 35 4 36 24 29 0 44 
15 7 5 0 46 30 44 0 49 13 47 4 41 19 5 41 0 25 25 33 11 47 22 20 48 0 25 0 19 37 42 49 12 0 24 34 9 16 25 38 19 42 33 2 0 45 5 0 34 18 32 13 49 3 25 17 44 1 29 48 15 42 2 7 10 45 18 32 0 0 4 30 11 32 28 14 31 36 6 12 29 26 9 33 0 27 0 7 36 8 8 10 36 0 32 39 15 25 25 49 48 14 50 12 0 32 38 0 0 0 37 22 22 29 30 0 36 6 22 0 29 29 41 26 24 25 9 23 24 32 7 36 29 4 17 48 33 0 48 5 23 19 11 47 17 45 0 49 36 33 27 24 0 19 22 0 10 0 0 33 0 32 22 13 5 0 42 26 47 0 14 0 0 8 33 38 30 2 0 17 27 45 15 26 11 
24 32 18 19 0 5 20 39 29 32 25 0 0 30 29 18 16 41 0 29 0 13 45 34 0 33 34 46 15 0 50 48 48 17 0 5 28 0 44 33 34 29 10 20 14 42 43 13 28 35 20 0 19 45 27 36 12 48 12 42 5 25 42 6 6 35 17 6 0 18 5 0 0 47 22 46 15 2 0 46 17 41 0 2 8 42 30 0 0 15 6 47 21 13 20 44 32 0 4 0 0 45 33 33 14 41 50 0 34 46 30 16 25 19 50 38 9 0 20 26 20 32 17 38 0 50 32 30 30 27 2 9 29 0 0 11 50 0 0 42 34 25 17 41 0 4 19 0 33 0 33 43 47 0 50 28 0 44 31 16 19 43 0 11 29 1 30 40 43 42 4 26 0 32 44 11 39 39 39 13 48 2 48 37 
5 5 0 45 41 28 31 0 23 0 31 45 0 6 0 26 11 0 0 0 22 49 33 0 0 40 45 7 29 31 13 37 15 48 41 11 47 46 8 21 20 24 0 32 5 23 2 20 48 34 20 50 21 38 12 17 49 0 44 26 23 15 0 19 11 0 20 11 3 38 0 26 19 0 5 26 20 0 11 23 29 0 19 6 44 16 47 48 39 6 35 24 38 15 15 37 0 5 32 0 22 47 37 29 0 22 32 39 45 39 2 31 37 24 32 39 23 26 0 18 24 30 0 7 19 36 24 14 11 0 50 4 1 43 0 42 0 27 31 16 35 7 0 36 37 22 31 0 46 35 8 13 0 10 42 37 27 9 25 5 1 0 39 20 40 26 45 35 8 32 24 6 0 20 48 6 13 13 17 17 8 27 0 
34 14 11 46 3 0 23 46 38 42 5 0 39 28 0 50 43 0 33 0 50 9 6 24 42 37 11 47 32 13 41 21 20 0 40 13 8 19 33 38 0 31 0 1 0 32 17 21 29 38 9 27 14 4 48 0 9 3 19 21 48 25 29 45 25 22 23 38 16 0 0 47 0 30 4 10 48 38 11 36 0 45 11 33 20 8 32 33 23 16 50 45 36 40 14 0 11 39 24 25 0 29 35 49 48 13 50 49 15 2 20 25 22 27 1 0 0 46 37 21 36 35 0 0 15 28 2 36 45 29 21 0 41 42 41 49 37 42 35 37 37 1 50 41 34 23 0 40 16 36 34 27 31 1 28 12 29 5 44 6 33 30 0 0 40 24 0 47 26 45 13 43 0 47 11 0 5 2 0 12 0 24 
0 14 36 40 0 0 32 41 13 18 29 3 14 28 24 1 0 12 39 9 0 35 37 49 0 0 10 30 30 36 38 12 48 1 15 48 0 37 33 26 20 0 50 0 5 27 48 30 23 23 0 2 2 8 47 39 41 33 39 3 28 1 0 22 39 22 48 9 44 13 5 0 16 6 7 25 10 0 29 10 28 26 38 43 40 21 16 45 18 29 9 0 41 32 20 50 35 19 3 17 50 47 0 12 4 0 2 22 50 20 0 0 40 41 25 40 40 44 6 26 16 0 38 0 43 40 48 0 18 2 4 11 35 2 16 25 49 3 29 0 0 25 14 7 13 11 23 19 0 11 22 13 33 25 48 29 0 34 3 16 0 41 25 50 7 5 46 33 10 27 41 0 39 19 5 23 17 26 38 14 21 
5 39 44 0 37 0 19 38 32 44 0 25 35 0 44 0 39 7 21 4 46 43 0 20 28 31 26 11 46 6 39 27 30 27 26 32 1 17 28 21 5 41 34 0 4 1 5 20 35 0 3 48 39 19 0 42 0 21 39 19 9 47 11 29 11 26 34 30 41 0 45 5 46 17 38 0 0 46 9 0 42 43 36 33 47 5 41 9 20 0 10 35 0 30 39 29 15 21 20 19 29 44 15 0 0 4 16 20 12 45 14 4 48 38 23 31 20 45 39 15 30 13 0 12 32 24 41 43 0 0 33 42 38 41 33 8 4 0 0 20 30 0 37 9 0 14 13 15 41 30 24 0 5 4 28 0 0 9 7 49 0 0 44 37 36 0 25 43 34 1 43 41 47 40 6 1 27 42 0 37 
44 45 0 2 0 45 24 43 26 0 0 35 30 1 18 30 15 0 47 45 9 23 30 0 0 6 0 6 33 31 12 14 27 18 47 17 13 0 16 7 34 38 31 21 44 21 4 21 39 37 37 6 0 12 19 27 33 38 21 0 39 3 23 50 49 1 48 37 15 31 17 40 44 35 24 1 43 10 22 4 10 23 22 40 18 27 39 29 8 23 0 21 25 2 46 38 24 44 27 35 40 0 15 13 0 37 47 39 43 33 4 2 49 23 10 0 16 31 33 14 0 41 12 30 1 31 31 0 3 40 46 15 28 5 3 18 6 36 48 33 1 2 49 0 2 6 35 36 26 42 43 11 1 34 8 42 0 43 12 16 0 44 4 28 44 0 0 22 29 48 44 41 33 0 36 0 19 46 48 
7 35 30 29 0 22 14 42 17 0 30 18 35 12 0 25 18 35 22 0 43 5 50 20 29 0 36 18 0 46 1 49 5 28 40 17 37 40 26 4 0 36 42 0 27 18 40 21 2 23 45 26 22 4 3 0 22 22 29 10 31 35 24 22 0 42 31 48 8 32 31 5 24 0 6 39 18 30 0 0 24 19 32 45 22 37 21 29 0 1 24 0 15 33 0 12 19 28 8 2 49 49 37 33 27 36 43 48 16 6 0 29 10 46 44 11 0 48 32 16 0 22 24 33 20 34 21 47 24 30 27 22 1 41 30 48 2 29 17 0 25 48 13 25 38 13 20 13 46 28 42 8 14 9 40 43 44 0 2 19 0 13 26 4 0 23 27 29 3 4 0 25 32 42 2 25 13 35 
14 30 9 36 26 12 13 10 49 45 4 19 44 0 8 19 40 47 10 3 21 0 23 50 12 35 0 14 3 39 40 37 2 46 38 34 31 30 0 2 47 30 24 31 12 45 3 4 0 22 25 45 44 1 0 25 0 11 0 50 27 32 17 29 44 0 42 44 9 0 40 32 48 20 44 3 30 0 0 24 0 41 25 47 26 19 23 44 41 10 6 5 35 1 40 18 37 41 36 1 6 43 2 46 28 23 33 7 1 31 49 45 37 5 17 13 0 24 6 0 20 15 14 45 25 22 46 5 36 0 49 41 27 21 18 32 20 0 50 47 22 10 50 0 47 43 0 24 4 10 5 0 28 22 35 0 25 5 40 5 6 5 18 33 23 26 33 44 0 14 34 1 18 37 23 25 28 
34 0 24 0 37 0 17 1 12 0 6 0 0 2 47 18 36 8 40 44 0 45 33 40 0 46 35 42 0 0 31 48 14 15 31 15 2 3 28 10 22 43 21 21 5 30 21 36 17 44 29 48 14 0 4 16 0 0 0 13 48 23 3 43 32 0 29 43 47 40 29 28 50 40 8 2 13 22 46 46 25 43 13 11 35 0 0 0 1 20 30 25 3 43 0 7 35 12 35 33 42 0 47 25 17 49 17 0 32 17 0 14 8 18 34 10 25 47 14 39 29 1 28 24 17 38 2 48 29 17 37 0 2 31 13 49 8 16 16 28 8 5 9 9 48 0 23 30 6 38 0 16 0 0 33 0 14 34 46 46 49 38 20 20 0 16 43 35 17 7 25 0 12 41 35 38 
6 9 32 37 0 25 41 35 13 44 49 37 40 16 3 11 48 38 47 29 25 47 27 14 27 0 0 22 26 3 18 48 31 32 7 7 33 29 40 0 0 11 48 29 25 50 18 48 36 38 45 0 0 10 50 36 37 35 5 0 9 34 42 43 18 27 42 1 38 0 0 33 38 22 17 6 13 29 0 23 38 11 35 37 23 37 16 1 41 0 17 14 31 14 16 25 6 22 0 0 3 31 43 0 48 31 32 29 21 43 35 39 13 18 13 18 9 49 48 48 0 41 28 31 12 17 11 40 31 20 33 25 4 30 34 13 27 35 41 38 2 12 17 0 43 0 44 38 26 34 1 10 37 0 24 1 29 1 49 0 31 39 0 12 22 20 36 42 12 6 30 17 0 4 16 
43 7 24 44 31 0 43 39 14 32 19 25 8 16 24 0 9 0 34 28 45 27 45 0 7 21 19 49 29 0 7 1 19 6 40 15 0 23 31 31 14 14 41 41 2 43 10 19 44 26 11 39 28 33 0 0 41 2 43 50 28 15 0 37 24 0 0 33 19 27 50 19 6 20 49 25 19 24 29 34 23 0 29 13 1 5 29 50 20 26 27 22 36 10 24 0 0 16 31 0 16 49 38 39 29 7 14 1 19 29 19 0 13 17 31 9 29 41 12 20 28 46 0 19 11 15 26 28 22 0 21 43 50 47 31 21 50 13 24 31 42 3 0 48 7 44 14 5 18 21 41 25 40 4 17 13 31 28 13 23 42 0 45 0 47 0 41 7 38 29 16 9 12 0 
0 38 31 1 0 0 35 6 0 40 17 45 35 29 4 15 39 48 32 29 38 0 0 6 24 22 13 12 18 33 23 9 17 17 30 5 37 45 21 0 0 12 41 38 17 46 49 27 43 34 42 0 26 7 38 2 22 0 35 24 10 0 25 37 14 0 1 10 0 39 47 29 42 2 4 4 4 0 20 42 7 21 0 13 35 10 41 14 17 2 39 38 45 18 22 27 19 0 8 0 49 36 6 18 5 30 27 50 3 12 23 0 12 47 15 13 0 49 37 30 47 0 0 21 35 22 43 25 0 49 0 0 34 32 17 33 46 37 13 0 13 38 45 2 44 31 46 48 0 44 15 0 47 0 26 19 0 43 16 0 50 0 11 12 14 5 0 30 0 31 0 39 18 
50 0 10 42 27 3 18 24 40 47 46 16 40 3 23 15 18 0 22 39 18 50 35 6 0 43 22 5 6 31 27 0 39 16 36 26 0 27 18 12 36 31 40 40 1 36 0 21 30 13 21 8 41 39 17 4 28 6 43 14 0 9 33 26 3 12 0 7 32 0 45 46 50 0 37 28 4 6 34 21 19 11 26 0 29 37 0 23 8 11 31 1 38 26 6 28 7 27 19 2 44 19 0 21 1 0 33 1 0 0 6 8 0 41 49 22 29 4 0 29 0 24 10 15 10 40 38 23 46 24 24 0 0 35 0 24 0 34 0 0 28 0 19 24 41 31 18 48 36 0 7 19 22 13 16 46 35 46 46 42 26 38 43 44 42 18 1 13 11 47 33 23 
37 0 0 19 48 29 0 40 23 36 0 9 0 3 12 35 39 17 27 6 47 9 0 31 0 45 40 17 32 31 37 21 0 29 11 32 8 0 0 16 46 48 0 0 0 18 29 45 0 29 16 50 26 5 33 0 4 0 0 0 15 34 14 43 0 49 0 3 3 15 25 48 36 38 0 29 34 28 0 44 27 41 0 1 25 0 40 23 0 17 1 5 18 0 32 0 0 13 41 8 9 8 0 0 0 48 12 27 43 15 28 20 46 0 11 0 0 0 10 2 25 9 19 39 28 6 0 35 27 46 0 6 0 15 23 24 0 14 15 0 29 20 32 29 2 2 39 0 45 0 23 4 34 29 41 10 17 27 5 17 47 48 22 0 20 27 15 7 26 0 35 
20 20 50 29 49 31 39 23 2 48 2 35 10 14 12 0 31 5 11 35 41 0 44 27 10 43 0 26 0 3 2 0 5 22 0 12 2 2 32 20 5 41 0 0 22 27 18 13 6 12 18 0 0 19 37 8 5 31 0 0 0 31 41 0 1 43 2 48 28 12 10 37 0 7 25 0 35 43 0 17 13 0 5 1 39 0 27 20 0 0 41 35 1 49 27 20 49 17 45 11 49 13 0 36 20 0 50 14 28 47 46 8 17 50 5 4 0 25 26 50 48 1 41 30 30 14 0 0 29 37 2 13 19 0 32 0 27 28 45 10 0 29 46 29 19 30 32 40 41 42 0 20 0 0 8 11 1 13 9 22 34 0 36 6 9 12 38 24 14 17 
30 25 27 22 4 3 6 8 22 33 24 35 19 0 27 3 0 12 2 49 19 30 18 3 0 44 0 50 11 16 5 0 15 15 6 0 26 0 45 34 9 0 44 35 30 12 11 16 42 43 42 50 38 50 0 48 32 19 46 19 1 0 0 23 31 30 50 3 38 47 37 40 24 33 0 18 2 19 32 6 41 21 37 5 5 26 24 21 14 0 44 30 49 20 20 0 15 31 13 25 41 11 0 41 32 16 50 17 40 31 42 11 29 22 21 7 8 37 43 40 41 28 8 21 26 33 45 31 29 16 40 29 1 25 48 19 49 40 13 33 47 45 1 1 26 30 46 40 7 22 0 18 41 37 28 39 26 21 0 3 0 0 23 22 37 0 23 26 39 
25 1 28 48 35 6 18 2 18 50 30 23 25 39 21 34 47 17 1 9 29 28 49 0 41 49 13 0 7 39 8 44 45 27 21 3 0 1 49 16 2 33 6 31 0 27 39 37 38 43 36 18 0 5 5 19 0 42 25 42 1 7 25 43 49 0 13 6 3 16 0 29 40 35 14 48 0 44 29 15 27 11 41 28 5 40 18 14 23 1 9 24 5 17 25 45 0 0 19 0 31 46 36 15 19 28 15 0 24 0 0 2 32 27 0 8 20 0 20 37 39 38 0 38 14 26 1 14 0 0 18 26 45 37 47 48 45 16 0 0 22 37 36 0 5 9 10 6 23 0 13 25 37 4 10 3 0 2 35 23 1 41 27 11 11 28 46 47 
22 35 15 9 46 31 0 42 0 0 28 18 43 11 28 48 5 21 13 45 2 2 49 40 33 24 37 15 0 1 16 0 3 27 13 48 45 2 29 36 30 13 7 0 29 0 12 34 38 0 33 19 30 12 2 45 13 24 4 24 8 0 41 44 0 49 48 32 29 21 19 46 4 35 20 12 26 28 5 4 40 36 9 6 39 11 41 37 27 0 33 21 11 20 14 36 43 13 42 16 47 0 9 13 0 17 24 25 24 3 26 46 33 27 11 42 12 0 50 48 26 0 49 0 5 41 8 0 25 0 36 14 22 32 6 44 28 4 3 0 32 0 7 49 6 18 8 12 40 0 8 27 39 30 13 46 35 25 4 8 0 14 15 49 24 21 0 
7 4 28 50 11 3 21 42 36 17 40 43 42 0 0 0 16 0 13 26 44 21 3 17 36 26 0 0 16 42 0 3 12 0 16 0 0 17 0 20 41 0 3 31 0 47 37 49 35 49 42 24 16 0 38 39 43 16 4 31 7 19 45 9 46 38 40 24 39 0 22 23 36 34 28 7 15 5 0 29 33 16 32 28 9 48 49 39 0 49 33 44 4 19 9 31 1 0 1 41 43 12 25 0 23 21 0 31 34 36 2 9 29 5 41 7 17 26 7 9 21 0 4 15 42 9 12 37 44 12 47 0 49 21 38 28 3 0 16 34 22 35 0 38 37 43 34 16 37 49 25 31 4 24 1 35 36 26 41 0 21 0 45 35 24 22 
28 33 15 1 17 12 19 13 0 47 0 3 13 4 0 25 48 47 0 8 42 0 12 8 0 49 26 38 30 14 40 12 0 45 17 43 18 9 37 23 28 0 44 5 34 17 4 29 14 31 0 3 25 19 25 6 0 0 0 18 50 23 0 18 2 27 15 25 49 0 0 50 3 39 28 1 1 0 43 48 48 0 13 30 44 0 24 27 26 1 0 16 44 5 43 4 42 25 46 25 36 0 0 16 0 37 40 0 0 28 0 49 34 10 11 5 45 33 47 27 0 23 18 7 17 46 49 0 0 3 8 18 0 15 0 26 44 22 28 38 23 2 26 2 31 3 39 20 20 21 18 11 44 46 40 34 43 45 42 27 41 47 3 12 44 
38 32 0 3 0 8 10 38 49 35 30 29 7 46 47 22 1 28 30 44 2 0 0 26 7 45 31 0 0 50 25 10 10 31 15 50 33 3 48 31 1 4 38 45 46 38 4 24 9 8 21 26 35 9 42 0 23 7 30 32 21 38 24 16 24 39 9 10 25 6 50 14 1 16 38 37 39 33 6 6 22 38 10 37 44 0 10 45 14 11 16 9 38 0 41 42 33 35 0 31 20 3 10 43 38 23 7 50 20 27 7 23 0 17 40 20 49 9 32 0 28 50 7 9 34 0 3 15 37 5 14 7 45 0 48 48 47 11 8 2 19 0 27 13 0 0 42 0 1 15 11 42 42 31 19 21 47 19 34 49 0 10 3 21 
46 16 3 35 29 3 37 28 10 6 47 25 7 49 42 17 21 24 33 0 10 42 0 41 29 13 44 19 27 6 30 11 37 1 26 26 0 42 19 31 1 22 13 5 0 8 35 18 47 2 3 14 18 2 22 21 0 0 5 1 3 29 23 19 42 43 19 49 1 20 1 42 44 0 48 30 22 14 7 25 47 22 15 2 12 26 22 28 15 41 49 32 39 11 9 0 0 5 40 45 8 23 29 0 48 0 14 4 30 12 37 40 36 50 15 15 44 16 18 0 46 27 0 0 44 26 30 17 25 10 39 0 15 36 28 28 47 30 7 27 7 2 27 20 0 8 0 12 0 0 30 8 33 39 43 0 50 18 42 44 0 8 32 
31 36 2 23 41 0 0 28 39 21 11 3 23 13 40 0 27 13 7 49 29 0 16 0 11 45 42 24 18 34 33 0 33 9 50 43 29 4 34 41 18 0 48 45 49 5 38 43 0 43 0 32 22 37 5 4 48 44 9 41 33 37 0 15 28 0 0 40 37 34 47 20 30 31 3 36 11 44 24 0 5 12 8 15 45 45 25 33 20 46 0 21 36 19 39 42 0 42 4 14 9 40 47 25 49 32 30 33 1 42 14 26 43 40 25 7 0 36 27 44 23 27 11 1 0 24 0 49 49 45 11 31 38 30 2 10 0 14 40 25 37 3 6 47 14 48 17 33 32 9 0 0 0 9 22 28 0 45 18 26 38 33 
0 44 0 8 22 18 6 44 2 0 40 20 12 15 31 50 23 24 32 43 10 14 24 34 29 24 16 40 22 0 26 0 6 17 40 0 46 6 44 50 22 13 15 31 0 4 0 46 0 25 4 21 47 15 0 1 25 4 0 19 12 15 21 6 27 0 40 34 22 15 15 0 26 19 48 40 48 0 13 41 50 4 20 50 1 23 14 7 29 33 50 26 0 29 49 46 0 0 25 0 17 9 0 43 25 14 47 0 37 0 31 36 37 0 39 28 44 0 2 12 8 8 0 13 41 14 29 18 19 0 19 37 18 4 0 38 24 28 29 8 43 23 2 49 14 39 6 6 36 10 25 44 42 32 9 29 35 22 36 11 26 
43 0 28 27 36 21 19 15 40 26 0 48 41 21 25 28 35 12 40 9 12 5 0 5 35 17 8 27 48 26 29 6 6 0 6 32 0 46 25 31 0 38 3 49 7 50 13 0 38 25 50 0 32 0 32 33 9 19 36 14 11 50 19 0 33 5 0 27 47 0 46 9 10 20 45 37 0 3 24 10 35 32 9 41 46 9 5 50 3 5 7 33 37 29 3 42 15 0 38 11 22 24 0 29 36 6 45 2 0 30 29 38 0 11 31 45 23 0 0 16 42 41 43 9 50 39 0 14 34 15 28 30 39 14 0 12 2 11 27 46 8 22 0 39 26 49 13 38 1 7 19 48 0 45 45 0 14 0 0 0 
31 38 0 4 44 16 9 30 43 33 34 25 21 27 0 11 0 6 10 16 50 26 47 0 0 17 21 44 17 27 3 26 21 9 39 43 45 10 0 1 23 31 11 4 0 44 17 17 6 11 9 1 29 17 31 25 0 14 31 1 0 33 40 0 36 0 28 5 0 48 19 23 0 49 32 38 14 4 0 36 0 0 49 8 0 34 0 36 50 34 21 11 28 38 31 11 0 49 11 24 12 2 24 44 49 2 35 0 0 37 35 50 13 47 38 19 13 33 1 0 42 29 25 0 32 0 0 1 9 22 36 5 32 44 44 38 11 33 41 0 38 9 0 36 27 39 3 21 42 28 32 15 18 38 48 0 24 4 16 
21 21 30 10 30 22 0 6 2 10 33 18 19 0 40 44 9 44 7 50 45 0 35 18 45 30 0 14 12 19 0 22 14 29 50 25 15 34 16 0 17 17 47 15 1 0 24 18 43 6 38 15 17 29 0 39 15 10 35 3 15 20 22 16 28 0 46 45 49 0 49 10 19 0 0 15 39 5 43 28 18 24 7 44 23 21 33 7 0 0 48 13 45 29 44 0 14 49 48 0 34 0 14 41 0 40 25 41 7 1 1 12 35 37 20 45 21 17 37 19 36 10 15 32 0 0 20 27 3 40 39 30 0 1 13 33 10 3 0 38 39 0 8 32 49 0 7 0 14 7 33 28 21 8 30 10 45 4 
48 41 13 30 45 0 1 34 7 17 31 15 33 48 39 38 16 0 40 39 17 44 2 0 1 30 8 25 40 33 49 47 9 33 18 46 36 40 1 19 37 38 0 0 45 26 0 46 17 37 29 31 29 40 10 24 20 2 17 34 36 46 4 37 15 10 9 34 23 42 2 0 0 31 9 48 42 50 6 31 3 0 49 17 36 43 37 0 0 1 3 34 39 35 0 18 15 22 27 37 21 17 0 23 16 0 0 0 36 46 0 1 5 23 2 24 46 11 0 5 45 40 35 0 38 36 19 38 37 12 8 0 45 1 0 48 12 45 22 7 2 32 39 15 23 0 32 20 48 15 34 32 15 42 25 16 20 
34 30 48 1 49 28 46 48 41 27 24 43 43 27 22 48 0 43 8 46 18 0 41 40 5 0 31 21 44 30 4 10 0 12 13 14 8 14 45 23 10 36 17 17 0 22 2 47 27 50 39 14 16 41 49 45 37 0 0 1 24 33 23 0 49 0 0 36 30 13 9 41 6 36 0 28 27 24 42 41 9 26 16 12 45 25 10 17 25 10 32 10 15 44 46 2 24 33 1 32 0 0 4 23 25 48 7 28 34 36 41 44 12 6 2 8 44 48 25 25 19 7 5 32 14 2 20 49 22 9 0 35 35 0 23 34 24 8 9 19 4 32 23 9 0 12 28 30 28 27 21 0 40 6 35 0 
16 17 27 42 7 43 37 0 29 28 6 16 13 1 0 45 0 18 1 14 25 4 0 34 16 17 34 7 48 29 9 0 36 39 4 22 9 47 27 48 45 50 21 36 30 0 42 0 39 1 6 49 0 29 18 0 35 49 13 5 15 26 43 47 0 4 26 0 11 8 0 28 40 4 21 38 0 30 38 6 2 32 44 19 23 15 0 12 9 19 18 0 41 31 0 45 25 0 8 31 47 1 16 33 28 0 0 49 46 1 0 3 8 49 0 0 6 5 0 26 41 21 34 0 4 45 13 44 32 7 5 50 0 42 24 49 6 29 50 37 27 4 36 49 43 23 16 47 29 0 37 2 38 30 32 
45 17 35 0 46 18 10 41 19 23 13 1 0 32 10 38 21 0 18 17 44 40 10 23 19 24 0 43 0 4 0 45 0 33 21 2 27 34 0 0 18 43 29 41 42 40 41 10 0 48 13 22 19 0 34 44 30 0 40 0 2 34 29 30 0 20 0 21 13 28 5 27 0 28 28 17 9 13 17 23 27 29 29 0 24 26 35 43 38 37 3 49 0 12 4 17 46 21 48 34 47 19 0 35 0 6 1 0 10 0 42 21 23 29 22 15 4 15 9 6 0 11 40 0 20 3 4 36 42 13 44 31 3 6 9 13 43 29 37 5 46 15 0 13 0 0 0 11 0 29 10 19 0 40 
0 16 28 15 15 8 36 2 25 50 0 0 42 17 46 9 0 14 23 26 22 22 14 22 42 2 40 2 0 10 7 20 49 12 17 0 38 0 16 33 35 0 21 6 29 0 23 14 14 28 0 0 39 5 49 14 15 38 45 0 41 35 13 21 2 1 17 11 32 27 47 13 22 0 32 37 50 0 15 1 13 0 3 11 47 36 33 8 0 21 48 0 25 24 44 14 0 9 35 22 38 8 0 12 50 49 15 7 49 42 47 0 26 0 23 37 49 9 11 14 29 7 27 43 43 1 12 0 34 0 44 47 25 0 43 0 0 7 42 13 23 12 44 42 21 17 40 47 2 7 36 18 41 
0 18 19 31 36 26 26 39 0 26 23 43 0 16 1 7 1 19 6 0 12 21 14 12 42 35 3 20 48 33 9 33 10 0 5 0 24 16 27 45 23 2 33 0 5 0 7 38 0 16 41 0 31 16 3 48 14 48 0 0 38 23 47 32 7 32 30 44 0 20 10 17 2 3 13 30 11 0 0 48 3 0 17 48 35 0 47 10 15 23 36 24 45 42 37 21 6 17 23 4 27 15 28 15 34 25 19 38 20 3 5 0 26 0 4 38 47 19 0 0 15 2 49 22 2 17 8 15 19 10 39 17 19 40 0 0 43 34 24 0 17 10 19 48 14 29 45 22 37 8 9 8 
14 13 10 0 6 4 28 33 14 46 0 45 36 44 49 24 24 38 24 34 24 47 23 21 27 39 5 7 0 21 1 5 34 22 27 0 12 30 23 4 33 22 11 41 12 34 30 32 0 33 25 34 46 0 48 18 40 27 49 1 13 7 13 44 0 35 7 0 22 23 10 35 21 16 42 43 10 44 0 14 44 47 0 29 46 0 14 12 15 39 12 22 38 37 0 13 37 42 46 11 5 20 39 18 14 47 4 31 45 2 39 44 32 18 11 3 48 6 22 28 7 48 45 0 19 0 30 42 25 25 3 25 34 20 34 32 40 8 9 38 26 23 38 12 25 15 45 2 15 40 17 
42 0 9 46 11 0 22 20 0 44 8 5 9 32 38 5 35 22 7 1 1 28 3 25 49 3 39 50 23 30 17 28 0 12 46 0 38 37 35 10 35 30 14 32 24 5 19 46 25 48 5 22 0 27 30 12 17 44 30 5 15 25 28 18 0 27 50 0 39 10 38 50 44 44 29 39 10 19 2 13 13 39 20 19 25 23 47 0 11 21 47 37 0 13 7 13 13 13 3 40 24 23 20 15 17 0 46 17 45 14 0 43 20 0 40 12 36 23 44 10 50 22 48 46 35 5 25 38 8 39 21 43 44 0 2 12 0 0 45 21 16 32 18 46 14 20 43 5 33 0 
36 48 14 0 50 7 13 31 0 47 9 0 16 5 40 5 49 29 44 39 43 46 36 5 45 0 0 21 17 0 31 19 26 5 19 19 41 0 36 24 49 0 15 36 30 27 0 48 29 0 23 31 14 37 34 21 0 42 50 6 50 28 0 11 0 37 0 22 18 31 9 9 32 13 10 18 41 0 0 21 32 3 20 30 49 14 46 49 44 0 23 41 0 0 11 50 31 0 0 44 21 42 5 37 8 11 46 0 37 3 7 0 15 45 2 22 39 6 22 47 39 27 0 0 9 50 0 33 6 9 2 8 2 47 18 50 40 40 48 0 0 0 4 22 27 2 0 40 24 
3 43 19 42 43 14 0 29 44 28 0 35 38 22 40 49 0 0 5 35 36 14 27 20 16 37 9 47 46 45 34 38 0 32 6 33 41 6 0 26 0 48 8 27 18 0 0 20 26 36 25 0 0 3 22 41 28 33 45 3 22 0 8 7 30 46 35 23 45 12 3 30 0 32 14 25 0 27 11 43 23 21 22 44 37 45 29 3 36 0 49 16 14 3 43 1 0 0 39 8 7 44 20 3 1 3 36 0 17 13 1 0 0 0 49 28 0 36 49 34 34 11 38 7 6 20 0 36 0 7 5 49 10 39 0 15 49 30 28 42 16 22 28 17 37 0 5 37 
40 27 14 47 29 13 0 43 0 37 0 26 47 0 0 38 24 27 27 9 0 19 0 11 25 0 5 22 24 11 38 17 6 39 34 14 17 30 12 48 0 22 15 42 0 22 0 47 15 36 0 39 41 0 0 4 45 5 40 49 30 47 5 0 38 0 46 48 23 33 0 30 20 49 26 7 29 46 40 41 15 25 37 0 37 8 12 28 22 4 5 0 16 0 49 45 29 40 50 29 49 26 34 2 6 0 45 33 13 47 19 37 0 17 2 5 26 13 10 0 34 44 1 12 0 39 16 0 0 12 50 0 38 0 28 5 19 26 0 45 0 26 31 36 47 18 0 
36 32 30 2 32 23 19 50 43 16 35 35 16 49 22 45 47 37 4 9 0 23 13 2 24 9 20 0 41 40 4 0 0 21 40 44 15 2 31 2 4 22 6 0 34 6 0 43 30 36 42 34 40 0 0 12 4 7 23 21 0 45 32 7 8 0 45 40 13 15 28 5 9 33 50 0 12 20 9 12 0 2 30 47 39 43 0 34 46 0 12 42 29 10 0 40 0 0 6 14 8 29 37 33 7 8 4 0 45 49 36 0 7 0 17 17 33 30 5 48 2 34 36 26 35 5 0 0 26 39 5 0 17 5 39 43 34 6 7 6 23 45 5 18 0 17 
0 0 39 43 47 0 0 50 0 26 19 4 39 47 0 0 0 0 48 32 0 0 0 0 1 5 37 42 6 7 38 10 9 19 48 7 17 0 46 28 3 35 10 9 40 49 48 12 0 23 13 23 0 30 7 0 47 50 22 11 4 42 39 12 22 10 23 45 0 7 40 0 37 27 34 27 0 0 0 0 45 12 5 0 0 25 0 3 4 19 41 42 13 44 50 9 36 15 0 9 43 46 44 50 24 32 46 26 29 37 20 7 45 15 31 0 9 0 44 27 42 0 0 0 15 0 29 32 0 0 36 14 8 38 12 6 38 40 0 14 2 35 0 34 50 
15 12 7 11 42 1 0 29 0 0 4 3 3 48 14 13 44 21 18 14 30 14 20 42 1 11 12 24 48 32 48 3 22 47 1 38 0 39 33 24 22 6 30 36 15 44 22 0 27 28 4 1 0 2 20 13 11 13 4 28 38 0 43 36 33 24 39 18 45 1 19 8 25 36 11 42 47 48 27 48 39 31 0 47 24 16 33 41 12 5 19 38 0 0 26 44 5 1 15 34 35 14 12 33 0 3 38 9 2 34 11 21 50 5 19 13 0 36 34 16 0 40 45 39 34 33 6 48 7 15 0 27 15 22 0 0 28 8 4 4 0 29 19 49 
41 47 22 28 0 2 47 0 25 9 24 9 13 47 0 50 42 10 25 31 17 39 37 42 48 17 0 15 0 9 20 15 19 10 37 4 50 12 46 47 17 18 40 4 6 2 45 34 42 24 0 10 45 19 21 5 39 26 0 1 7 50 33 47 40 19 26 40 47 7 18 50 0 5 18 23 21 44 5 1 47 50 27 29 50 0 18 15 46 0 3 3 30 9 19 15 43 47 3 38 0 13 1 14 36 0 30 21 21 49 11 40 48 32 43 48 23 43 37 5 31 43 1 0 0 0 19 30 19 29 22 26 49 0 46 0 48 9 7 46 0 15 26 
11 12 5 0 5 7 15 19 12 34 48 27 23 44 44 11 48 42 42 22 39 3 29 20 33 0 0 15 16 32 30 39 39 26 12 6 7 24 32 38 4 28 2 5 35 18 35 38 34 23 11 13 49 24 50 7 10 14 0 26 4 0 16 8 0 0 16 31 13 12 22 0 27 50 44 50 12 31 31 19 17 27 36 25 17 18 46 50 0 0 0 7 30 50 35 44 44 0 43 0 3 35 40 17 32 0 32 50 0 7 40 47 7 34 50 1 24 1 35 23 0 16 43 0 8 0 43 0 49 22 13 46 43 44 0 26 10 0 20 10 17 17 
8 0 17 0 0 0 0 14 47 18 5 11 25 37 31 21 44 43 0 0 0 44 0 0 48 31 10 0 17 25 43 0 33 23 27 45 30 8 3 22 29 49 20 39 16 10 0 19 32 16 0 28 0 42 40 30 30 46 0 36 6 15 46 5 10 44 16 0 0 49 25 0 0 14 15 25 35 21 45 14 5 0 28 31 5 14 0 22 20 17 26 6 18 42 16 9 49 9 35 31 3 0 31 22 35 38 47 22 35 42 30 37 17 12 45 46 25 32 0 25 12 34 33 50 48 21 15 38 0 39 40 17 0 47 13 11 47 19 10 25 39 
0 32 0 0 42 37 11 32 45 0 39 40 13 32 16 20 42 18 30 8 25 29 39 0 15 13 22 0 48 0 10 19 1 35 7 47 49 7 46 0 28 0 40 34 19 22 19 24 7 36 25 6 21 29 12 12 42 23 37 34 0 39 37 36 10 39 44 32 18 15 43 22 15 50 13 32 0 3 0 0 0 48 42 28 38 0 0 24 0 35 20 21 26 26 0 24 14 49 32 18 9 4 37 13 49 24 34 15 9 27 0 0 0 27 41 4 47 43 37 12 19 43 0 4 0 18 0 0 0 0 22 21 15 27 33 36 0 44 39 43 
23 50 6 0 4 36 8 25 45 0 46 0 0 12 0 40 0 38 20 45 33 38 37 12 32 0 34 27 0 14 27 19 9 0 44 9 5 35 10 16 41 4 20 26 18 0 36 17 47 0 5 42 5 13 23 3 12 15 17 31 0 16 8 15 48 9 28 28 31 33 11 3 24 0 40 4 48 0 16 14 10 29 24 8 37 0 12 10 24 0 2 17 30 12 5 0 30 35 43 46 28 8 33 11 29 0 0 18 46 14 40 29 3 37 20 25 45 13 38 0 7 49 37 20 32 0 8 8 38 30 19 0 0 44 5 37 0 18 5 
2 50 0 8 46 27 28 0 6 0 23 30 10 27 27 8 0 8 15 19 24 33 0 14 6 48 2 0 39 19 0 39 48 34 0 40 25 0 2 0 27 0 34 45 0 25 26 29 24 32 3 0 47 0 31 46 46 11 23 11 37 28 1 19 0 36 11 24 7 27 7 11 3 36 0 10 2 16 23 38 6 9 34 15 11 10 0 0 0 39 33 43 2 20 3 42 0 0 6 0 22 9 30 29 31 36 14 44 41 37 36 5 13 1 0 13 6 3 27 23 18 49 0 0 49 0 50 27 42 33 35 0 41 9 8 0 16 0 
7 16 18 41 33 0 46 45 46 3 42 2 50 24 0 35 43 4 18 0 0 4 43 33 5 44 34 0 41 50 38 18 29 13 3 37 47 32 28 4 35 47 0 0 5 1 0 41 44 25 0 14 14 35 14 42 12 47 31 42 24 42 28 16 36 38 38 38 23 14 20 11 37 11 1 14 45 39 5 2 45 0 8 48 18 30 0 12 0 1 34 6 24 41 3 47 23 40 40 36 1 36 44 49 0 7 22 41 0 0 22 18 13 3 16 25 12 0 20 30 6 39 0 41 41 43 42 16 42 27 5 4 4 23 21 26 38 
31 24 44 50 3 45 17 49 49 45 24 8 21 0 44 22 39 1 22 47 2 37 0 16 11 40 15 5 44 25 21 47 0 33 13 41 34 50 33 0 36 50 5 47 7 42 15 0 32 48 30 15 12 32 0 41 43 11 0 42 0 0 48 42 4 26 31 44 17 28 6 41 0 9 45 3 24 38 2 0 25 0 10 24 32 20 17 9 27 3 50 13 27 0 19 0 38 14 33 46 46 17 0 0 35 0 3 0 38 47 22 36 16 0 47 22 34 12 0 9 0 36 33 35 0 13 42 50 28 29 13 10 28 18 49 34 
39 12 0 18 10 0 22 33 21 44 1 38 32 21 28 7 4 32 34 3 17 32 9 21 36 0 0 30 10 23 14 35 0 8 10 3 41 34 4 18 38 1 33 12 13 0 11 22 23 7 44 43 12 40 17 37 0 15 46 0 25 15 0 12 33 35 0 27 46 6 47 16 43 30 12 34 48 41 27 0 20 47 22 0 15 50 40 38 6 16 34 5 21 14 20 33 16 0 20 49 0 26 27 22 47 23 20 0 0 40 9 46 0 18 8 1 21 15 18 2 48 24 28 26 25 29 24 23 44 0 10 18 42 31 46 
0 44 9 48 28 37 2 0 0 42 8 43 46 34 31 19 20 20 11 31 14 0 37 9 0 33 38 46 37 3 4 6 32 39 20 37 50 7 8 30 36 27 7 0 9 24 32 41 0 15 36 8 33 6 15 16 31 44 23 43 0 6 39 36 21 36 0 4 0 44 19 50 16 48 9 0 3 46 45 9 33 30 25 0 37 0 2 50 0 9 3 0 49 10 15 0 15 27 0 18 12 18 23 14 0 32 6 42 25 46 17 3 14 32 40 25 23 46 19 31 47 12 8 43 32 10 14 16 0 41 11 50 0 39 
21 26 24 25 18 0 47 32 44 0 31 18 23 10 38 17 21 5 36 7 0 0 12 16 37 0 0 24 20 43 37 9 5 0 0 0 41 44 41 22 14 19 32 22 42 48 32 0 39 33 45 43 7 31 24 29 10 26 47 4 20 49 1 15 38 45 10 21 49 0 50 17 16 3 17 40 25 23 49 16 26 37 14 28 22 0 49 9 8 0 18 27 21 15 9 3 40 27 21 20 7 0 39 44 49 14 47 20 18 36 26 42 37 37 25 34 0 20 0 21 0 0 48 13 49 20 24 10 44 44 42 10 35 
19 0 38 0 26 9 30 0 45 28 2 49 23 0 18 0 0 26 26 19 1 31 19 7 35 4 32 0 0 17 24 42 5 42 27 42 17 1 14 31 0 1 4 34 43 5 16 36 8 0 47 2 35 28 36 14 41 9 26 32 0 6 0 6 42 18 6 16 0 39 42 16 24 0 39 11 0 38 44 37 0 33 39 16 29 18 48 0 36 6 35 4 10 16 28 26 8 48 36 50 0 0 3 15 12 0 13 50 45 0 5 14 4 5 26 8 7 41 9 40 0 46 17 24 25 20 17 6 15 37 5 35 
34 2 27 43 38 1 4 20 38 15 0 18 0 13 50 15 34 0 39 28 1 41 47 0 26 12 0 36 50 13 0 48 18 26 14 0 42 33 48 15 46 22 0 10 0 48 28 0 40 23 6 11 41 12 46 18 1 36 0 40 0 42 10 2 2 4 35 33 48 0 18 42 27 15 3 0 0 6 15 34 22 30 41 13 14 30 0 18 44 29 13 0 49 48 46 0 34 2 36 5 35 0 31 36 32 16 20 10 6 7 2 26 0 8 8 33 40 0 0 33 21 25 0 10 9 39 34 35 22 0 0 
0 4 20 12 24 0 45 5 24 25 14 0 37 2 5 35 15 2 41 40 36 15 16 8 10 38 0 8 0 8 22 9 19 0 8 33 35 31 36 16 40 13 0 1 12 0 0 39 9 37 43 0 0 24 41 46 44 39 49 16 9 25 39 50 39 28 45 35 38 26 0 18 11 19 0 40 29 39 31 48 27 20 24 8 19 14 15 44 44 11 30 1 0 47 50 38 26 43 43 15 0 47 28 47 2 47 34 36 17 40 44 5 11 46 20 25 36 25 44 20 50 46 10 25 43 0 0 34 40 45 
20 33 0 1 28 29 33 40 0 0 33 0 6 24 3 49 28 32 0 45 38 19 48 32 49 48 21 36 7 10 0 13 47 38 11 40 19 0 49 0 0 6 12 1 37 11 5 14 19 0 38 0 42 25 33 37 11 45 40 5 7 28 25 37 0 47 28 19 1 41 0 0 46 44 8 3 0 25 3 26 15 47 37 9 20 18 18 16 10 47 0 0 47 15 43 5 26 0 30 1 18 19 33 38 35 5 34 0 47 39 0 20 28 37 0 23 26 43 13 28 38 0 19 3 0 19 10 14 21 
0 42 8 29 0 10 49 38 13 2 0 6 28 16 13 0 9 22 25 5 0 45 7 28 37 0 47 34 6 28 36 31 48 11 48 14 30 18 7 36 11 1 3 21 0 0 0 43 16 40 9 42 7 14 11 13 33 0 0 27 8 20 22 32 34 31 0 44 15 10 32 18 5 44 5 30 39 0 35 24 41 38 23 33 0 14 37 27 37 3 14 38 48 27 33 0 27 37 0 1 8 2 44 16 14 2 0 5 29 0 0 31 26 27 40 10 0 15 29 2 12 24 5 16 2 23 47 28 
42 14 7 27 19 33 24 1 32 0 0 40 33 20 49 0 0 7 38 50 15 3 0 33 16 0 32 42 30 25 1 15 35 17 17 0 4 47 34 12 47 39 36 39 0 49 35 31 10 0 0 10 0 0 29 21 6 4 38 25 5 33 0 37 11 0 0 36 32 50 3 19 42 12 5 12 32 0 43 38 18 43 37 17 13 9 0 0 20 38 0 2 13 41 5 28 0 0 0 12 0 30 2 5 26 49 41 37 13 30 30 9 37 0 28 30 0 6 6 41 0 0 41 11 35 27 25 
15 4 31 4 19 33 0 0 30 7 49 4 12 12 38 24 30 22 21 33 2 0 29 0 13 0 25 0 36 9 8 9 45 38 12 0 4 27 0 16 32 4 4 41 26 8 42 36 19 28 15 22 23 26 10 35 48 23 10 3 15 49 12 36 31 30 50 41 17 39 14 36 35 44 7 12 31 26 21 9 0 13 48 29 5 0 44 16 0 17 22 8 18 43 2 38 39 17 38 47 1 1 48 1 13 43 30 0 31 0 47 12 31 50 0 18 39 41 25 36 0 45 50 17 5 37 
30 46 27 41 19 22 48 43 8 0 10 28 50 50 47 0 38 27 15 28 26 23 28 4 43 0 48 6 35 0 32 0 36 49 16 0 0 19 14 50 2 16 47 0 15 43 40 14 0 25 0 7 2 37 3 21 0 26 1 4 38 39 0 8 43 18 0 0 30 42 42 50 9 16 9 48 19 44 32 30 23 34 47 38 13 0 29 26 20 21 21 4 8 35 33 22 17 0 7 40 11 15 31 13 9 44 2 0 11 47 29 42 8 50 0 0 36 0 11 27 0 22 4 15 18 
22 7 18 0 0 44 20 8 0 45 42 0 0 10 33 17 0 0 46 0 43 12 30 22 29 0 5 26 17 28 45 4 16 39 0 19 34 40 13 33 5 40 49 7 45 45 2 11 36 37 10 33 38 18 18 10 47 3 5 21 0 0 7 25 7 26 35 45 12 0 35 7 46 0 48 8 14 3 35 18 14 0 5 18 19 0 30 0 25 20 8 0 28 50 4 23 5 0 3 0 11 8 49 14 25 44 28 35 20 48 3 0 12 24 9 3 0 21 31 12 30 19 34 15 
0 34 18 13 23 37 30 0 8 1 18 7 39 19 25 12 15 5 33 0 0 25 40 5 0 0 8 40 26 20 24 28 48 12 42 7 47 9 0 18 0 10 21 48 44 43 1 28 38 0 6 25 37 0 20 0 44 31 46 48 24 1 0 13 29 20 27 22 4 0 30 32 3 15 8 36 38 37 3 8 19 0 46 27 32 14 12 13 44 48 24 17 39 42 35 11 33 20 5 38 45 50 0 49 4 0 28 0 38 0 29 12 27 48 0 6 33 0 33 18 22 34 0 
0 3 32 48 49 8 41 35 29 11 0 26 37 16 44 9 0 0 45 43 0 41 38 0 36 32 43 8 23 0 39 9 5 37 48 23 4 34 37 32 24 0 11 27 0 32 13 30 0 45 30 21 8 21 7 0 12 0 6 31 0 45 24 28 47 22 0 0 0 42 21 11 0 37 0 1 16 0 4 16 22 33 18 0 24 4 11 30 43 45 33 22 41 40 30 35 6 44 26 24 46 3 0 2 8 50 50 10 8 0 7 0 47 3 0 0 9 37 47 29 13 0 
35 45 32 45 1 17 28 23 0 0 33 7 24 50 21 42 21 17 19 35 4 37 0 0 7 17 12 43 34 7 17 0 12 19 17 0 0 25 24 30 48 11 32 48 42 46 32 15 0 10 30 41 42 0 30 30 6 40 11 0 26 7 25 48 50 49 50 8 48 35 34 30 17 3 0 0 50 50 12 0 20 17 0 44 29 44 0 10 0 35 49 50 43 0 23 33 26 32 19 1 21 46 7 45 22 22 18 6 25 29 33 0 11 43 13 6 0 21 23 45 0 
48 11 25 42 38 8 0 21 48 0 46 0 35 15 32 37 10 4 3 33 37 29 41 41 0 25 2 4 0 0 37 29 40 5 6 0 36 29 49 0 17 0 0 0 40 0 15 0 16 0 37 20 43 17 43 26 0 42 13 15 0 33 0 0 49 20 4 5 45 0 50 8 0 2 0 6 4 8 5 9 48 0 14 16 16 39 41 34 0 3 28 13 6 0 11 2 17 46 0 6 5 3 0 26 12 44 10 0 40 19 10 25 0 6 19 46 43 44 3 25 
10 0 40 39 26 28 11 11 13 31 29 1 9 28 26 14 0 39 6 20 14 19 0 31 17 38 14 24 27 50 34 0 23 18 46 25 0 14 24 20 41 0 23 15 38 25 36 10 27 2 0 46 43 23 31 46 34 2 6 46 42 0 46 12 6 0 6 35 4 40 19 0 9 4 49 47 34 5 31 0 48 48 21 26 16 10 36 30 34 44 50 12 28 48 49 41 0 44 13 46 23 0 37 38 28 0 0 0 38 25 7 50 20 1 0 12 33 14 20 
0 19 9 10 1 4 27 45 16 9 0 46 27 8 36 0 0 26 11 0 25 3 30 0 30 41 18 30 50 1 49 28 0 17 7 5 24 10 22 14 17 25 34 2 19 0 0 9 15 39 37 17 36 7 0 0 8 0 48 0 22 0 0 1 50 42 42 28 30 14 16 16 14 19 25 10 10 0 10 0 3 14 50 22 15 31 10 39 17 47 9 2 18 0 17 0 12 47 43 22 45 0 0 9 44 23 6 0 48 7 40 0 30 3 14 36 36 48 
22 36 11 5 9 0 0 45 50 3 25 9 4 50 11 0 5 36 37 5 35 17 24 22 16 12 24 0 0 14 10 31 7 15 8 0 16 45 0 38 34 0 43 30 42 27 49 50 44 11 24 14 28 38 0 34 49 3 7 0 41 0 26 5 42 24 21 42 32 34 29 15 11 22 0 50 45 18 32 2 22 36 16 18 5 28 3 8 42 49 20 47 32 17 8 42 25 7 21 50 33 43 37 43 2 12 48 30 43 25 31 41 50 14 42 35 26 
10 30 45 25 0 0 50 0 20 0 30 35 18 36 19 25 48 29 0 12 33 17 0 34 41 0 14 1 45 5 31 0 21 0 5 16 25 0 0 50 49 17 36 27 40 10 26 0 42 38 0 40 21 22 7 7 0 15 0 6 8 36 13 38 19 0 13 48 37 40 40 0 15 32 5 30 19 24 27 42 2 46 39 35 14 0 21 40 47 33 13 49 43 16 28 35 43 14 32 50 49 5 0 1 39 13 2 45 11 30 0 0 26 0 12 14 
38 20 32 44 32 24 26 27 9 0 47 50 12 11 27 17 49 23 20 0 48 49 29 43 34 0 22 45 45 0 0 0 35 38 5 22 26 39 0 0 37 47 0 10 11 5 12 31 10 0 39 0 47 29 33 43 16 7 0 33 28 10 0 46 8 14 0 0 17 5 37 15 23 43 47 0 35 42 17 1 12 4 1 23 2 17 17 0 40 50 1 21 40 23 34 27 11 36 13 0 30 0 44 0 2 7 4 6 34 0 41 0 6 20 50 
43 32 31 1 27 0 27 33 0 22 6 48 10 18 50 18 0 20 25 50 12 15 46 24 20 31 32 40 47 29 3 0 9 2 12 16 37 24 46 43 7 31 6 7 2 17 20 24 15 17 0 7 13 16 23 28 39 1 21 46 0 0 16 46 0 47 25 43 39 10 20 11 41 12 39 28 28 46 33 3 24 27 28 26 19 19 0 11 32 11 37 47 13 33 8 43 5 0 28 0 19 8 25 14 37 15 1 12 19 8 40 45 27 22 
18 26 45 23 25 43 0 10 9 34 5 47 45 42 25 0 25 26 4 0 39 0 34 3 33 0 31 17 39 31 0 29 46 22 14 44 14 38 37 20 20 40 3 46 31 0 37 20 3 29 6 29 7 33 42 43 50 24 43 21 32 19 0 15 2 14 0 12 35 38 11 38 42 36 0 36 41 21 25 24 0 14 0 0 6 11 48 11 20 39 31 22 40 45 28 36 35 24 41 0 17 17 26 0 41 50 25 21 0 49 8 35 50 
12 22 36 0 47 20 13 18 42 32 10 0 6 24 8 0 42 46 41 28 38 18 10 4 11 29 20 11 19 49 40 2 40 29 45 23 3 15 14 23 35 0 50 44 44 37 0 19 3 18 38 21 43 5 6 46 36 5 0 0 19 34 49 7 0 1 35 14 25 0 46 39 15 28 24 16 3 0 28 21 0 14 40 50 36 1 21 23 0 0 0 27 31 6 13 38 12 50 18 46 2 39 29 12 0 1 34 34 10 23 0 0 
6 43 14 1 8 13 26 0 35 11 44 32 48 49 2 36 14 45 31 0 14 25 9 25 45 6 20 19 0 0 11 43 19 32 16 0 41 24 43 26 1 28 40 39 18 10 0 18 14 34 18 11 7 11 45 27 36 0 14 0 22 2 5 23 47 25 6 17 24 40 6 3 0 46 6 32 0 21 32 2 6 0 25 0 46 13 7 46 33 48 20 29 31 6 0 0 41 27 32 49 29 36 19 17 22 32 12 34 48 15 29 
0 14 0 0 41 33 4 28 47 48 45 45 30 17 49 15 21 20 18 18 35 12 27 10 13 25 0 22 0 0 32 37 5 20 11 44 13 26 24 39 6 14 18 0 38 6 14 22 6 12 29 29 4 18 15 0 22 43 25 26 32 12 38 35 37 0 23 40 44 10 4 9 35 28 0 44 9 0 3 0 36 23 0 33 24 5 13 3 2 44 49 0 36 0 13 16 0 12 28 13 38 0 35 10 40 23 14 30 29 32 
1 40 23 36 38 38 15 43 33 40 29 0 3 0 21 5 13 39 36 14 0 3 45 7 45 41 45 7 31 21 7 12 0 26 0 0 2 38 34 4 45 0 14 25 26 0 44 1 0 0 12 36 18 8 30 44 11 20 0 5 17 18 36 32 2 14 34 0 39 25 34 2 25 3 8 22 15 5 17 0 50 0 0 11 37 12 10 25 6 47 31 50 47 1 12 27 18 33 50 7 8 14 35 10 9 6 4 1 11 
0 0 17 9 27 8 39 40 2 27 0 2 0 28 10 3 32 0 49 4 28 49 45 32 25 13 23 15 11 34 48 21 46 0 15 3 34 31 32 17 40 2 33 25 1 0 50 50 33 46 24 47 12 0 47 12 40 16 9 21 0 24 12 8 0 29 13 44 1 22 49 25 40 0 41 11 19 33 18 0 32 8 0 37 10 20 22 27 15 0 12 19 34 25 8 0 0 25 40 11 0 19 17 35 38 36 36 18 
8 6 25 18 24 47 4 36 20 44 0 16 8 45 22 25 30 20 13 13 46 35 0 8 41 4 41 50 18 32 35 0 21 41 0 19 25 0 3 4 45 24 24 6 18 40 5 0 34 44 44 33 17 7 0 34 44 26 33 42 43 45 0 0 0 45 30 42 41 0 28 50 42 44 3 12 47 1 16 5 9 37 17 28 26 40 0 0 48 0 13 33 27 0 9 20 25 10 28 9 50 49 0 0 13 35 15 
40 11 12 47 0 38 7 22 22 39 35 9 26 0 10 0 18 16 25 36 28 18 0 36 40 16 35 10 7 45 40 0 5 24 47 32 18 10 0 14 12 0 0 18 45 49 37 24 43 12 46 39 31 34 0 43 30 6 16 3 0 44 41 0 15 44 11 14 12 18 17 0 46 30 25 10 45 5 15 18 30 13 24 17 18 36 11 15 30 10 22 0 43 19 6 46 3 35 48 25 30 5 24 3 27 41 
40 33 11 42 0 40 5 0 30 7 0 21 49 17 0 14 43 0 0 18 40 40 35 30 33 10 48 35 41 38 23 27 20 15 45 31 2 46 10 0 50 5 16 48 7 50 16 2 39 32 1 9 18 5 20 27 18 0 19 27 10 0 7 8 24 5 0 0 46 45 0 0 0 20 28 50 40 16 37 26 40 4 15 3 24 47 27 32 43 24 25 42 22 23 10 22 0 41 21 48 1 44 37 41 0 
1 31 37 46 38 38 34 24 0 29 0 9 13 0 27 47 23 29 33 49 7 35 4 30 33 0 16 46 21 41 0 0 37 34 48 37 13 46 48 2 25 37 32 8 14 8 34 2 0 46 23 34 0 45 0 20 15 17 30 36 0 31 14 35 50 5 40 0 18 41 11 12 36 47 46 35 44 24 26 49 2 16 26 0 44 25 50 25 30 19 7 1 0 0 32 35 10 48 10 24 1 8 33 30 
7 4 5 34 0 20 5 3 14 19 37 6 0 40 40 16 20 48 44 44 24 26 8 37 7 29 25 27 17 29 0 49 23 17 5 6 25 43 39 2 22 19 50 0 14 35 22 47 1 5 42 5 20 12 0 44 36 30 33 16 13 0 35 5 48 20 0 30 30 0 32 46 27 0 0 23 26 39 24 47 6 36 32 0 32 26 44 4 27 11 19 18 45 0 32 34 40 0 39 30 16 30 18 
7 42 25 30 20 30 31 48 0 43 18 25 7 23 40 33 22 30 16 1 5 48 47 16 28 27 4 2 37 13 43 22 38 28 33 35 8 2 42 29 16 28 6 46 41 0 0 31 35 2 9 15 3 0 21 0 15 49 46 31 20 1 19 28 22 27 20 0 3 47 7 19 0 46 0 15 0 47 32 39 33 41 11 1 13 24 0 27 0 0 31 0 35 35 19 13 31 23 44 12 50 4 
0 16 16 0 47 1 0 6 36 39 6 39 42 21 0 0 2 50 49 9 0 50 50 0 0 0 47 13 25 23 28 31 28 0 19 21 31 15 23 2 8 11 20 11 29 22 32 30 29 1 49 0 14 31 0 29 4 34 17 37 10 11 20 0 49 38 5 17 0 42 31 4 31 48 22 7 0 40 12 43 0 46 29 0 13 0 4 9 0 36 19 47 39 12 40 41 36 21 26 29 0 
9 36 49 34 39 0 0 28 4 42 0 3 40 23 21 0 30 2 0 24 4 35 43 49 13 12 15 37 0 35 0 0 24 6 35 0 30 21 48 7 7 36 22 40 0 10 23 0 30 3 44 0 13 23 41 0 7 33 18 13 25 0 28 36 24 26 0 44 12 30 38 28 5 14 26 15 45 21 16 23 50 28 36 37 17 29 38 5 39 0 31 30 0 0 8 3 42 9 4 19 
28 0 0 44 25 44 0 31 25 0 5 45 15 17 43 12 0 28 39 36 24 8 37 2 23 0 29 43 5 30 36 44 14 2 20 13 33 22 46 0 35 0 23 18 34 0 0 44 9 41 32 3 45 33 0 6 0 42 50 33 0 33 30 0 17 0 35 8 37 0 0 35 9 7 0 8 46 28 50 6 28 13 29 46 33 31 30 11 20 6 21 23 41 26 45 3 31 13 20 
28 35 0 7 40 37 25 30 26 38 38 29 0 25 3 14 39 24 37 41 34 22 23 16 16 31 49 14 40 5 0 41 47 45 4 42 0 0 0 19 34 0 20 46 48 4 17 0 22 45 32 4 50 11 45 47 8 13 17 19 22 7 25 30 0 48 45 2 7 35 47 15 23 32 8 0 12 9 33 0 21 31 28 9 34 23 2 47 11 0 1 24 14 19 35 3 7 0 
15 25 48 39 18 0 35 47 9 11 18 6 12 33 44 14 33 2 7 33 23 10 0 11 26 25 16 48 30 40 48 0 23 10 37 38 39 15 6 33 16 44 21 37 16 1 35 9 26 26 7 47 37 40 11 4 5 25 8 30 0 8 30 0 24 34 48 6 1 0 49 27 5 10 50 23 13 38 6 0 16 30 21 21 50 20 45 0 50 40 13 0 30 44 27 0 28 
27 50 1 15 36 20 0 29 1 5 48 26 37 8 44 13 15 0 3 36 48 40 24 9 0 10 17 4 39 3 40 35 24 49 30 40 3 16 38 35 42 1 0 27 47 49 3 36 2 16 31 24 18 44 17 36 42 0 36 26 12 29 0 22 34 5 24 16 2 6 40 5 2 38 43 26 32 40 7 14 0 18 28 34 29 40 0 32 15 8 12 19 0 9 0 34 
18 30 5 0 1 38 44 8 47 3 0 45 0 0 0 0 49 20 30 11 15 40 7 18 0 0 35 18 10 16 0 41 0 26 38 41 44 49 48 48 0 24 37 12 29 9 37 27 17 0 17 19 4 38 0 41 34 22 46 45 13 8 0 0 10 38 11 0 0 0 48 19 0 0 47 7 46 14 49 31 17 11 41 22 31 30 38 49 25 8 47 22 46 18 37 
46 11 48 36 38 23 11 0 37 0 4 0 49 3 13 14 28 0 45 0 27 42 10 18 4 38 24 14 4 25 26 0 17 27 0 12 0 8 22 0 6 22 13 30 30 16 13 0 38 26 5 3 22 5 40 21 0 23 18 20 3 22 2 1 19 34 25 37 10 36 1 8 2 0 22 49 40 48 10 8 34 8 20 34 0 46 28 0 21 11 3 48 34 4 
38 50 45 0 14 0 5 14 50 1 0 31 30 16 40 45 30 37 21 29 45 49 46 14 46 31 0 49 31 6 7 49 0 35 50 45 42 26 36 26 22 47 0 44 6 8 20 33 0 0 29 0 39 22 39 3 40 47 0 13 9 3 30 2 2 33 0 41 15 2 0 0 2 50 7 42 29 5 22 31 23 44 32 44 3 37 18 11 49 0 27 23 21 
0 16 29 20 6 12 30 2 19 43 3 0 32 10 0 24 5 16 23 44 21 0 8 2 0 48 3 48 41 40 19 42 9 2 38 12 27 25 0 18 23 5 33 7 32 8 0 0 45 34 13 14 0 33 49 41 48 45 13 15 40 21 0 0 13 18 37 30 17 19 47 16 1 49 34 32 4 21 39 22 0 14 12 0 44 32 39 7 39 0 0 11 
0 0 48 19 38 10 14 44 5 0 29 38 37 0 3 11 8 47 32 0 40 0 36 0 5 33 28 0 5 18 20 34 43 35 5 30 0 31 40 48 44 19 42 8 33 23 36 17 39 45 0 10 35 0 15 35 23 0 36 23 50 42 0 0 9 11 31 38 14 0 6 5 15 13 30 47 45 7 1 24 17 22 7 19 48 10 21 14 0 30 1 
4 32 17 19 24 29 1 38 44 0 44 42 49 16 34 5 30 14 50 44 0 25 2 23 41 9 46 23 12 22 22 47 0 10 15 34 0 36 26 0 31 0 9 4 39 0 33 33 0 16 14 22 0 37 0 0 12 31 0 13 48 34 26 37 31 4 5 37 0 0 48 9 46 33 15 34 15 30 36 24 2 0 1 31 0 44 35 42 45 10 
33 23 4 0 9 2 42 26 3 34 39 6 0 40 34 33 26 0 0 27 21 0 34 19 5 0 7 39 44 11 20 24 49 16 20 12 31 0 6 36 1 18 26 37 48 35 19 4 48 17 28 10 42 35 46 16 39 47 35 0 12 40 50 15 0 32 29 6 0 42 0 0 16 45 10 4 30 37 0 40 12 29 10 49 17 42 31 0 9 
11 48 0 20 0 46 11 23 17 47 40 13 40 20 50 0 47 23 46 23 11 27 10 0 17 47 35 28 5 44 0 12 9 14 19 0 34 43 40 41 40 21 50 37 41 14 0 36 0 49 42 0 33 0 16 30 27 9 45 29 2 20 36 0 50 47 49 9 23 4 18 14 9 47 45 21 24 7 41 11 7 34 14 24 2 11 5 19 
45 22 38 6 50 9 47 33 24 14 34 28 9 4 4 28 14 7 31 0 16 44 30 32 5 0 31 48 15 22 12 26 44 16 7 11 0 36 8 26 0 5 4 13 19 12 10 32 28 0 45 13 3 0 20 48 19 33 0 1 42 16 5 17 30 13 3 45 41 11 28 39 0 15 0 49 10 3 22 20 0 5 40 14 32 22 17 
38 0 24 6 42 28 36 50 40 1 27 28 0 18 48 33 35 19 18 2 4 48 46 9 4 47 7 19 11 6 40 0 0 42 35 0 8 47 7 26 8 1 0 33 0 49 24 0 2 14 20 0 6 4 0 49 0 0 0 29 39 31 40 0 8 27 0 19 39 0 29 0 19 30 7 3 43 2 17 8 0 15 2 38 33 47 
38 0 4 7 8 0 40 16 11 4 35 18 42 19 5 34 20 0 2 3 39 28 30 34 27 49 26 0 32 22 21 33 34 39 21 21 30 39 42 2 44 25 19 0 0 37 46 16 0 0 10 15 34 35 16 32 13 0 39 34 31 17 40 33 21 4 36 16 50 47 12 14 26 40 32 6 26 50 42 11 15 6 8 4 3 
30 36 1 28 29 13 12 49 32 37 44 19 11 12 34 26 0 32 48 17 10 0 41 16 10 17 49 47 33 49 26 17 0 47 0 25 17 6 44 43 29 39 4 49 2 37 13 28 0 3 34 30 41 11 9 46 0 0 34 36 37 24 23 4 21 0 0 0 39 41 42 21 18 23 40 29 0 28 29 13 34 2 37 42 
49 0 39 36 50 0 0 0 23 32 45 17 47 39 49 12 0 14 13 41 49 11 7 16 36 37 46 9 10 43 33 0 6 28 0 36 5 0 9 49 31 10 27 30 41 34 19 24 21 0 35 0 5 0 19 29 16 0 35 27 9 25 22 0 0 40 45 46 9 27 17 38 35 17 24 27 0 24 27 38 0 0 30 
27 38 4 31 3 40 34 5 26 16 0 8 38 26 5 15 16 43 45 14 24 41 17 29 38 0 33 0 46 16 3 2 1 9 10 42 0 17 6 2 36 16 23 30 23 20 29 1 14 49 16 30 34 31 29 26 0 42 30 26 2 18 0 31 37 14 6 2 16 0 30 28 17 0 42 7 37 4 4 16 6 8 
0 50 50 0 25 7 10 28 36 6 47 11 26 0 45 25 31 18 25 16 12 0 11 0 42 16 50 6 11 14 26 44 8 47 41 42 43 26 7 47 13 9 47 7 44 42 41 0 27 29 15 18 33 1 18 50 26 9 6 42 2 27 48 0 9 27 37 25 44 30 28 43 0 0 21 36 19 43 0 10 0 
38 35 1 31 0 32 12 40 9 0 28 0 18 33 5 21 49 0 21 45 12 3 1 40 4 48 31 40 37 3 49 33 0 22 0 23 8 49 17 0 21 18 43 19 5 4 30 44 0 13 21 34 1 40 14 45 28 0 24 31 16 0 32 0 30 11 24 37 47 34 9 31 49 0 47 0 8 35 37 49 
0 12 9 11 13 21 19 1 27 20 25 27 0 0 1 0 25 0 25 15 37 44 19 0 22 0 16 0 12 7 44 41 0 49 0 27 6 16 9 29 27 39 44 0 44 47 24 37 15 1 8 36 25 0 40 0 17 2 12 35 17 48 0 16 10 35 5 32 32 23 0 20 40 23 39 14 0 19 46 
23 42 37 39 6 8 22 45 9 42 0 3 38 35 26 14 33 0 19 0 23 39 46 0 16 44 0 40 12 19 37 25 45 2 14 18 14 0 32 19 17 28 0 16 24 31 25 33 12 32 46 1 14 42 34 6 36 5 42 16 35 21 23 26 7 0 14 11 19 18 19 23 47 26 33 0 17 21 
40 42 32 48 21 0 41 22 7 0 24 0 0 25 43 4 38 46 21 14 2 1 41 3 0 44 29 49 25 0 0 45 37 41 24 14 33 40 39 0 12 2 42 31 11 25 34 50 6 12 47 50 34 14 0 29 3 14 48 39 44 0 0 0 39 3 26 38 1 4 26 44 44 7 0 4 5 
2 39 9 1 42 44 46 21 0 36 22 32 18 15 20 37 32 9 40 0 17 42 37 47 23 33 8 1 0 42 36 31 46 2 50 39 3 47 49 10 27 4 36 26 27 11 0 49 19 35 41 16 0 41 29 46 3 44 28 12 10 40 50 35 36 29 2 30 1 3 28 8 1 0 24 1 
0 42 34 37 0 25 30 7 3 26 29 0 0 1 15 8 11 14 20 14 40 5 23 0 44 32 26 0 13 41 50 8 45 26 0 26 20 17 0 0 4 0 0 34 23 0 28 35 0 20 17 18 2 15 13 25 32 36 3 0 33 0 14 39 13 2 44 9 22 24 48 49 28 29 24 
20 31 27 0 31 0 36 8 20 0 41 0 30 9 0 2 0 0 22 25 22 19 0 7 39 6 40 9 39 4 21 8 7 17 29 25 10 29 31 22 22 20 5 4 39 46 9 0 36 25 50 5 37 3 5 16 13 1 31 32 46 0 41 13 41 0 29 37 24 10 35 50 0 50 
38 0 17 43 24 41 2 31 49 6 0 7 10 0 48 49 32 40 16 10 47 26 0 30 48 4 4 6 45 0 0 0 6 22 42 13 13 39 20 14 49 0 8 34 25 2 7 27 7 36 27 35 30 14 27 19 31 15 0 23 38 36 31 7 47 49 10 17 18 19 0 14 14 
8 43 44 41 44 47 15 31 0 34 23 25 47 16 0 50 16 35 49 12 7 0 30 26 23 10 6 30 29 27 0 13 35 6 22 0 38 38 9 5 0 0 45 22 3 19 40 1 23 0 5 27 18 13 21 0 0 30 47 2 0 31 45 29 24 0 21 23 37 43 0 49 
34 15 24 50 25 11 36 5 45 30 35 42 12 37 33 39 0 0 2 6 19 44 42 8 0 0 48 17 16 26 40 45 8 39 9 20 4 37 12 38 2 18 37 36 2 5 38 31 36 4 18 48 41 45 0 44 23 46 14 6 0 16 50 0 35 19 0 24 49 0 45 
0 22 0 44 21 40 20 45 19 19 7 0 39 21 0 34 31 43 5 0 36 24 39 3 34 4 0 30 40 45 0 0 42 48 8 31 26 47 33 32 27 34 36 0 38 14 8 28 34 47 14 0 4 36 28 47 37 49 0 21 33 4 16 3 30 38 31 28 0 30 
0 22 30 10 1 0 19 43 48 20 26 49 4 34 9 47 44 8 22 0 31 39 0 0 27 20 34 38 49 21 0 33 24 0 6 0 28 31 45 0 21 24 45 20 25 32 7 16 6 29 11 29 0 0 19 42 0 31 14 31 0 36 29 41 23 46 31 17 33 
47 3 46 22 0 23 0 3 7 23 13 7 32 7 8 0 0 28 34 8 0 30 11 41 0 15 0 18 46 44 15 12 19 21 39 26 29 0 29 30 29 38 1 30 0 24 24 1 24 38 20 32 44 8 2 17 6 10 41 40 11 36 25 37 0 0 28 0 
37 16 19 31 49 48 41 36 22 0 49 45 4 50 48 34 23 50 22 47 0 4 35 39 9 0 21 6 34 12 6 0 28 8 12 49 10 0 45 30 0 8 0 26 43 5 0 0 17 9 6 3 20 0 42 18 28 9 5 8 14 1 13 2 18 0 43 
39 47 24 44 29 14 25 27 45 0 13 34 15 18 18 40 29 0 27 40 0 32 37 24 30 0 10 50 10 35 9 4 22 0 48 0 8 40 19 3 26 29 32 0 0 22 12 0 41 15 7 19 37 38 39 35 4 0 2 48 0 12 15 1 18 5 
7 10 10 13 0 21 0 43 1 31 12 28 38 35 36 37 22 25 0 36 12 36 21 31 0 18 39 17 14 0 21 45 34 0 18 29 31 34 46 0 37 50 4 14 29 3 2 24 49 16 15 36 50 5 41 14 34 0 50 9 0 18 15 40 36 
32 0 0 28 0 44 37 17 20 0 30 29 2 38 6 17 45 23 40 43 42 28 35 0 37 45 47 0 39 29 47 29 18 43 14 8 1 11 18 23 41 29 40 31 0 0 4 4 0 35 0 24 27 23 41 11 2 15 34 12 46 21 35 5 
11 35 4 2 50 25 0 49 36 18 2 17 0 50 0 0 15 28 21 0 36 6 0 12 37 6 43 0 23 26 35 45 0 9 4 23 33 12 1 44 24 42 15 5 19 29 44 0 17 13 8 25 14 18 28 35 5 16 42 16 0 12 11 
50 9 0 34 36 36 28 44 25 9 7 9 0 9 7 24 0 13 31 6 43 44 0 11 15 7 2 42 42 38 0 26 50 43 48 42 48 50 45 26 22 22 8 40 0 26 1 40 0 5 48 0 0 0 3 8 50 12 4 0 4 20 
0 11 9 29 10 44 20 31 7 0 5 44 34 0 12 14 0 21 9 42 0 8 35 12 10 0 44 40 26 25 26 5 38 45 42 12 19 24 9 7 16 0 39 19 50 5 19 3 34 5 0 9 26 32 0 26 14 31 45 0 23 
41 10 39 28 0 22 0 38 9 42 29 36 47 0 42 44 14 13 26 23 31 5 0 32 43 44 15 23 43 1 21 14 9 7 7 36 5 18 47 4 15 47 23 5 22 0 0 49 45 42 19 29 30 38 0 41 4 17 0 31 
10 42 0 34 3 27 20 16 20 14 9 44 10 23 31 43 24 2 0 0 43 38 0 2 10 19 7 44 42 38 30 35 0 22 44 0 0 15 32 12 40 40 35 11 45 0 9 46 0 35 13 0 49 44 14 44 0 5 45 
17 0 31 31 0 0 0 47 11 0 28 0 40 21 31 49 32 7 44 11 0 3 6 17 33 8 0 33 49 46 0 24 47 42 32 2 34 44 23 24 4 49 36 11 16 3 0 43 36 44 0 0 18 21 9 50 32 7 
4 44 31 0 33 45 14 27 24 33 32 17 13 1 3 3 35 18 20 29 44 50 35 7 33 45 0 18 39 0 39 36 0 27 12 35 49 49 29 19 30 4 0 16 17 44 31 50 43 43 0 41 13 7 38 12 31 
16 39 5 15 0 25 36 36 28 15 10 32 12 21 1 0 30 28 0 0 29 48 2 0 28 48 0 5 35 13 19 40 41 0 40 1 23 7 7 44 29 47 13 40 9 49 10 0 25 47 0 23 36 9 13 23 
19 22 4 37 11 35 37 7 0 47 13 26 39 0 1 45 0 6 0 22 0 32 0 41 19 23 46 0 0 9 39 11 35 23 11 25 19 42 50 38 3 23 45 6 30 21 43 13 6 1 19 45 40 25 20 
0 1 27 21 43 48 50 0 41 4 27 2 0 16 0 0 44 27 17 0 40 0 37 0 14 47 20 40 13 0 21 36 7 0 25 32 23 41 15 0 31 14 0 31 0 11 24 27 0 41 29 37 17 0 
0 16 27 0 14 0 5 5 17 20 22 30 47 49 9 22 14 12 41 36 4 40 0 0 42 0 13 41 5 18 31 42 30 0 32 17 3 21 10 43 40 42 0 30 7 5 45 43 23 0 34 37 34 
8 42 47 13 0 27 39 21 0 47 18 5 46 17 32 20 50 48 49 19 0 41 39 19 0 42 0 43 15 26 46 0 0 19 0 50 0 41 27 1 12 9 17 9 43 10 8 23 17 15 36 21 
43 5 31 49 9 0 24 31 0 27 0 3 4 20 0 40 50 0 0 39 36 23 29 19 37 13 19 40 46 22 0 32 0 41 6 0 10 12 36 20 0 43 33 29 4 31 50 18 0 37 0 
0 25 26 3 0 28 34 15 29 5 8 0 49 10 22 47 25 45 16 34 17 44 37 48 0 8 7 11 17 14 44 26 0 19 17 9 16 10 38 44 38 40 5 48 28 28 46 9 37 7 
21 49 9 4 30 0 0 0 43 49 28 2 9 43 13 12 0 28 31 29 3 37 0 0 22 36 33 47 5 40 16 34 19 43 27 17 0 22 45 8 41 44 38 0 24 16 6 22 34 
0 29 3 17 26 6 0 12 8 43 6 4 29 41 35 0 0 0 46 0 31 33 0 0 26 22 7 4 3 35 49 50 0 34 36 0 0 0 16 0 0 10 11 0 0 16 38 8 
30 39 9 28 9 0 0 24 9 11 21 12 8 8 46 0 15 7 0 1 33 0 0 39 0 26 20 46 21 4 26 49 7 50 17 40 10 31 46 43 33 25 26 8 4 24 0 
43 30 28 28 0 4 11 38 39 11 0 39 4 0 33 4 24 13 27 0 0 26 31 0 8 0 29 12 14 37 41 0 27 9 0 31 42 14 43 0 30 0 0 14 32 37 
40 44 35 30 33 7 36 39 24 0 20 8 39 0 16 5 25 3 38 20 40 20 49 26 20 0 40 25 38 35 0 0 11 1 43 26 44 41 45 30 0 12 50 5 24 
0 0 43 39 14 4 23 1 0 4 46 0 3 8 29 22 11 40 22 23 50 35 0 5 8 0 4 3 39 18 41 44 47 2 41 1 0 5 12 50 37 0 46 22 
25 14 14 0 22 0 3 4 44 17 47 0 6 0 34 20 24 14 50 26 24 31 35 6 44 0 0 42 10 9 0 26 0 18 9 9 10 44 0 48 0 8 34 
26 31 43 20 31 21 0 19 8 45 12 6 22 0 0 46 0 48 11 27 35 14 50 0 44 5 21 46 35 6 19 10 0 23 37 49 46 38 12 48 0 44 
10 16 15 30 40 7 0 13 13 38 2 20 24 48 42 21 10 43 13 1 34 1 0 20 0 0 7 27 14 37 25 0 0 9 19 39 39 24 47 3 7 
8 38 30 6 0 0 1 0 13 30 21 5 18 40 18 2 9 50 18 21 0 36 35 32 28 14 16 22 6 0 2 48 0 27 16 34 15 0 25 9 
44 44 28 33 33 44 9 38 50 3 8 23 49 0 44 44 0 0 47 0 37 45 41 18 31 29 0 2 0 7 0 49 16 11 12 37 21 41 16 
49 0 0 7 15 14 32 24 14 46 10 41 36 19 3 38 3 0 46 22 16 41 45 45 45 15 11 3 7 1 4 11 50 16 45 44 36 0 
0 0 29 29 4 0 18 21 36 13 16 7 36 0 37 0 38 35 0 13 7 22 19 7 42 0 27 2 50 0 0 46 18 27 48 48 35 
34 14 50 22 40 0 0 19 0 0 8 0 24 29 43 0 39 18 41 28 48 0 23 17 0 15 37 19 41 23 20 1 1 17 15 15 
7 0 27 3 31 0 30 1 12 0 49 0 23 0 1 0 47 24 0 6 29 14 39 20 0 50 42 10 40 38 28 6 13 39 1 
49 12 36 23 9 29 0 26 38 45 49 1 43 14 8 0 0 39 14 0 6 9 38 6 35 0 5 37 0 0 34 43 0 41 
12 34 36 25 42 0 30 0 34 29 0 13 50 0 34 43 17 0 22 0 17 48 42 28 4 6 0 12 25 13 0 41 39 
0 27 50 23 45 34 0 26 13 0 28 46 12 28 48 36 0 33 0 1 8 18 13 0 22 0 37 0 47 28 38 24 
50 23 17 31 2 9 20 44 9 21 17 0 0 7 28 28 46 19 32 50 12 4 50 49 39 8 37 0 18 13 0 
36 50 1 28 25 21 0 0 41 0 38 0 25 9 14 18 21 39 31 0 30 33 6 44 43 18 43 5 40 1 
31 43 33 0 14 16 5 8 1 0 0 21 14 12 1 50 15 28 39 1 16 0 0 10 15 29 44 0 8 
0 0 36 33 27 6 25 0 30 23 0 14 36 46 11 46 39 17 21 0 7 33 29 49 30 21 9 30 
6 32 7 25 9 0 13 35 8 30 20 21 0 43 39 29 23 34 23 0 36 1 2 32 15 46 34 
6 0 21 28 41 38 35 0 45 7 0 26 29 38 25 45 0 50 20 24 12 29 15 5 9 9 
44 43 21 0 0 31 0 25 2 1 12 9 40 15 6 37 36 11 35 6 17 21 28 0 1 
0 0 35 47 14 32 29 23 39 37 44 12 6 1 16 17 2 50 5 26 28 25 14 8 
19 11 35 35 0 0 11 12 6 48 45 3 47 16 32 20 0 44 8 11 2 12 3 
45 30 22 21 42 0 41 22 44 42 0 20 28 27 14 4 43 32 47 0 42 0 
50 14 33 48 44 0 45 2 30 0 23 19 32 31 40 0 24 25 3 13 11 
4 28 32 6 42 7 30 0 32 28 50 0 21 43 0 19 17 26 0 19 
27 45 0 12 0 20 50 0 0 31 0 31 47 0 27 11 4 7 8 
38 0 0 33 32 19 8 26 45 42 0 43 49 0 33 33 44 17 
0 27 16 42 0 37 5 0 33 4 1 5 13 3 2 0 0 
14 32 10 16 38 3 28 49 34 31 26 50 17 49 1 28 
41 5 2 41 14 19 15 11 14 25 23 0 34 46 16 
4 16 0 28 18 15 24 37 8 47 7 9 19 0 
45 48 0 36 3 43 26 21 0 12 14 32 2 
43 31 26 0 33 0 4 30 32 15 9 34 
48 0 0 13 9 26 4 25 5 38 15 
13 32 0 0 5 0 25 0 0 1 
22 0 21 6 6 14 15 38 43 
0 23 8 27 27 28 49 1 
18 13 2 34 31 14 1 
13 31 0 46 49 37 
9 38 23 39 0 
0 33 0 45 
0 32 0 
17 10 
18 

1 5
1 10
1 11
1 12
1 20
1 25
1 28
1 29
1 34
1 36
1 38
1 40
1 44
1 45
1 46
1 80
1 82
1 89
1 102
1 109
1 114
1 115
1 117
1 118
1 119
1 122
1 124
1 132
1 141
1 148
1 149
1 163
1 166
1 189
1 191
1 195
1 200
2 18
2 19
2 29
2 37
2 47
2 60
2 69
2 72
2 74
2 80
2 107
2 132
2 142
2 146
2 148
2 159
2 164
2 167
2 175
2 177
2 178
2 186
2 192
2 194
2 195
2 196
3 19
3 22
3 24
3 25
3 26
3 28
3 29
3 31
3 37
3 39
3 46
3 50
3 55
3 66
3 67
3 69
3 73
3 80
3 82
3 96
3 100
3 110
3 137
3 152
3 156
3 168
3 169
3 175
3 177
3 180
3 181
3 193
4 11
4 14
4 16
4 24
4 36
4 40
4 54
4 58
4 71
4 84
4 88
4 91
4 97
4 100
4 101
4 106
4 121
4 124
4 127
4 131
4 141
4 142
4 147
4 158
4 166
4 168
4 170
4 171
4 173
4 178
4 179
4 182
4 183
4 185
4 188
4 196
4 197
5 13
5 38
5 42
5 49
5 53
5 67
5 80
5 87
5 93
5 99
5 109
5 117
5 118
5 123
5 125
5 130
5 138
5 158
5 163
5 167
5 182
5 185
5 187
5 189
5 191
5 199
6 11
6 26
6 38
6 42
6 43
6 51
6 59
6 68
6 76
6 89
6 112
6 113
6 124
6 144
6 149
6 152
6 153
6 155
6 161
6 172
6 175
6 176
6 184
7 8
7 11
7 16
7 26
7 49
7 56
7 60
7 67
7 68
7 75
7 81
7 83
7 86
7 100
7 101
7 105
7 108
7 110
7 139
7 145
7 146
7 148
7 149
7 150
7 167
7 172
7 174
7 189
8 14
8 43
8 45
8 48
8 58
8 59
8 60
8 61
8 64
8 69
8 71
8 77
8 117
8 127
8 130
8 137
8 144
8 147
8 149
8 178
8 182
8 183
8 184
8 192
9 18
9 22
9 31
9 40
9 54
9 56
9 61
9 82
9 93
9 98
9 99
9 111
9 113
9 118
9 146
9 148
9 163
9 177
9 183
10 14
10 20
10 28
10 32
10 42
10 44
10 45
10 48
10 50
10 61
10 63
10 66
10 75
10 78
10 80
10 81
10 93
10 96
10 114
10 129
10 142
10 143
10 151
10 156
10 167
10 169
10 172
10 174
10 175
10 185
10 186
10 187
10 189
10 190
10 195
11 17
11 27
11 28
11 29
11 32
11 40
11 44
11 52
11 61
11 65
11 83
11 86
11 88
11 90
11 95
11 105
11 120
11 125
11 130
11 146
11 154
11 156
11 167
11 170
11 172
11 174
11 192
11 193
12 13
12 22
12 32
12 37
12 51
12 56
12 59
12 73
12 78
12 89
12 91
12 95
12 99
12 100
12 105
12 111
12 118
12 121
12 130
12 132
12 137
12 139
12 140
12 153
12 165
12 178
12 183
12 185
12 187
12 189
12 191
12 200
13 14
13 20
13 26
13 29
13 47
13 61
13 64
13 67
13 69
13 71
13 79
13 85
13 114
13 116
13 117
13 145
13 149
13 152
13 154
13 156
13 160
13 161
13 164
13 171
13 177
13 197
13 200
14 24
14 44
14 60
14 68
14 69
14 72
14 77
14 79
14 82
14 87
14 90
14 92
14 93
14 100
14 103
14 104
14 117
14 119
14 123
14 125
14 128
14 138
14 140
14 148
14 150
14 151
14 169
14 171
14 175
14 180
14 182
14 183
14 184
14 186
14 199
15 19
15 23
15 32
15 41
15 43
15 49
15 60
15 63
15 84
15 85
15 100
15 102
15 109
15 120
15 123
15 124
15 125
15 131
15 135
15 153
15 162
15 168
15 171
15 173
15 174
15 176
15 181
15 185
15 187
15 188
15 194
16 21
16 28
16 29
16 35
16 37
16 41
16 46
16 51
16 54
16 68
16 85
16 88
16 89
16 95
16 99
16 104
16 105
16 114
16 116
16 117
16 124
16 134
16 141
16 150
16 151
16 154
16 155
16 161
16 164
16 166
16 170
16 173
16 179
16 189
17 20
17 25
17 27
17 30
17 32
17 35
17 36
17 37
17 41
17 42
17 60
17 75
17 80
17 83
17 88
17 91
17 95
17 99
17 114
17 117
17 122
17 136
17 140
17 147
17 152
17 154
17 160
17 165
17 170
17 179
17 190
17 200
18 24
18 30
18 33
18 36
18 38
18 52
18 59
18 61
18 63
18 74
18 88
18 89
18 91
18 99
18 114
18 119
18 134
18 135
18 141
18 142
18 150
18 165
18 181
18 182
18 185
18 191
18 194
18 197
18 199
19 20
19 24
19 25
19 36
19 40
19 44
19 45
19 56
19 61
19 63
19 70
19 82
19 91
19 97
19 111
19 122
19 125
19 130
19 131
19 141
19 143
19 147
19 159
19 160
19 168
19 176
19 180
19 191
20 24
20 26
20 31
20 34
20 36
20 43
20 64
20 70
20 75
20 77
20 90
20 96
20 97
20 100
20 110
20 113
20 124
20 125
20 143
20 149
20 150
20 158
20 159
20 162
20 165
20 172
20 176
20 177
20 181
20 182
20 186
20 199
21 24
21 26
21 31
21 32
21 39
21 45
21 46
21 48
21 59
21 74
21 81
21 112
21 123
21 126
21 137
21 142
21 149
21 165
21 178
21 182
21 187
21 188
21 195
21 197
22 27
22 32
22 37
22 42
22 48
22 51
22 63
22 66
22 78
22 87
22 96
22 101
22 102
22 111
22 114
22 117
22 133
22 139
22 143
22 162
22 180
22 183
22 187
22 193
23 37
23 45
23 50
23 62
23 72
23 78
23 80
23 82
23 89
23 93
23 101
23 102
23 104
23 140
23 143
23 153
23 161
23 167
23 170
23 175
23 179
23 192
24 26
24 28
24 30
24 34
24 36
24 37
24 45
24 49
24 53
24 54
24 78
24 81
24 82
24 83
24 90
24 110
24 111
24 112
24 119
24 126
24 132
24 135
24 156
24 170
24 175
24 177
24 178
24 180
24 189
24 196
25 30
25 51
25 52
25 65
25 66
25 77
25 78
25 85
25 95
25 96
25 104
25 115
25 124
25 125
25 129
25 146
25 169
25 171
25 179
25 185
25 188
25 198
26 32
26 42
26 44
26 50
26 56
26 63
26 81
26 82
26 89
26 92
26 93
26 108
26 122
26 123
26 126
26 138
26 149
26 156
26 169
26 188
26 190
26 192
26 200
27 28
27 32
27 33
27 36
27 49
27 50
27 67
27 68
27 79
27 85
27 89
27 93
27 96
27 105
27 110
27 125
27 127
27 139
27 144
27 149
27 150
27 156
27 158
27 159
27 167
27 176
27 179
27 181
27 184
27 187
27 189
27 194
27 196
27 198
28 30
28 46
28 53
28 60
28 65
28 75
28 89
28 95
28 98
28 102
28 112
28 115
28 131
28 134
28 137
28 138
28 141
28 147
28 149
28 160
28 161
28 163
28 165
28 167
28 168
28 170
28 178
29 31
29 32
29 36
29 40
29 42
29 52
29 54
29 62
29 67
29 68
29 72
29 73
29 74
29 78
29 85
29 87
29 88
29 89
29 94
29 96
29 104
29 108
29 112
29 115
29 118
29 123
29 125
29 126
29 132
29 133
29 134
29 143
29 145
29 146
29 147
29 156
29 160
29 162
29 166
29 169
29 177
29 179
29 193
29 199
30 46
30 52
30 57
30 59
30 62
30 65
30 73
30 74
30 82
30 83
30 89
30 90
30 91
30 94
30 103
30 106
30 109
30 112
30 116
30 119
30 120
30 133
30 136
30 147
30 157
30 158
30 164
30 166
30 171
30 181
30 183
30 184
30 192
31 45
31 48
31 56
31 58
31 63
31 67
31 69
31 73
31 86
31 93
31 94
31 106
31 121
31 127
31 134
31 182
31 190
31 192
31 193
31 197
32 56
32 60
32 69
32 77
32 85
32 89
32 98
32 103
32 109
32 129
32 130
32 132
32 140
32 142
32 143
32 147
32 150
32 155
32 161
32 162
32 171
32 172
32 176
32 182
32 189
33 40
33 42
33 43
33 62
33 65
33 77
33 79
33 83
33 95
33 98
33 123
33 135
33 138
33 151
33 155
33 157
33 161
33 163
33 173
33 175
33 183
33 194
33 200
34 48
34 49
34 50
34 52
34 61
34 62
34 65
34 68
34 70
34 71
34 73
34 76
34 79
34 88
34 104
34 113
34 123
34 132
34 138
34 141
34 156
34 166
34 172
34 177
34 194
34 196
35 44
35 46
35 50
35 54
35 57
35 60
35 68
35 77
35 86
35 92
35 93
35 94
35 98
35 105
35 106
35 113
35 117
35 121
35 126
35 137
35 138
35 140
35 143
35 144
35 146
35 156
35 163
35 164
35 168
35 170
36 39
36 41
36 58
36 59
36 64
36 65
36 92
36 122
36 130
36 135
36 149
36 156
36 162
36 170
36 178
36 181
36 182
36 184
36 197
37 57
37 60
37 74
37 82
37 94
37 95
37 111
37 133
37 134
37 141
37 143
37 157
37 160
37 161
37 169
37 182
37 184
37 186
37 187
37 193
37 198
38 44
38 45
38 54
38 60
38 62
38 70
38 80
38 87
38 89
38 101
38 104
38 105
38 118
38 129
38 135
38 155
38 163
38 165
38 175
38 189
38 190
38 191
38 195
39 40
39 42
39 49
39 69
39 71
39 75
39 84
39 86
39 88
39 94
39 98
39 105
39 111
39 117
39 132
39 136
39 137
39 139
39 142
39 147
39 149
39 153
39 157
39 162
39 169
39 174
40 42
40 51
40 63
40 74
40 77
40 81
40 88
40 92
40 94
40 104
40 107
40 110
40 117
40 138
40 143
40 149
40 153
40 158
40 159
40 167
40 175
40 183
40 193
40 196
40 198
40 199
40 200
41 44
41 56
41 58
41 65
41 66
41 80
41 86
41 98
41 102
41 105
41 107
41 110
41 114
41 120
41 122
41 123
41 126
41 128
41 138
41 149
41 150
41 161
41 165
41 167
41 168
41 181
41 184
41 197
42 49
42 56
42 64
42 69
42 73
42 82
42 88
42 97
42 108
42 112
42 116
42 117
42 131
42 132
42 138
42 142
42 144
42 147
42 167
42 168
42 175
42 181
42 184
42 188
42 190
43 49
43 61
43 67
43 86
43 87
43 90
43 115
43 116
43 125
43 131
43 132
43 138
43 146
43 149
43 150
43 151
43 154
43 162
43 167
43 175
43 178
43 189
44 61
44 66
44 70
44 77
44 89
44 102
44 103
44 108
44 110
44 111
44 119
44 145
44 146
44 175
44 178
44 189
44 196
44 200
45 53
45 60
45 62
45 68
45 77
45 91
45 93
45 98
45 101
45 110
45 113
45 116
45 122
45 132
45 137
45 140
45 143
45 151
45 152
45 156
45 160
45 161
45 164
45 169
45 178
45 195
46 50
46 59
46 64
46 73
46 75
46 77
46 79
46 85
46 86
46 95
46 100
46 104
46 106
46 111
46 113
46 119
46 130
46 139
46 149
46 151
46 154
46 156
46 167
46 170
46 189
46 191
46 192
46 193
46 195
46 199
47 48
47 58
47 59
47 64
47 76
47 83
47 85
47 89
47 93
47 98
47 99
47 107
47 121
47 125
47 129
47 136
47 139
47 144
47 150
47 159
47 161
47 175
47 177
47 181
47 183
47 184
48 49
48 57
48 61
48 68
48 82
48 84
48 92
48 94
48 97
48 100
48 107
48 108
48 117
48 126
48 127
48 130
48 134
48 160
48 162
48 167
48 168
48 183
48 184
48 188
49 53
49 60
49 78
49 85
49 98
49 103
49 114
49 117
49 128
49 132
49 135
49 144
49 173
49 175
50 52
50 56
50 59
50 83
50 86
50 103
50 115
50 118
50 138
50 143
50 156
50 161
50 164
50 184
50 187
50 188
50 200
51 55
51 60
51 63
51 77
51 78
51 81
51 89
51 93
51 98
51 101
51 108
51 114
51 116
51 118
51 129
51 130
51 141
51 144
51 145
51 149
51 150
51 159
51 163
51 174
51 175
51 178
51 191
51 192
51 193
51 198
52 59
52 63
52 69
52 70
52 85
52 91
52 93
52 98
52 99
52 104
52 105
52 114
52 125
52 129
52 142
52 149
52 150
52 160
52 164
52 165
52 166
52 169
52 179
52 181
52 187
52 198
53 60
53 62
53 64
53 67
53 68
53 74
53 76
53 79
53 94
53 98
53 100
53 104
53 107
53 108
53 117
53 119
53 124
53 137
53 145
53 147
53 159
53 166
53 173
53 178
53 181
53 182
53 185
53 187
53 192
53 194
53 200
54 75
54 82
54 86
54 87
54 98
54 101
54 108
54 109
54 115
54 120
54 130
54 135
54 141
54 144
54 149
54 151
54 152
54 162
54 166
54 168
54 181
54 182
54 186
54 199
55 56
55 57
55 61
55 62
55 64
55 70
55 71
55 72
55 73
55 76
55 77
55 78
55 79
55 93
55 104
55 108
55 111
55 124
55 127
55 132
55 133
55 134
55 135
55 139
55 140
55 142
55 154
55 171
55 173
55 177
55 178
55 179
55 181
55 184
55 185
55 194
55 198
56 63
56 65
56 66
56 93
56 104
56 109
56 118
56 139
56 149
56 150
56 161
56 173
56 177
56 187
56 191
56 192
56 197
57 62
57 65
57 72
57 84
57 86
57 108
57 116
57 130
57 143
57 147
57 158
57 163
57 181
57 182
57 183
57 191
57 193
57 198
58 62
58 84
58 85
58 117
58 120
58 123
58 124
58 130
58 147
58 148
58 149
58 156
58 158
58 164
58 167
58 179
58 182
58 184
58 186
58 193
58 196
59 61
59 63
59 64
59 65
59 66
59 78
59 79
59 80
59 82
59 83
59 87
59 91
59 106
59 110
59 112
59 118
59 127
59 128
59 131
59 132
59 141
59 146
59 161
59 178
59 188
59 192
60 61
60 63
60 64
60 70
60 84
60 88
60 90
60 100
60 102
60 121
60 137
60 139
60 140
60 141
60 146
60 147
60 149
60 155
60 171
60 172
60 173
60 183
60 185
60 187
60 188
60 189
60 190
60 197
61 65
61 71
61 73
61 74
61 76
61 78
61 87
61 90
61 95
61 107
61 111
61 122
61 135
61 139
61 147
61 151
61 157
61 167
61 168
61 181
61 187
61 193
61 194
61 198
62 65
62 70
62 72
62 79
62 85
62 90
62 93
62 97
62 100
62 102
62 104
62 107
62 114
62 116
62 127
62 137
62 149
62 150
62 151
62 159
62 160
62 162
62 177
62 185
62 186
62 188
62 194
62 198
62 200
63 69
63 78
63 83
63 84
63 91
63 106
63 107
63 110
63 114
63 145
63 150
63 152
63 168
63 172
63 173
63 181
63 186
64 78
64 87
64 97
64 104
64 112
64 119
64 123
64 125
64 126
64 137
64 144
64 146
64 158
64 160
64 167
64 168
64 170
64 172
64 178
64 183
64 185
64 189
65 68
65 71
65 91
65 92
65 98
65 111
65 122
65 125
65 128
65 132
65 145
65 149
65 163
65 166
65 173
65 174
65 178
65 195
66 67
66 74
66 75
66 88
66 91
66 110
66 115
66 127
66 133
66 135
66 142
66 150
66 152
66 155
66 158
66 162
66 165
66 171
66 195
66 199
67 73
67 77
67 88
67 89
67 93
67 94
67 101
67 102
67 103
67 115
67 137
67 153
67 157
67 169
67 184
67 186
67 188
67 189
68 70
68 72
68 76
68 82
68 84
68 85
68 96
68 97
68 109
68 118
68 129
68 131
68 137
68 142
68 145
68 149
68 156
68 169
68 170
68 174
68 178
68 189
69 80
69 82
69 87
69 93
69 96
69 100
69 105
69 112
69 114
69 117
69 128
69 130
69 139
69 145
69 146
69 156
69 161
69 165
69 171
69 182
69 187
69 188
69 192
69 199
69 200
70 71
70 76
70 82
70 97
70 99
70 104
70 113
70 116
70 117
70 122
70 123
70 141
70 145
70 163
70 171
70 196
70 197
71 74
71 80
71 81
71 83
71 90
71 102
71 109
71 111
71 112
71 121
71 123
71 136
71 142
71 143
71 148
71 162
71 163
71 169
71 179
71 182
71 186
71 193
71 196
72 73
72 77
72 83
72 88
72 93
72 98
72 117
72 118
72 119
72 130
72 131
72 139
72 150
72 157
72 168
72 171
72 179
72 182
72 183
72 189
73 83
73 84
73 89
73 90
73 96
73 99
73 109
73 118
73 123
73 124
73 126
73 127
73 136
73 139
73 140
73 151
73 160
73 161
73 164
73 170
73 171
73 172
73 174
73 187
73 190
73 194
73 195
74 81
74 82
74 96
74 98
74 100
74 102
74 110
74 113
74 155
74 160
74 163
74 182
74 184
74 189
74 195
75 85
75 91
75 101
75 105
75 107
75 111
75 112
75 119
75 124
75 126
75 132
75 138
75 142
75 143
75 161
75 173
75 183
75 190
75 191
75 193
75 196
76 80
76 81
76 85
76 88
76 89
76 93
76 94
76 96
76 102
76 111
76 137
76 138
76 146
76 150
76 158
76 162
76 164
76 168
76 174
76 176
76 188
76 193
77 78
77 85
77 97
77 98
77 102
77 103
77 116
77 118
77 127
77 131
77 133
77 140
77 147
77 159
77 180
77 183
77 185
77 187
77 192
77 195
77 200
78 79
78 89
78 95
78 96
78 99
78 102
78 108
78 120
78 123
78 127
78 134
78 136
78 139
78 145
78 146
78 147
78 151
78 153
78 156
78 162
78 181
78 188
78 190
78 193
78 194
78 200
79 88
79 89
79 102
79 103
79 111
79 115
79 116
79 128
79 133
79 139
79 154
79 155
79 159
79 162
79 166
79 168
79 173
79 191
79 196
79 200
80 87
80 90
80 92
80 105
80 109
80 110
80 116
80 120
80 122
80 123
80 124
80 126
80 128
80 130
80 137
80 141
80 143
80 144
80 150
80 153
80 155
80 162
80 169
80 174
80 179
80 183
80 188
80 193
81 83
81 98
81 104
81 113
81 118
81 123
81 132
81 143
81 147
81 153
81 161
81 178
81 183
81 187
81 188
81 189
81 196
82 83
82 93
82 98
82 99
82 102
82 106
82 115
82 128
82 129
82 137
82 138
82 140
82 142
82 144
82 145
82 160
82 162
82 176
82 178
82 184
82 185
82 190
82 194
83 89
83 90
83 99
83 111
83 112
83 119
83 122
83 125
83 138
83 143
83 145
83 158
84 89
84 90
84 92
84 94
84 103
84 107
84 110
84 116
84 118
84 122
84 123
84 132
84 135
84 141
84 143
84 150
84 156
84 170
84 187
84 195
84 196
84 198
85 95
85 105
85 111
85 115
85 116
85 117
85 124
85 125
85 128
85 135
85 137
85 144
85 148
85 152
85 153
85 161
85 173
85 185
85 187
85 189
85 195
85 197
86 92
86 95
86 103
86 118
86 137
86 147
86 148
86 151
86 173
86 184
86 186
87 94
87 103
87 107
87 109
87 113
87 118
87 133
87 150
87 154
87 162
87 168
87 170
87 171
87 187
87 191
87 196
88 92
88 100
88 104
88 130
88 135
88 147
88 148
88 153
88 158
88 166
88 169
88 177
88 178
88 179
88 193
88 199
88 200
89 97
89 109
89 118
89 119
89 125
89 136
89 147
89 149
89 162
89 166
89 171
89 173
89 184
89 185
90 91
90 93
90 94
90 117
90 119
90 120
90 134
90 146
90 156
90 165
90 168
90 170
90 173
90 182
90 184
90 187
90 192
91 103
91 105
91 112
91 124
91 126
91 127
91 133
91 137
91 140
91 141
91 150
91 159
91 171
91 173
91 174
92 93
92 94
92 103
92 105
92 110
92 126
92 138
92 146
92 153
92 157
92 166
92 172
92 175
92 182
92 188
92 189
92 193
93 104
93 116
93 125
93 128
93 131
93 141
93 148
93 156
93 157
93 158
93 163
93 180
93 181
93 183
93 187
93 196
93 197
94 99
94 108
94 110
94 117
94 126
94 133
94 136
94 137
94 149
94 155
94 158
94 166
94 186
95 100
95 103
95 106
95 110
95 113
95 114
95 135
95 153
95 157
95 162
95 163
95 166
95 167
95 168
95 192
95 200
96 105
96 107
96 110
96 122
96 127
96 128
96 145
96 149
96 151
96 157
96 164
96 180
96 189
96 190
97 102
97 110
97 128
97 141
97 152
97 159
97 164
97 167
97 171
97 172
97 181
97 191
97 195
98 107
98 144
98 145
98 152
98 154
98 166
98 171
98 173
98 175
98 185
98 187
98 188
98 190
99 100
99 103
99 106
99 114
99 115
99 120
99 123
99 124
99 125
99 133
99 151
99 154
99 163
99 168
99 176
99 180
99 183
99 185
99 188
99 200
100 106
100 107
100 111
100 116
100 119
100 129
100 131
100 132
100 136
100 145
100 148
100 152
100 156
100 162
100 167
100 190
100 193
100 194
101 103
101 104
101 108
101 111
101 118
101 127
101 141
101 143
101 147
101 148
101 156
101 158
101 162
101 165
101 167
101 171
101 172
101 176
102 105
102 115
102 133
102 139
102 140
102 141
102 144
102 150
102 167
102 178
102 182
102 192
102 200
103 109
103 126
103 135
103 164
103 167
103 173
103 183
103 191
103 195
103 199
104 111
104 122
104 129
104 147
104 162
104 167
104 185
104 191
104 197
104 199
105 109
105 116
105 118
105 119
105 120
105 121
105 130
105 131
105 136
105 138
105 146
105 155
105 160
105 168
105 169
105 173
105 174
105 175
105 178
105 179
106 114
106 116
106 118
106 124
106 126
106 138
106 141
106 143
106 146
106 154
106 163
106 180
106 191
106 194
107 111
107 113
107 118
107 134
107 140
107 150
107 156
107 157
107 159
107 166
107 174
107 178
107 179
107 197
108 109
108 120
108 123
108 130
108 133
108 147
108 155
108 156
108 161
108 171
108 172
108 189
108 192
108 198
108 199
109 110
109 111
109 119
109 123
109 129
109 131
109 133
109 137
109 146
109 160
109 163
109 167
109 172
109 173
109 179
109 198
110 120
110 131
110 143
110 147
110 150
110 152
110 156
110 159
110 163
110 165
110 166
110 169
110 179
110 180
110 192
110 195
111 115
111 124
111 129
111 130
111 133
111 137
111 149
111 171
111 176
111 180
111 182
111 183
111 190
111 199
112 115
112 117
112 128
112 136
112 143
112 148
112 159
112 161
112 164
112 166
112 176
113 133
113 139
113 150
113 154
113 163
113 167
113 172
113 186
113 188
113 194
114 116
114 127
114 146
114 147
114 150
114 157
114 159
114 162
114 166
114 169
114 171
114 172
114 173
114 178
114 181
114 184
114 186
114 195
115 117
115 121
115 133
115 143
115 159
115 160
115 164
115 165
115 173
116 133
116 138
116 149
116 151
116 165
116 173
116 174
116 182
116 183
116 184
116 193
117 119
117 123
117 124
117 125
117 134
117 149
117 152
117 155
117 167
117 169
117 171
117 175
117 181
117 182
117 194
117 198
117 199
118 129
118 144
118 146
118 155
118 175
118 181
118 188
118 192
119 120
119 123
119 133
119 141
119 143
119 167
119 183
119 192
119 193
119 198
119 200
120 125
120 130
120 132
120 138
120 153
120 155
120 160
120 169
120 178
120 182
120 184
120 194
120 196
121 122
121 134
121 135
121 137
121 139
121 145
121 147
121 149
121 154
121 156
121 165
121 175
121 177
121 184
121 192
121 198
122 133
122 140
122 142
122 146
122 149
122 160
122 165
122 188
122 198
123 129
123 133
123 135
123 136
123 148
123 153
123 154
123 163
123 178
123 185
123 186
123 187
123 198
124 133
124 144
124 153
124 171
124 177
124 198
125 126
125 130
125 137
125 138
125 149
125 153
125 160
125 164
125 165
125 167
125 168
125 171
125 174
125 185
125 187
126 130
126 132
126 136
126 138
126 141
126 143
126 144
126 149
126 174
126 188
126 192
126 199
127 129
127 138
127 141
127 150
127 157
127 158
127 159
127 169
127 186
127 198
128 137
128 143
128 150
128 159
128 164
128 169
128 170
128 178
128 184
128 185
128 189
128 194
128 199
129 146
129 147
129 154
129 155
129 184
129 190
129 193
129 196
129 199
130 131
130 133
130 142
130 145
130 150
130 157
130 161
130 162
130 174
130 182
130 189
130 199
131 132
131 137
131 151
131 154
131 155
131 162
131 165
131 167
131 171
131 184
131 185
131 188
131 192
132 137
132 139
132 148
132 149
132 153
132 157
132 159
132 170
132 177
132 197
132 198
132 200
133 143
133 154
133 159
133 165
133 171
133 174
133 176
133 180
133 181
133 187
133 199
134 144
134 152
134 155
134 160
134 168
134 170
134 178
134 179
134 182
134 192
134 195
135 140
135 142
135 154
135 160
135 165
135 169
135 175
135 193
135 196
136 138
136 139
136 141
136 146
136 160
136 164
136 181
136 182
136 185
136 187
137 144
137 150
137 152
137 153
137 157
137 160
137 165
137 170
137 185
137 198
138 141
138 151
138 155
138 161
138 169
138 183
138 187
138 190
138 191
138 192
138 198
139 140
139 149
139 153
139 156
139 160
139 165
139 181
139 190
139 194
139 199
140 145
140 147
140 154
140 163
140 186
140 187
140 195
140 199
141 144
141 160
141 161
141 164
141 174
141 177
141 178
141 187
141 190
141 193
141 198
142 144
142 147
142 148
142 149
142 152
142 154
142 163
142 169
142 173
142 189
142 193
142 194
143 147
143 170
143 173
143 176
143 186
143 194
144 149
144 160
144 163
144 164
144 168
144 171
144 178
144 192
144 195
145 154
145 159
145 162
145 164
145 166
145 168
145 173
145 174
146 147
146 154
146 159
146 161
146 162
146 166
146 168
146 170
146 176
146 180
146 186
146 189
146 191
146 195
146 200
147 148
147 151
147 153
147 170
147 171
147 173
147 181
147 190
147 197
148 153
148 157
148 169
148 173
148 175
148 180
148 181
148 183
148 185
149 155
149 158
149 160
149 164
149 167
149 168
149 180
149 182
149 185
149 190
149 198
149 200
150 151
150 155
150 162
150 175
150 183
151 157
151 158
151 159
151 168
151 174
151 175
151 188
151 195
152 153
152 159
152 168
152 169
152 170
152 172
152 175
152 176
152 185
152 188
152 189
152 190
152 192
152 193
152 196
152 197
153 159
153 160
153 169
153 172
153 175
153 176
153 178
153 200
154 159
154 165
154 168
154 174
154 175
154 178
154 180
154 186
154 189
154 194
154 196
154 197
155 165
155 169
155 181
155 186
155 187
155 196
156 157
156 158
156 165
156 168
156 179
156 182
156 193
156 198
157 161
157 163
157 169
157 171
157 183
157 184
157 188
157 190
157 196
157 198
158 165
158 172
158 173
158 175
158 182
158 191
158 199
159 166
159 182
159 184
159 185
159 191
159 192
160 165
160 166
160 168
160 181
160 190
160 193
160 198
161 175
161 178
161 179
161 181
161 188
161 190
161 192
162 164
162 165
162 180
162 200
163 164
163 165
163 169
163 177
163 179
163 182
163 189
163 193
163 194
164 170
164 171
164 173
164 174
164 176
164 180
164 186
164 189
165 167
165 171
165 175
165 177
165 179
165 181
165 184
165 190
166 173
166 182
166 183
166 186
166 192
166 195
166 196
166 199
167 173
167 175
167 178
167 181
167 185
167 187
167 194
167 198
168 169
168 175
168 178
168 185
168 187
168 192
168 194
168 196
169 181
169 182
169 197
169 200
170 177
170 178
170 180
170 182
170 190
171 175
171 181
171 182
171 193
171 194
171 199
172 173
172 174
172 180
172 183
172 192
173 179
173 186
173 193
174 176
174 182
174 185
174 191
175 179
175 180
175 182
175 199
176 177
176 178
177 182
177 183
177 194
178 184
178 189
178 198
178 200
179 185
179 189
179 195
180 188
180 192
180 195
180 199
181 184
181 186
181 189
181 190
181 192
181 195
182 184
182 185
182 193
182 196
183 184
183 188
183 191
183 199
183 200
185 197
186 189
186 200
187 190
187 196
188 192
188 194
189 191
189 192
190 193
190 194
190 196
190 198
190 199
191 193
192 193
194 197
195 200
196 197
196 199
197 198
197 200
