100 198 1000

55 109 103 106 77 39 110 75 51 33
101 12 80 109 91 11 56 106 69 14
67 14 110 30 103 18 71 37 16 58
64 27 20 21 35 25 68 30 17 89
24 101 23 14 11 11 106 103 60 56
31 54 105 83 27 31 49 73 14 104
105 96 51 15 35 15 24 22 55 51
72 80 59 60 28 110 47 74 86 107
26 23 33 105 57 49 69 58 26 14
54 78 105 68 89 44 26 88 67 37

45 99 93 96 67 29 100 65 41 23
91 2 70 99 81 1 46 96 59 4
57 4 100 20 93 8 61 27 6 48
54 17 10 11 25 15 58 20 7 79
14 91 13 4 1 1 96 93 50 46
21 44 95 73 17 21 39 63 4 94
95 86 41 5 25 5 14 12 45 41
62 70 49 50 18 100 37 64 76 97
16 13 23 95 47 39 59 48 16 4
44 68 95 58 79 34 16 78 57 27

0 50 0 0 0 0 0 0 0 0 7 0 0 0 48 0 9 0 39 0 48 45 32 35 0 0 0 39 0 12 0 0 0 0 0 0 0 0 0 0 0 0 19 0 3 0 0 0 17 50 0 37 0 0 0 0 40 0 0 0 0 26 39 0 22 0 0 0 5 14 29 32 0 0 31 38 7 0 0 50 0 27 46 0 0 0 0 0 0 0 0 0 0 0 0 0 0 38 0 
0 0 0 0 0 0 36 0 0 0 0 0 0 0 0 0 0 0 0 48 12 0 0 0 0 0 49 0 45 0 0 0 0 0 0 0 0 48 0 12 0 0 0 0 0 0 0 0 18 0 0 0 0 0 0 47 1 0 15 0 0 47 0 0 0 0 0 17 12 0 0 41 0 0 0 6 0 0 0 0 0 0 27 0 0 0 0 0 0 0 0 0 0 0 26 0 0 0 
0 0 44 0 34 0 10 0 0 17 0 0 0 0 37 27 0 0 0 0 25 0 0 0 0 46 0 0 0 0 0 0 44 0 28 0 0 21 0 0 35 0 0 36 14 0 0 0 0 15 0 0 0 44 0 0 50 24 0 0 33 0 0 36 0 0 0 0 0 0 0 0 0 14 0 9 0 0 0 41 0 0 0 0 0 48 0 0 23 0 0 0 0 0 0 0 0 
27 0 0 10 0 0 0 0 0 0 0 0 0 0 0 0 0 0 1 0 0 0 0 0 0 0 0 0 0 0 0 0 0 4 0 0 0 0 0 0 0 0 0 0 0 0 0 29 0 16 0 17 0 0 0 0 0 0 12 41 26 0 8 48 0 0 18 45 0 0 0 0 0 0 0 0 0 0 0 0 0 32 0 0 8 0 0 0 0 0 12 0 0 0 0 0 
30 37 0 0 0 16 0 0 0 0 0 0 0 0 0 35 13 0 0 24 0 0 0 0 0 0 0 0 0 0 0 2 8 0 0 0 0 0 48 0 0 0 27 47 0 0 0 0 32 0 0 27 0 0 0 0 0 0 0 25 1 10 0 0 49 0 18 0 0 0 0 0 15 0 0 0 0 0 0 0 0 0 0 0 0 0 2 0 0 0 0 0 0 0 0 
0 21 34 0 0 0 48 0 26 45 0 0 0 0 38 0 0 0 0 0 0 0 0 0 0 33 0 0 0 0 0 0 0 0 0 0 0 0 0 0 41 0 0 37 35 0 0 50 0 0 0 0 0 0 22 33 0 12 0 0 28 0 7 30 0 0 0 0 0 8 0 0 0 44 29 0 0 0 0 48 0 35 0 0 0 0 0 0 0 0 0 0 0 0 
0 0 0 0 15 39 0 0 0 0 50 0 0 0 0 0 0 0 0 12 0 0 0 0 0 0 0 0 0 0 0 0 0 0 50 0 0 0 0 39 0 0 0 0 5 0 0 0 44 0 0 20 0 0 0 0 0 0 8 44 28 45 0 0 11 3 0 29 1 27 0 0 0 0 0 0 41 0 0 0 0 0 0 0 0 0 0 0 0 0 0 0 0 
0 0 0 37 0 0 0 5 0 0 0 9 0 32 0 0 39 49 0 0 0 23 0 35 33 0 0 0 33 0 0 14 0 0 0 24 0 0 0 0 0 0 31 0 25 0 0 7 0 0 0 0 0 0 24 0 0 0 0 0 0 26 0 26 35 0 45 0 0 0 22 0 16 0 0 0 0 0 18 0 7 0 37 48 41 28 0 23 0 0 0 0 
0 0 0 0 0 0 22 0 0 47 0 0 11 18 0 25 0 0 0 0 23 0 21 0 0 0 49 0 28 40 0 0 4 0 0 15 0 0 0 0 0 0 4 0 0 0 0 0 0 0 11 0 0 0 11 0 0 0 0 0 0 0 9 0 25 0 0 37 0 0 5 0 37 0 36 40 0 0 0 0 0 0 0 0 0 0 0 0 0 0 0 
0 0 0 0 47 42 22 0 0 40 0 29 31 0 3 0 0 0 1 0 19 0 0 0 0 0 44 28 0 0 0 0 32 14 42 13 0 0 0 0 0 0 5 0 0 0 10 0 0 34 0 20 16 0 24 0 0 0 27 2 0 0 0 0 0 0 0 0 0 0 0 0 0 44 0 0 0 33 0 0 0 36 0 0 39 0 23 0 0 0 
47 0 0 0 48 0 10 0 0 0 0 10 46 14 0 0 0 0 0 47 0 0 0 34 0 0 0 0 0 17 3 0 0 0 0 0 0 0 0 10 0 7 0 13 0 39 0 0 47 0 0 0 0 29 0 11 0 30 0 24 25 0 0 0 0 0 0 0 0 22 0 0 0 0 0 0 0 0 0 0 2 17 0 0 0 0 0 0 15 
0 4 0 0 0 0 0 0 0 0 0 14 31 0 0 33 0 14 0 0 12 0 0 0 0 50 0 0 0 1 0 1 0 0 0 8 0 29 0 0 15 0 10 7 0 15 0 24 0 0 13 0 0 0 0 0 0 0 44 29 0 0 3 0 0 11 0 0 0 25 0 0 0 38 0 0 48 0 0 0 0 0 0 30 0 0 0 22 
0 0 4 29 0 0 15 0 0 0 0 8 30 20 0 32 0 28 14 0 0 4 4 42 19 0 0 0 0 0 33 0 0 0 0 0 0 23 0 0 25 0 0 0 0 0 0 0 0 18 22 0 35 21 0 0 0 0 0 0 0 0 0 0 0 0 0 45 0 16 0 0 0 3 0 0 0 0 0 45 21 0 0 0 0 0 0 
6 0 0 46 0 0 0 47 44 0 0 0 0 0 0 0 0 0 0 17 0 0 0 0 0 12 0 0 34 0 12 0 0 0 0 35 0 40 0 0 0 0 0 0 0 0 0 47 0 0 0 2 5 27 0 43 0 0 0 0 39 0 0 0 0 0 0 45 0 0 0 0 0 0 0 0 0 0 0 0 6 0 0 46 0 0 
0 11 0 0 0 0 0 47 0 0 0 35 0 32 0 0 0 0 14 0 0 0 0 0 0 0 0 30 0 0 0 0 0 47 44 0 0 0 47 0 30 0 32 46 39 0 0 0 0 0 0 48 0 0 0 0 0 0 0 25 0 5 5 0 23 0 0 0 0 0 0 9 0 0 0 0 0 34 0 0 0 0 10 15 0 
0 0 0 0 0 0 11 0 0 11 0 0 35 8 44 0 0 0 0 16 0 0 0 0 0 22 5 0 0 0 0 0 46 0 0 0 23 0 0 0 0 21 0 0 0 0 30 0 0 46 0 0 0 0 0 0 42 0 0 0 0 0 0 12 0 0 0 0 1 0 0 0 0 0 0 48 14 0 12 0 20 0 26 0 
0 10 0 0 0 0 1 50 0 0 43 31 0 0 0 0 0 0 11 0 28 0 0 27 0 0 2 0 0 0 0 0 0 0 0 15 0 0 0 47 0 16 0 0 0 16 0 0 48 0 0 0 0 0 0 0 0 0 34 5 0 0 0 0 0 0 0 0 38 0 36 0 4 0 0 0 0 0 0 8 0 0 0 
0 0 0 0 36 0 15 0 0 0 0 0 33 0 39 0 0 0 0 0 0 0 19 0 11 0 0 0 0 0 0 14 0 0 0 40 0 0 0 0 27 0 0 0 0 37 47 0 27 0 0 0 0 0 0 0 0 43 0 0 0 15 0 0 18 0 0 0 0 14 0 39 0 14 30 12 0 0 0 0 0 38 
0 0 0 0 0 19 13 0 0 18 0 0 0 0 2 0 0 0 0 0 13 0 0 0 0 0 0 0 0 0 0 24 0 0 37 0 0 0 11 0 0 0 5 0 41 0 0 0 0 0 0 0 11 0 0 0 0 0 0 0 0 0 7 31 0 0 0 0 0 0 0 0 0 0 0 0 20 0 0 0 0 
0 0 22 0 0 0 0 29 0 21 0 0 15 0 0 0 0 0 2 8 0 36 24 0 0 20 0 0 0 5 0 36 0 50 0 0 0 0 0 0 0 33 1 0 0 0 0 0 0 49 0 33 0 0 0 0 8 0 0 0 11 0 43 0 0 41 0 2 0 0 0 0 0 8 0 47 34 0 0 0 
47 19 0 0 0 0 16 0 0 0 31 0 0 0 0 0 0 0 3 0 0 0 0 0 46 10 33 0 0 0 4 0 0 13 24 0 0 0 0 0 0 0 0 0 0 0 0 45 0 0 0 0 0 0 0 0 0 0 0 0 0 0 0 15 0 0 0 0 6 0 0 0 43 7 0 23 0 0 0 
0 0 42 0 0 0 0 47 0 0 0 0 0 0 12 0 0 0 0 0 0 0 0 0 0 6 39 21 0 0 43 0 0 0 0 0 13 40 0 0 41 12 0 0 0 0 0 42 0 0 0 0 0 0 0 0 0 0 0 0 0 0 32 0 0 0 0 0 41 0 0 0 0 0 48 0 0 0 
5 0 20 44 0 20 0 0 0 0 0 24 0 0 18 0 0 0 0 0 0 40 0 0 0 0 0 45 0 24 0 0 0 0 0 8 0 0 0 0 0 0 0 0 0 30 12 10 13 30 0 0 0 0 0 0 0 0 0 0 0 35 0 0 24 12 0 0 0 0 0 0 0 0 0 0 0 
0 0 40 0 37 0 0 0 0 0 0 0 25 22 0 47 0 0 0 34 0 0 0 26 0 0 0 0 0 0 0 0 0 0 33 0 0 0 0 0 0 0 0 0 0 0 0 0 0 0 0 0 0 0 0 31 0 19 0 0 0 0 0 0 0 50 0 0 18 0 22 25 0 30 0 0 
0 0 0 0 0 0 0 0 0 0 0 20 0 0 16 0 0 0 0 37 0 0 0 0 16 0 0 36 0 17 0 0 0 0 23 38 0 0 0 0 14 0 0 40 40 0 0 0 0 0 12 0 24 0 0 0 0 0 0 0 0 0 12 8 17 0 34 0 0 25 0 0 36 0 49 
0 27 0 0 28 0 0 0 10 0 0 0 12 0 0 0 0 0 0 0 0 0 0 0 0 31 0 6 32 0 0 0 43 4 16 0 0 0 0 50 0 0 0 42 0 0 39 0 0 9 0 0 0 0 23 0 0 0 45 0 0 0 0 0 0 0 0 0 42 0 35 16 0 0 
0 0 0 0 0 0 0 0 27 0 46 0 0 0 0 0 0 12 0 38 0 9 32 6 0 0 0 0 28 0 0 0 0 0 0 5 0 0 0 28 0 0 0 0 0 0 0 42 0 0 4 0 0 0 0 0 50 0 0 0 13 0 0 0 0 0 0 0 0 0 0 0 0 
0 0 0 0 0 0 0 0 0 0 0 0 0 46 0 0 0 0 0 0 0 0 0 0 0 0 0 0 0 0 0 0 0 9 0 0 0 0 0 0 0 0 0 0 13 0 0 0 0 0 0 0 0 6 0 0 0 0 0 0 0 34 0 0 0 0 42 0 0 22 0 0 
48 0 0 18 0 0 7 0 0 32 30 0 0 0 0 0 0 0 44 0 0 47 18 0 0 0 0 8 0 0 44 0 0 0 0 0 0 5 9 0 0 0 0 0 0 0 0 0 0 40 0 0 0 0 0 0 0 0 5 33 0 0 0 2 0 0 0 0 0 16 0 
0 0 29 0 31 0 0 0 0 0 46 0 0 24 32 0 0 0 0 21 0 4 0 13 37 0 0 0 0 0 0 0 0 33 0 46 0 0 0 33 17 0 0 0 0 0 0 0 0 35 0 0 0 0 0 0 0 47 0 0 0 0 0 0 23 0 0 0 0 0 
0 31 0 0 0 0 0 35 0 4 0 0 11 34 0 0 0 0 0 0 0 0 0 0 11 0 0 0 0 0 0 23 28 0 0 0 0 0 0 4 0 0 0 0 0 0 0 0 38 0 0 0 0 19 0 0 45 0 11 0 0 24 0 22 0 0 0 12 0 
0 18 0 33 0 0 0 0 0 15 0 0 0 0 0 0 29 0 12 35 18 0 0 0 0 0 0 0 22 0 0 0 0 11 21 22 42 46 0 0 49 0 0 0 0 34 11 0 45 0 0 0 0 0 0 11 0 0 0 0 0 0 0 0 0 0 0 0 
3 0 0 26 26 0 36 20 34 0 21 0 0 0 0 0 0 46 0 0 0 44 0 0 45 0 0 0 42 0 20 0 0 0 0 0 19 14 6 0 0 0 0 0 0 0 0 16 31 36 0 21 0 0 0 8 45 44 0 46 0 7 49 0 0 0 0 
0 0 3 0 0 42 0 30 0 35 0 0 35 28 0 0 0 0 25 0 0 38 0 0 0 0 0 0 0 39 0 0 0 0 0 0 43 0 0 23 0 0 0 0 23 0 0 0 0 0 0 0 49 0 0 11 0 0 0 0 21 5 0 0 0 0 
0 0 0 0 36 0 0 0 0 50 0 0 0 0 0 27 22 0 38 0 0 46 0 0 0 0 0 29 0 0 38 0 0 0 0 0 0 43 0 0 0 42 22 0 0 0 7 8 0 0 0 0 0 0 49 0 0 11 0 16 0 0 0 0 0 
0 0 19 0 0 0 33 44 0 0 22 27 0 31 0 0 0 0 0 0 28 0 0 0 0 0 43 0 0 0 41 0 0 0 0 0 0 0 0 13 0 39 0 0 0 0 0 14 0 0 0 0 0 0 9 0 0 0 0 0 0 0 0 0 
0 0 0 44 0 16 38 34 34 33 0 0 0 0 38 0 0 0 45 0 0 0 0 0 10 26 0 23 0 0 29 0 0 0 0 0 37 0 39 0 18 0 0 0 0 0 0 33 39 26 0 0 3 42 0 0 0 0 0 0 0 0 0 
0 0 44 0 0 0 0 0 30 21 21 0 0 0 0 0 18 0 10 0 0 0 0 31 0 0 0 0 0 22 0 43 0 0 0 0 0 0 39 0 0 13 0 0 0 0 0 0 0 0 0 0 0 2 0 0 0 49 0 0 0 49 
0 0 24 0 0 0 0 0 0 0 50 0 0 44 44 0 0 0 46 0 0 0 6 0 32 0 0 0 12 0 41 0 0 0 0 0 9 48 15 39 0 13 0 0 0 0 0 0 13 0 0 0 0 0 0 0 0 0 0 0 0 
0 14 0 0 0 31 0 0 0 0 6 0 28 0 0 0 0 0 0 0 0 0 38 0 0 0 31 0 0 0 0 0 0 35 0 0 0 0 0 0 0 0 0 0 0 0 31 0 0 15 0 0 0 26 38 0 0 49 0 0 
0 27 0 0 0 0 0 30 3 0 18 0 42 0 0 50 0 9 0 10 0 33 13 20 0 0 0 0 0 0 49 0 0 35 0 0 38 0 0 0 26 0 19 0 0 0 0 50 0 45 43 0 24 0 0 0 0 38 0 
0 0 0 2 0 0 0 0 0 0 19 0 0 0 31 0 0 5 0 0 0 0 0 5 0 43 0 0 0 0 45 0 0 0 0 13 0 0 0 7 0 0 41 0 0 9 37 0 0 32 1 7 0 0 0 0 47 0 
0 0 0 0 0 0 0 0 0 45 0 0 0 32 0 0 50 0 0 0 27 0 0 0 0 0 0 26 0 0 0 0 0 30 0 45 0 23 21 0 0 0 0 0 0 38 0 0 18 0 0 0 0 0 8 0 0 
0 0 0 0 0 0 0 0 0 0 43 0 0 15 0 0 0 19 0 0 48 0 0 34 0 0 0 0 36 0 0 0 0 0 0 0 0 0 0 50 0 0 0 0 0 0 0 0 0 0 0 4 0 0 0 0 
0 34 0 0 5 0 10 0 0 0 37 1 0 0 43 0 0 48 0 4 0 0 0 0 0 28 13 33 0 0 0 0 0 0 0 0 0 40 0 2 0 27 0 0 0 0 45 27 0 9 20 0 0 0 0 
0 0 0 0 0 29 0 0 0 0 0 0 0 0 8 0 0 0 0 0 40 26 0 0 0 0 0 0 0 47 0 0 21 0 22 0 0 0 0 0 0 0 32 0 0 0 0 17 0 0 0 0 0 10 
0 50 0 0 0 0 0 0 0 47 0 0 0 0 0 0 0 0 22 0 22 0 0 0 31 0 0 27 0 0 0 0 0 0 0 0 11 0 0 0 0 0 31 0 0 0 0 0 50 0 0 0 0 
0 0 0 0 0 0 0 0 0 15 0 0 0 20 0 0 0 0 0 0 0 10 0 0 0 0 0 44 0 0 21 0 0 0 1 0 0 0 0 0 0 0 8 25 48 0 0 0 0 0 1 0 
0 0 0 0 32 47 0 35 0 0 0 0 0 0 37 22 0 45 0 0 0 0 0 0 23 0 0 0 0 34 0 0 1 0 5 0 36 0 0 31 0 0 0 50 25 14 0 29 0 0 0 
48 0 19 40 0 0 0 0 0 0 0 0 0 0 0 0 48 0 26 0 0 0 0 0 0 0 0 8 0 0 2 0 11 0 0 0 0 0 15 0 0 0 3 0 0 0 4 0 33 0 
0 36 0 0 0 0 0 0 3 1 26 0 0 0 0 0 0 0 0 0 0 14 0 7 0 0 0 1 0 39 0 0 0 0 0 0 0 0 0 10 49 0 0 0 0 0 0 0 0 
6 0 0 0 10 0 4 0 33 12 0 0 0 0 38 0 0 0 31 0 10 0 0 0 0 0 0 0 0 0 0 0 0 0 0 0 0 0 0 0 0 0 0 0 0 0 0 0 
0 0 0 0 0 0 0 50 15 0 0 0 0 0 0 0 14 0 0 23 0 0 8 23 0 0 8 0 0 0 0 0 0 0 0 0 0 0 45 0 0 0 25 24 0 0 0 
20 0 0 0 14 0 0 0 0 49 42 0 0 0 0 0 0 0 1 43 0 0 0 0 0 0 0 0 0 0 4 0 0 0 0 0 0 0 3 8 0 0 0 27 0 0 
0 34 0 0 0 0 0 0 0 0 0 0 0 0 0 0 17 0 0 0 0 0 0 0 0 22 21 27 0 0 6 0 0 0 0 0 24 0 0 0 0 0 0 0 0 
0 25 0 0 0 0 0 0 0 0 0 2 0 0 0 0 40 4 0 0 0 0 0 0 0 0 0 37 0 0 0 0 0 0 0 0 20 0 38 0 31 0 0 0 
0 0 0 0 40 0 0 42 0 0 0 0 0 0 0 0 0 0 0 0 0 0 0 0 9 0 0 0 18 25 0 0 0 0 37 0 0 0 0 0 29 0 0 
8 0 0 0 0 0 0 0 43 0 0 0 0 0 0 0 0 0 0 0 0 0 0 0 35 0 22 0 0 17 14 0 0 0 0 0 0 20 0 0 0 0 
0 0 0 0 0 0 0 0 0 27 0 0 50 0 0 24 0 0 3 5 25 0 29 16 0 31 37 0 0 0 0 0 0 0 36 0 47 0 0 17 0 
0 0 0 0 0 0 19 0 0 0 0 0 0 0 0 0 45 0 22 0 0 25 0 0 0 0 0 0 0 0 0 0 0 4 0 0 0 0 0 22 
0 0 0 32 45 10 0 0 0 0 18 0 0 43 0 0 0 0 0 0 0 0 0 0 0 0 0 25 0 0 0 0 0 0 0 0 2 0 0 
32 0 0 0 0 0 15 10 0 0 0 23 0 0 17 42 7 0 0 0 0 0 17 21 36 0 0 0 0 25 0 0 0 0 0 0 0 0 
0 0 0 0 0 0 24 0 44 0 39 0 21 0 0 0 0 0 0 10 0 0 0 0 0 0 0 31 0 0 9 0 0 0 1 7 0 
0 0 0 0 29 0 0 0 0 6 0 0 0 0 0 21 30 0 36 11 0 0 0 44 0 0 0 0 43 0 39 0 0 25 0 0 
41 0 44 0 0 0 0 25 0 0 0 0 0 0 0 0 0 0 14 12 0 0 39 0 18 0 46 0 0 0 0 0 0 8 0 
8 0 42 0 0 0 16 0 12 0 13 0 39 0 0 0 0 0 0 0 0 0 0 0 12 0 0 0 0 38 0 22 0 0 
0 0 0 0 0 0 29 0 0 0 37 0 44 50 24 0 0 0 0 0 3 0 0 49 0 0 0 45 0 0 0 0 18 
0 0 0 0 0 0 0 0 0 38 0 6 0 0 0 25 20 0 0 0 0 0 0 0 28 0 0 0 0 0 0 26 
38 0 0 20 0 0 0 0 0 0 0 6 20 0 0 0 0 0 0 0 0 0 0 0 0 0 0 41 12 0 0 
22 0 0 35 0 0 0 0 35 0 39 0 15 0 0 0 0 0 0 0 0 20 0 0 0 0 0 0 0 0 
0 0 0 0 36 0 0 0 0 0 0 0 0 0 0 0 0 0 0 0 0 0 41 0 41 0 0 41 0 
0 0 41 0 26 0 23 0 0 0 0 0 31 0 36 12 0 0 0 15 0 48 18 24 0 0 0 0 
0 0 25 0 15 0 0 0 0 0 45 0 12 0 0 0 0 9 0 20 0 12 48 0 0 0 0 
13 49 0 0 32 0 0 0 0 38 0 0 44 0 0 0 0 0 0 0 0 0 0 30 0 0 
0 0 0 0 0 0 29 0 27 2 0 0 0 0 0 0 0 0 0 30 0 0 43 0 0 
0 0 42 0 0 0 0 0 0 0 0 0 0 0 0 0 49 0 0 0 0 0 0 5 
0 29 0 0 0 0 0 0 0 0 0 0 0 20 44 0 36 0 24 19 0 0 0 
0 0 0 8 26 0 0 0 0 0 0 22 40 0 0 0 0 18 0 0 0 21 
0 0 0 27 6 0 0 0 0 0 7 0 36 0 0 0 0 0 0 0 0 
5 29 42 0 24 0 0 41 0 0 0 0 42 0 0 0 0 12 0 45 
2 0 21 13 23 0 0 0 0 47 0 0 0 0 0 0 0 29 0 
0 9 0 0 0 31 24 0 0 0 0 0 0 0 0 0 36 34 
0 0 0 0 50 0 0 0 0 8 0 0 45 46 0 18 22 
0 0 27 28 0 0 0 1 0 0 0 10 26 0 0 0 
0 0 0 40 0 25 20 0 16 0 0 0 28 0 0 
0 42 39 0 0 16 0 7 0 0 0 0 0 0 
0 0 0 0 0 0 0 19 0 0 0 0 0 
25 0 38 0 0 0 30 0 24 0 0 48 
22 0 0 0 48 30 0 0 0 0 25 
9 0 0 0 0 0 0 0 21 0 
16 0 0 0 42 0 47 0 37 
0 35 0 0 0 44 0 7 
0 0 0 0 20 0 0 
0 0 0 25 0 16 
0 0 20 0 0 
0 0 0 0 
0 0 0 
0 0 
0 

1 41
2 8
2 18
2 20
2 36
3 25
3 35
3 91
4 33
4 37
4 97
5 91
6 7
6 63
6 68
6 71
6 87
7 28
8 50
8 65
8 98
9 13
9 68
9 79
10 27
10 64
11 95
12 62
13 28
13 65
13 99
14 17
14 69
14 83
14 84
16 25
16 28
16 64
16 87
16 96
17 42
18 39
18 40
18 45
18 63
18 68
18 97
19 43
19 50
19 90
20 82
20 89
21 61
21 77
21 78
21 84
22 28
22 51
22 84
23 32
23 57
23 95
24 30
24 84
25 49
25 58
25 64
25 72
25 75
26 46
26 47
26 50
26 65
26 67
26 100
27 29
27 32
27 35
27 52
27 62
27 91
28 36
28 61
28 64
29 41
29 70
29 73
29 82
29 83
29 96
29 98
30 62
30 81
30 84
30 97
30 100
31 40
31 52
31 89
32 63
32 77
34 39
34 58
34 66
35 62
35 65
35 86
35 88
36 37
36 81
37 80
37 81
39 56
39 66
39 67
39 83
39 87
40 57
40 79
40 97
40 99
41 45
41 48
41 60
41 77
42 69
42 87
43 48
43 50
43 61
43 63
43 70
43 72
43 99
44 66
45 81
46 98
47 51
47 76
47 97
48 53
48 66
48 71
49 60
49 61
50 55
50 57
50 63
51 57
51 68
51 88
52 69
52 83
52 91
53 54
53 63
53 74
54 80
54 97
55 60
56 72
56 96
57 80
58 70
58 84
59 100
60 70
60 76
61 94
61 97
63 77
63 93
63 95
64 87
66 72
66 80
68 71
68 91
68 99
69 78
69 92
70 72
73 74
73 79
73 98
75 76
75 77
75 96
75 97
77 90
78 79
79 82
80 89
82 85
86 96
87 94
93 100
99 100
