100 198 1000

25 62 74 70 84 44 105 84 58 89
47 17 39 73 53 55 71 54 88 74
65 19 93 67 26 15 94 82 38 23
38 36 35 98 50 42 99 22 40 49
63 85 33 91 86 36 64 68 50 33
26 94 68 52 65 31 63 62 105 68
103 93 73 44 77 80 23 31 58 11
23 49 34 65 58 67 110 86 44 27
33 20 67 81 16 85 55 43 45 30
104 51 23 16 39 108 105 104 62 81

15 52 64 60 74 34 95 74 48 79
37 7 29 63 43 45 61 44 78 64
55 9 83 57 16 5 84 72 28 13
28 26 25 88 40 32 89 12 30 39
53 75 23 81 76 26 54 58 40 23
16 84 58 42 55 21 53 52 95 58
93 83 63 34 67 70 13 21 48 1
13 39 24 55 48 57 100 76 34 17
23 10 57 71 6 75 45 33 35 20
94 41 13 6 29 98 95 94 52 71

0 0 0 0 0 0 0 0 0 0 39 0 0 8 0 0 0 0 6 0 0 0 0 26 0 0 0 0 0 42 34 0 46 45 0 5 0 0 0 0 0 0 0 0 0 0 9 0 5 20 2 0 0 0 0 0 0 12 0 0 0 0 0 0 34 27 47 0 0 0 0 0 0 8 0 0 0 0 0 0 0 0 48 0 0 0 0 30 0 0 37 0 0 0 0 0 0 36 0 
0 0 22 0 0 0 28 0 0 0 0 0 0 0 0 0 0 0 0 0 0 0 23 0 0 0 0 0 0 31 0 0 0 0 0 0 0 0 0 28 47 3 0 40 0 0 0 2 0 0 0 0 0 47 0 15 0 0 0 0 0 43 28 0 1 14 0 0 0 32 0 0 19 15 0 0 37 0 0 0 0 0 0 0 0 0 0 0 0 0 0 0 0 0 0 0 0 0 
0 0 0 0 0 0 0 21 0 0 0 0 0 0 0 22 13 0 35 0 0 0 0 0 0 0 39 0 0 0 0 0 0 0 0 0 47 0 0 0 0 45 0 12 0 0 0 4 0 17 34 0 0 0 0 0 0 27 0 40 0 0 20 35 0 0 39 0 0 18 0 0 0 29 0 0 0 0 46 25 0 13 0 0 0 4 0 0 0 0 0 37 0 5 0 0 0 
0 0 0 0 0 0 0 28 0 0 0 28 0 0 40 0 0 0 0 0 0 0 0 0 0 0 0 0 9 0 10 0 0 0 49 0 0 4 0 0 0 0 0 0 0 0 0 0 0 0 0 0 0 48 33 40 35 0 11 0 0 45 17 6 20 36 0 38 0 0 0 0 0 0 33 0 0 38 0 0 0 0 0 0 0 0 0 0 0 25 0 0 0 0 0 0 
0 0 0 24 0 0 0 9 0 0 0 0 46 0 0 0 0 0 0 0 0 0 14 9 0 28 0 0 0 0 0 0 0 0 0 0 16 0 0 0 0 0 0 0 31 24 0 15 0 11 27 49 0 18 0 14 0 0 25 0 50 0 0 0 0 0 10 0 0 0 0 0 22 0 37 0 12 0 0 0 44 24 1 36 0 0 0 0 0 0 22 0 19 45 0 
0 0 0 36 0 0 0 6 0 0 0 0 0 7 0 18 0 0 0 0 0 0 25 0 0 0 0 23 30 0 32 0 30 0 0 23 0 0 29 36 0 0 0 0 0 0 0 46 0 0 50 44 0 0 0 0 0 0 0 23 0 0 42 0 0 0 0 0 3 0 0 0 49 0 0 0 0 0 0 0 0 0 0 9 42 0 0 0 0 18 0 0 0 0 
0 0 0 26 0 0 0 0 17 24 0 0 0 43 0 0 0 0 14 0 0 0 21 22 0 0 9 4 0 18 0 0 0 0 0 0 0 28 0 0 16 0 0 0 0 0 0 0 0 5 0 0 0 0 0 8 0 0 0 0 0 0 0 7 3 7 14 26 0 0 46 0 0 42 41 0 0 0 0 0 0 0 0 0 0 0 0 0 16 0 0 0 0 
0 26 0 0 0 0 0 0 0 0 0 0 0 0 20 0 0 37 0 0 0 0 0 0 0 0 0 0 0 0 0 8 0 25 0 16 0 0 0 0 0 0 0 0 26 0 0 0 0 41 0 15 48 0 0 1 0 0 44 0 0 0 0 0 0 0 0 0 41 0 0 0 11 0 0 0 0 0 47 0 6 0 0 0 0 0 0 0 0 0 0 0 
0 24 0 0 0 0 8 0 0 0 0 0 0 0 0 0 0 0 0 0 43 0 0 0 0 0 0 0 0 0 0 0 22 0 0 0 0 0 41 0 30 0 0 0 0 0 34 0 0 0 0 0 15 12 0 0 29 0 0 0 0 19 0 0 24 0 0 0 0 0 0 0 0 0 0 0 0 0 0 6 34 0 5 0 0 22 19 13 0 0 0 
16 0 0 0 0 19 0 0 42 0 29 15 0 0 0 11 0 0 0 0 0 27 0 4 0 0 0 11 42 0 7 0 36 0 0 0 0 0 0 26 4 42 31 0 0 0 42 0 0 0 0 0 0 5 0 49 0 0 0 0 0 28 31 0 0 47 24 44 0 0 0 0 38 0 0 0 43 0 0 0 0 0 0 0 0 0 0 0 0 8 
0 0 0 14 0 0 16 0 0 0 0 0 0 0 0 0 0 0 0 0 0 0 0 0 0 0 0 0 0 0 31 0 0 0 0 0 0 12 0 0 0 0 33 0 15 0 0 4 12 0 0 0 0 0 0 0 0 0 0 0 0 0 3 0 0 0 33 0 0 38 0 35 7 0 0 0 48 0 0 10 0 0 0 0 0 0 0 0 0 
20 23 0 0 0 0 0 0 0 28 10 0 0 0 0 0 20 19 0 0 0 0 0 0 21 0 0 0 0 0 0 0 25 0 0 0 20 0 20 0 25 12 0 0 0 35 0 0 29 30 43 0 43 12 0 0 17 0 0 0 0 0 24 15 45 16 0 46 0 0 0 0 0 0 0 0 0 0 0 2 23 0 0 24 0 0 2 0 
0 0 0 0 0 0 0 0 0 0 22 0 43 0 0 48 0 0 0 18 21 18 0 0 0 0 0 7 0 0 0 1 0 0 0 0 0 40 0 46 0 20 35 0 0 0 47 0 23 0 0 0 0 0 0 47 0 0 0 0 0 0 10 12 0 0 0 0 0 0 0 4 12 0 8 0 0 0 0 10 0 0 9 0 0 0 0 
0 3 0 19 16 0 0 0 0 0 0 0 0 0 0 10 0 0 0 0 0 0 0 0 0 0 0 0 0 30 42 0 0 23 0 35 0 0 0 2 0 0 0 0 0 0 0 0 0 42 0 0 42 0 0 21 0 0 0 0 0 0 20 0 0 0 42 0 0 0 0 0 49 0 0 0 0 23 0 0 42 47 0 0 0 0 
0 43 0 5 0 9 0 10 0 0 0 0 0 4 0 10 31 13 0 0 33 0 0 13 0 0 41 0 0 0 0 0 37 0 0 4 14 0 0 0 11 16 0 0 0 0 0 0 0 1 0 0 0 0 0 0 0 2 0 40 0 0 0 0 0 0 0 0 4 9 28 37 0 0 0 5 0 0 17 29 0 0 28 0 19 
0 0 0 0 0 0 0 0 0 0 31 0 0 0 10 34 0 0 0 0 38 0 0 0 0 33 0 0 0 0 0 11 0 0 0 0 28 0 0 0 0 0 0 0 0 0 0 44 0 0 0 38 46 11 16 42 0 0 0 0 0 24 0 0 5 0 0 0 0 0 0 0 0 0 40 0 0 0 0 0 35 0 0 0 
25 0 0 0 41 0 0 0 0 0 0 0 31 0 6 0 0 0 0 0 0 0 0 0 0 20 9 0 0 49 0 0 0 0 0 34 5 16 0 0 0 0 0 0 44 37 0 6 0 0 0 10 31 0 0 0 0 50 0 0 0 0 0 0 13 0 0 16 0 0 0 0 16 0 35 0 0 0 0 0 0 0 0 
16 0 0 0 0 0 0 0 12 0 0 0 44 0 0 0 0 0 0 26 0 0 0 0 5 0 0 0 10 0 0 0 0 0 0 0 0 0 0 0 0 1 0 0 24 41 0 0 0 0 0 0 0 1 0 0 0 0 0 0 0 0 0 3 0 24 37 50 0 0 0 28 0 0 0 0 0 0 0 0 0 23 
0 0 0 0 0 35 0 0 0 0 0 0 0 0 0 0 0 0 0 0 0 21 0 0 0 0 0 0 0 0 0 0 0 0 1 0 0 13 0 44 0 0 0 0 0 48 0 0 29 27 0 0 0 0 0 0 0 0 24 0 0 0 0 31 0 0 0 0 45 0 0 0 0 0 15 12 18 0 0 0 0 
0 47 0 0 0 0 50 0 35 0 0 0 0 0 8 0 0 0 0 0 0 0 0 0 26 0 0 0 0 0 0 0 0 49 0 0 0 15 0 7 35 0 0 20 37 35 0 24 0 0 0 0 0 0 47 0 0 0 0 0 0 0 0 0 0 0 0 0 0 0 0 0 0 0 0 4 0 41 0 0 
0 0 0 19 0 0 0 0 16 0 0 0 0 0 0 35 0 0 0 0 0 0 0 0 46 0 0 50 0 30 0 0 0 0 0 0 0 0 0 0 0 0 0 0 0 0 0 0 0 29 29 0 0 0 0 0 0 0 0 9 0 36 0 0 0 0 0 0 0 0 0 15 0 17 0 0 0 0 0 
0 0 0 0 0 0 10 0 0 0 0 0 0 0 0 17 0 0 0 0 0 0 49 0 0 12 0 27 0 0 0 0 0 0 0 0 0 0 40 0 1 0 0 0 0 0 22 0 0 0 0 0 0 25 0 0 0 0 0 35 23 0 0 0 0 0 0 0 0 11 0 26 0 0 0 0 0 0 
0 0 38 10 43 46 0 0 0 0 14 26 4 0 0 0 0 0 48 27 0 0 0 0 0 13 41 44 0 0 35 0 0 28 0 42 0 0 35 20 0 0 0 0 0 0 0 25 0 0 0 0 0 29 0 0 15 0 2 0 0 0 43 0 0 0 0 0 8 0 10 31 0 20 0 0 0 
0 0 0 35 0 0 0 0 0 0 0 0 0 0 0 3 0 10 0 0 32 0 0 0 0 0 0 0 3 0 0 0 0 0 0 16 0 0 0 0 0 0 43 11 0 0 44 0 0 0 0 0 0 0 44 0 0 0 0 0 0 0 0 25 0 0 0 0 0 10 0 0 0 0 0 0 
0 0 0 0 5 14 0 36 9 0 24 0 0 0 9 19 0 0 6 0 0 0 0 0 0 0 0 18 0 0 0 0 0 0 0 33 16 0 0 0 0 0 0 0 44 0 0 0 0 37 0 0 0 0 0 29 0 46 0 0 0 0 49 44 0 0 0 0 0 0 0 48 0 26 0 
6 1 0 0 2 0 0 0 42 0 0 39 3 0 0 2 0 0 0 35 0 0 0 0 0 0 0 0 0 0 24 13 0 0 0 0 0 38 0 0 0 0 30 42 15 0 0 0 0 47 0 0 0 32 1 46 0 17 0 0 0 0 0 0 0 0 0 0 2 32 0 39 0 0 
0 10 20 30 0 0 0 0 0 0 0 0 0 0 0 0 47 0 0 0 5 0 42 0 0 0 0 25 0 0 28 19 0 0 2 0 0 46 0 0 0 0 0 0 0 0 0 8 0 0 0 19 5 0 0 4 0 37 0 0 0 0 47 0 0 0 0 0 36 0 0 3 22 
0 8 26 19 0 0 0 40 0 0 0 30 0 17 0 0 0 0 0 0 0 0 0 21 0 0 0 0 0 0 0 0 0 0 0 40 0 0 0 0 19 0 0 0 0 0 0 0 0 0 0 0 0 18 0 0 21 0 0 0 0 0 0 0 0 0 36 0 6 0 0 0 
0 0 11 0 0 0 0 0 0 41 17 0 0 0 0 0 0 0 33 9 0 33 44 0 0 0 50 0 41 33 0 0 0 0 0 0 0 4 0 0 0 0 0 0 0 0 17 0 0 0 0 0 0 0 0 18 0 0 29 0 0 0 0 0 0 42 0 0 0 0 0 
0 0 0 11 0 0 23 0 43 0 0 0 0 0 0 13 0 0 0 0 0 0 0 0 35 10 0 0 0 11 23 0 0 12 0 6 0 0 0 0 0 0 0 47 0 0 9 42 48 0 0 0 30 0 0 33 0 0 0 48 0 35 19 0 0 0 0 0 0 0 
0 0 46 0 0 0 0 0 0 0 0 0 0 0 29 0 0 39 32 10 44 0 44 0 0 0 7 0 0 0 0 0 0 21 0 0 35 0 33 0 0 0 0 0 0 5 21 0 0 0 0 0 10 0 24 45 8 0 0 0 23 0 0 10 26 0 40 0 0 
0 0 0 0 0 0 0 0 0 48 0 2 0 0 0 18 0 49 0 0 0 0 0 0 0 0 0 47 0 0 0 0 38 5 0 29 29 0 44 0 0 0 43 4 0 0 0 0 0 20 0 0 0 48 0 0 1 24 0 0 0 0 0 0 0 0 0 0 
0 37 0 25 30 0 0 0 0 0 0 40 0 0 3 34 44 14 13 0 47 0 0 0 0 0 45 0 0 20 0 0 0 0 49 0 45 0 23 0 0 25 0 0 36 37 0 17 0 0 0 0 0 0 0 0 0 49 21 17 0 0 0 0 23 0 0 
0 0 0 0 0 44 0 0 0 7 22 0 0 0 0 0 0 0 20 0 15 0 0 26 0 0 0 45 0 0 0 0 46 0 0 0 0 0 0 0 0 44 0 0 0 0 26 49 0 25 0 0 0 0 37 20 0 0 0 0 0 0 33 38 0 4 
0 0 0 0 27 0 32 0 0 0 0 0 0 26 0 0 0 0 0 0 0 0 0 0 8 0 0 0 24 0 0 0 0 0 0 32 32 0 0 43 1 0 7 0 0 34 0 0 21 50 0 29 12 0 44 0 0 0 31 0 0 0 0 47 0 
0 0 11 0 0 0 35 0 0 0 0 0 0 0 0 8 0 2 0 0 49 0 0 0 0 0 33 0 32 0 0 0 0 0 0 16 0 0 0 0 0 0 33 0 0 32 45 24 0 0 0 0 0 0 0 0 46 0 0 38 0 29 0 0 
0 0 1 37 0 38 0 0 0 0 0 0 0 46 0 27 0 0 18 0 0 0 0 38 0 0 4 0 0 22 0 5 0 6 0 33 0 0 0 0 0 0 0 0 0 0 16 0 0 0 0 7 0 43 15 0 0 32 46 39 0 0 0 
0 6 0 0 0 0 11 0 0 0 35 0 0 0 0 18 0 0 13 0 0 0 0 5 0 13 0 0 0 0 0 0 0 50 8 0 0 0 0 0 0 0 0 0 0 0 0 0 0 3 0 0 0 0 0 0 0 0 25 0 0 0 
39 0 42 0 0 9 0 33 0 0 0 44 0 0 0 0 0 0 28 0 23 0 0 35 6 0 0 0 0 0 39 7 0 17 0 0 0 43 0 0 0 0 0 0 41 0 0 23 0 28 0 0 0 0 0 0 0 0 0 0 47 
0 0 0 0 38 44 0 0 0 47 0 0 0 0 15 3 32 0 0 0 0 0 23 0 0 0 0 0 0 0 0 0 0 0 43 0 0 0 0 0 0 0 0 0 0 0 0 0 0 0 0 0 0 0 0 0 0 48 0 0 
0 0 0 0 0 0 0 0 0 0 0 0 49 0 39 0 0 0 0 0 0 26 42 0 0 0 0 0 0 15 0 0 16 11 0 0 0 0 0 0 0 0 0 0 0 15 0 0 19 0 30 0 0 0 0 0 0 0 47 
0 0 13 48 0 0 0 0 0 46 45 0 0 0 19 42 0 0 0 0 46 0 0 42 0 30 0 0 0 0 6 0 0 41 0 0 0 0 0 45 0 0 0 43 0 0 18 0 0 0 33 0 15 0 0 0 44 0 
0 28 0 0 0 0 0 0 0 0 0 0 0 33 0 0 0 0 24 2 0 0 0 50 40 14 0 0 0 36 0 0 0 0 0 40 0 0 0 0 0 0 0 0 0 0 0 0 0 0 0 0 0 0 35 0 0 
0 39 0 33 0 0 0 0 0 0 0 0 34 21 0 0 0 8 0 11 0 0 0 0 0 0 44 0 0 0 0 30 0 0 0 0 0 0 0 0 0 0 0 0 0 0 0 0 8 25 0 23 43 0 38 0 
0 0 0 0 0 0 0 23 42 0 0 0 0 0 0 49 0 0 0 0 0 0 0 0 20 0 38 25 0 0 0 12 19 0 0 0 0 47 0 0 0 0 0 7 0 15 0 0 0 2 0 0 0 0 0 
0 5 0 0 0 21 0 0 0 0 0 0 39 0 40 0 0 0 0 0 19 0 40 0 0 39 0 29 0 0 0 0 0 0 17 0 0 0 0 0 0 0 6 48 0 0 0 0 0 0 0 0 0 0 
0 0 29 42 0 0 49 0 0 0 0 0 0 5 27 0 0 0 0 0 0 0 0 0 0 0 0 0 0 0 0 0 46 0 0 0 11 0 0 0 0 0 0 0 0 0 1 14 0 0 0 0 0 
39 0 0 0 0 0 0 0 0 22 0 0 0 0 0 0 0 0 0 0 0 0 0 0 0 0 0 0 0 0 0 0 0 0 0 0 0 31 41 0 0 0 29 0 0 0 0 0 5 0 0 4 
0 0 19 0 0 0 0 0 48 0 0 21 0 0 0 37 0 21 0 0 0 13 44 0 0 0 0 45 0 0 11 16 0 0 0 0 24 0 32 0 0 0 5 0 45 0 0 12 0 0 0 
0 0 0 0 27 45 0 0 47 0 13 15 0 25 0 0 0 0 0 28 0 0 0 0 0 0 24 0 0 0 0 0 0 0 0 0 32 21 0 0 0 0 0 0 0 0 18 20 0 0 
0 0 37 33 0 0 0 0 0 0 48 47 0 0 0 25 0 36 0 0 0 0 0 45 0 0 0 0 0 0 0 28 0 0 0 0 0 0 0 5 27 23 38 0 23 0 0 45 45 
0 50 0 0 0 0 0 46 0 32 0 0 0 0 0 0 0 0 0 0 0 0 0 46 0 0 0 0 0 16 0 0 4 31 0 0 0 0 0 0 0 24 0 2 0 0 6 0 
0 0 0 0 0 0 0 0 34 0 0 0 0 0 0 0 42 0 0 0 0 0 20 29 0 42 0 0 0 0 0 16 27 0 0 0 0 0 5 20 0 0 0 36 0 0 0 
0 0 0 0 0 9 0 0 0 0 36 23 0 0 0 0 0 0 0 0 0 0 0 0 0 0 0 0 0 0 0 0 0 0 0 0 0 0 0 0 24 16 0 0 15 18 
0 0 0 0 0 0 0 0 0 0 0 0 0 0 0 0 31 0 0 0 0 0 48 0 46 0 0 0 13 11 0 0 0 0 0 0 0 45 0 0 0 0 0 0 0 
25 0 0 0 42 0 0 0 0 35 0 0 39 40 0 0 0 0 0 0 42 0 0 0 0 0 0 0 0 0 0 0 0 0 0 0 0 22 0 0 0 33 0 48 
0 1 0 0 0 21 0 0 0 35 0 0 0 44 0 0 0 0 0 0 0 0 0 0 0 0 49 0 0 0 0 0 9 0 0 50 0 0 0 0 0 0 0 
0 0 0 21 0 0 0 11 9 46 0 0 0 0 0 0 0 0 0 0 0 0 0 28 0 0 14 0 0 0 36 0 0 0 43 0 0 0 0 0 0 0 
38 0 0 24 0 0 7 0 0 0 0 27 0 0 4 3 44 0 0 0 33 0 0 0 0 0 0 0 27 0 43 0 0 33 29 0 0 1 0 0 0 
0 0 0 0 0 0 0 0 0 0 0 0 0 17 0 0 0 0 14 0 0 20 0 8 0 19 0 23 0 0 14 0 0 0 0 0 0 0 0 32 
0 0 47 10 26 0 40 0 26 0 14 0 0 0 0 0 4 0 50 0 0 0 0 0 0 0 0 0 0 0 0 20 0 0 0 0 0 0 0 
0 0 49 0 0 0 0 0 36 0 27 0 0 0 0 0 0 48 29 0 0 49 0 5 46 0 38 0 0 0 0 0 0 0 13 0 0 0 
0 0 0 0 0 0 0 0 0 17 5 0 0 0 0 0 0 0 0 12 47 0 0 0 0 0 20 16 50 37 0 0 0 0 31 0 0 
0 19 27 0 0 0 0 0 0 0 0 0 13 43 0 34 20 0 17 31 0 0 0 0 0 0 19 30 0 0 0 41 0 0 0 0 
0 0 0 0 0 14 18 0 0 0 0 0 0 0 0 0 0 0 19 0 0 0 0 0 0 0 0 0 0 0 46 0 0 0 0 
0 0 14 0 0 0 41 28 0 31 0 0 0 0 0 0 0 0 21 0 6 0 0 23 3 0 50 33 0 0 0 0 0 35 
0 0 1 29 0 19 0 0 0 0 15 48 25 0 0 0 18 0 39 26 0 0 0 0 0 10 21 0 0 0 47 50 0 
0 8 0 0 37 50 0 26 0 0 0 0 0 0 0 0 0 0 0 16 0 0 42 0 0 39 0 35 0 34 0 18 
0 0 0 48 50 26 25 0 9 0 0 0 0 0 0 6 0 0 0 21 0 42 0 0 0 39 0 0 0 9 14 
0 0 0 0 0 0 0 0 6 0 0 4 0 18 0 0 0 0 0 0 21 47 0 28 0 0 0 16 0 0 
0 0 0 0 0 0 0 0 0 0 0 0 26 0 0 0 0 0 0 0 0 0 0 0 0 34 0 0 16 
0 0 0 0 4 33 0 0 0 0 0 0 45 36 0 0 0 0 0 0 0 44 0 7 0 20 49 0 
0 19 0 0 0 34 0 0 0 17 0 0 0 0 19 0 0 0 0 0 0 0 0 0 0 0 0 
0 45 0 0 29 0 0 0 0 0 10 0 0 0 0 0 0 0 0 0 0 0 0 0 0 0 
0 0 0 0 35 27 21 0 0 23 0 0 0 0 23 0 0 32 0 0 0 25 0 0 0 
0 0 6 42 0 0 0 0 0 0 0 26 0 0 32 0 27 0 0 0 0 0 15 0 
0 0 9 0 0 3 0 0 0 0 3 0 0 29 46 0 0 0 45 0 0 0 28 
0 0 38 0 0 0 0 23 0 0 0 0 0 35 0 41 0 20 30 0 0 0 
0 0 0 0 0 0 22 0 0 0 0 0 0 48 0 0 0 0 0 0 0 
0 38 4 0 0 0 13 0 0 0 0 0 0 23 46 0 0 0 0 0 
0 0 0 37 0 0 0 0 0 17 0 0 0 0 0 0 0 8 0 
17 11 0 0 0 0 0 0 7 17 0 1 0 0 0 0 0 0 
0 0 0 0 0 0 0 0 0 36 1 0 0 0 0 0 0 
0 30 0 20 0 0 0 19 0 0 0 0 0 0 11 0 
0 22 0 0 35 47 0 0 0 0 0 26 50 18 0 
0 0 32 0 0 0 41 0 0 0 0 0 0 2 
0 6 0 0 0 0 0 0 0 0 0 0 0 
0 0 13 0 0 11 0 0 33 20 21 0 
45 0 0 0 0 0 0 0 0 0 0 
0 0 0 0 0 16 0 0 0 0 
0 26 0 0 0 0 0 36 0 
0 31 0 0 0 15 0 2 
0 0 0 0 19 0 15 
13 0 0 24 49 0 
0 0 0 0 0 
0 26 0 0 
33 0 1 
0 0 
0 

1 24
1 28
1 60
1 71
1 88
1 97
2 31
2 54
2 63
2 71
3 13
3 34
3 42
4 13
4 23
4 44
4 50
5 48
5 77
6 8
6 93
7 9
7 44
7 62
7 98
8 20
8 27
8 45
8 69
8 99
9 17
9 19
9 36
9 37
9 44
9 45
10 37
10 46
10 74
10 93
10 98
11 17
11 41
11 58
11 65
11 95
12 16
12 20
12 73
13 16
13 22
13 30
13 67
13 84
14 31
14 39
14 47
14 62
14 83
15 74
15 77
16 17
17 31
17 60
17 61
18 44
19 50
19 93
20 56
21 59
21 73
21 94
21 96
22 47
22 86
23 45
23 88
24 75
25 71
25 98
26 52
26 89
26 97
27 51
27 52
27 98
28 60
28 63
28 79
28 87
29 80
29 81
30 42
30 47
30 67
30 98
30 100
31 42
31 56
31 99
32 36
32 57
32 61
32 73
32 79
33 43
33 80
33 87
34 37
34 64
34 68
35 63
36 53
37 45
37 54
38 46
38 70
38 77
38 83
39 53
39 78
40 90
40 97
41 45
42 71
42 85
42 94
43 48
43 76
43 83
44 49
45 57
46 66
46 71
46 85
46 94
46 95
46 96
47 74
49 75
49 98
50 57
50 86
51 68
52 63
52 90
53 64
53 83
54 75
54 78
55 62
55 69
56 59
56 75
57 69
57 72
57 88
57 89
57 91
57 92
58 75
59 65
59 79
61 85
62 78
63 67
63 94
64 89
64 95
65 86
65 100
66 72
66 75
66 81
66 82
68 71
69 82
69 87
72 95
73 80
74 93
74 96
75 86
76 86
76 95
77 79
77 81
78 91
79 89
81 89
81 92
83 84
84 100
86 88
86 92
89 97
91 94
96 97
