100 198 1000

84 57 81 93 71 35 68 19 45 24
102 108 70 44 80 14 94 105 99 53
16 110 76 42 29 22 49 45 93 46
37 19 106 45 21 109 38 37 43 76
86 64 64 90 89 87 99 39 17 80
37 13 43 67 36 30 34 33 72 87
106 100 80 35 92 99 26 66 105 90
70 64 33 56 45 54 33 61 27 86
68 27 98 28 99 12 30 74 108 49
55 106 86 19 86 27 48 19 73 40

74 47 71 83 61 25 58 9 35 14
92 98 60 34 70 4 84 95 89 43
6 100 66 32 19 12 39 35 83 36
27 9 96 35 11 99 28 27 33 66
76 54 54 80 79 77 89 29 7 70
27 3 33 57 26 20 24 23 62 77
96 90 70 25 82 89 16 56 95 80
60 54 23 46 35 44 23 51 17 76
58 17 88 18 89 2 20 64 98 39
45 96 76 9 76 17 38 9 63 30

0 0 1 0 0 0 0 0 0 0 0 45 0 0 39 0 0 0 0 12 0 47 0 45 0 0 0 0 0 0 0 0 0 0 0 0 0 0 0 0 0 0 0 0 5 2 0 40 28 0 0 0 0 0 0 0 0 0 0 0 0 14 0 0 0 0 0 0 0 16 8 29 0 0 0 48 19 15 0 0 29 0 41 0 21 0 0 41 0 0 0 0 0 0 0 37 0 0 0 
0 0 0 0 8 0 0 0 0 0 0 0 0 0 0 0 0 0 35 0 0 0 0 0 0 0 0 0 0 46 29 0 0 0 0 0 0 0 17 45 0 0 0 0 0 0 0 0 0 0 0 0 0 48 0 0 37 7 38 0 0 50 0 0 0 37 0 0 1 5 0 0 12 0 0 0 0 0 0 0 44 0 0 31 0 0 0 0 0 0 0 0 0 0 0 0 0 0 
0 0 0 0 0 15 0 0 0 41 0 0 0 0 0 35 0 46 0 0 28 0 0 44 7 0 0 0 5 0 0 0 0 35 22 0 18 0 0 46 0 26 46 11 0 0 0 33 0 0 0 0 0 0 0 0 0 0 39 0 0 0 0 0 0 0 0 0 0 29 0 0 0 0 0 0 0 16 0 0 0 0 0 0 0 0 0 0 22 0 0 0 0 0 0 0 0 
0 0 0 0 0 0 39 0 0 30 0 21 0 0 0 0 0 0 0 4 0 44 0 0 48 0 0 0 0 0 41 10 0 0 0 0 0 1 0 0 0 0 26 6 0 0 0 0 15 0 0 2 0 0 0 5 46 0 14 31 26 28 2 0 7 11 0 0 13 24 0 0 19 0 0 0 0 0 0 0 0 0 0 0 0 49 0 0 0 0 30 0 0 45 0 38 
0 43 0 0 0 16 0 0 0 0 0 0 0 0 0 0 0 0 2 0 0 42 0 0 0 0 0 0 0 0 0 0 0 0 3 44 0 46 0 0 0 0 0 0 0 0 35 0 0 0 26 4 0 1 0 0 7 0 50 0 5 0 0 0 0 0 25 0 21 35 0 0 0 0 0 0 13 0 0 0 0 45 0 17 0 0 0 0 25 0 0 33 0 0 0 
0 0 0 0 0 0 0 0 17 35 0 0 0 0 0 0 0 5 0 0 0 0 0 0 0 0 0 0 0 14 0 28 0 4 0 0 0 0 0 0 37 0 0 22 0 0 0 0 0 0 0 0 36 37 0 0 17 0 0 0 0 0 23 24 33 2 0 0 0 0 6 0 0 0 48 0 0 0 0 0 0 0 0 0 0 46 10 0 0 0 0 0 39 0 
0 0 0 0 0 0 0 0 16 23 0 0 0 0 0 40 0 50 0 0 0 0 0 0 10 0 12 0 14 33 0 0 0 0 0 0 0 0 0 35 0 24 0 0 0 0 40 0 0 0 24 0 0 9 0 25 46 0 0 0 0 0 0 0 0 0 0 35 0 0 0 0 0 37 0 0 0 0 0 23 0 0 0 0 0 0 0 0 41 0 0 0 0 
14 0 0 37 0 25 0 0 35 0 0 0 0 0 0 26 0 0 0 0 12 0 0 4 0 0 0 0 0 31 42 21 0 0 42 0 0 16 0 49 0 50 0 0 0 0 47 0 0 30 0 0 29 0 0 0 50 0 0 0 0 50 0 0 0 0 0 0 0 0 13 0 0 0 0 0 0 0 0 27 0 0 0 43 0 42 0 0 0 0 42 0 
0 0 0 50 0 0 0 0 0 19 0 0 0 0 0 0 0 0 0 22 4 0 50 0 0 0 0 0 0 15 0 0 35 0 0 0 0 0 0 0 11 0 0 0 0 0 0 0 0 13 0 0 0 0 0 0 0 0 46 45 0 0 0 0 0 0 0 0 0 0 0 0 0 24 48 0 0 0 0 13 0 0 4 0 0 0 24 0 0 0 0 
23 0 0 0 0 0 0 0 0 0 0 0 0 0 0 0 0 0 36 41 0 0 0 0 0 31 48 0 0 0 0 0 0 25 0 0 0 0 0 0 41 0 28 0 0 0 0 0 39 0 0 0 0 0 0 0 0 0 0 0 37 0 0 0 0 10 31 0 0 25 0 41 3 0 0 0 46 0 0 0 0 0 0 0 0 0 0 0 0 1 
0 0 48 39 0 17 0 0 0 0 31 0 0 46 0 0 0 0 0 9 0 0 0 0 0 34 0 4 0 0 0 0 23 0 0 0 0 0 22 0 0 0 0 0 22 0 0 0 0 0 0 0 0 0 33 0 26 0 0 0 44 0 20 16 0 0 0 4 9 0 0 38 0 0 0 9 35 0 0 0 0 0 0 0 0 39 0 0 0 
0 0 0 0 33 4 0 0 21 0 0 0 0 0 0 0 0 12 0 11 0 0 0 0 0 0 0 0 0 22 2 0 0 0 0 0 0 0 0 0 0 0 0 0 0 44 0 10 0 0 0 0 0 23 32 0 0 0 5 0 0 0 0 0 0 0 0 33 0 0 0 0 6 0 0 0 0 0 0 0 40 0 0 0 20 0 0 0 
0 0 20 43 34 0 0 46 0 0 0 0 18 44 17 0 0 0 0 0 40 0 37 0 0 0 0 0 0 0 0 38 0 0 0 0 46 0 0 0 0 17 44 0 0 0 0 0 0 0 0 0 0 0 0 0 0 0 0 48 0 0 0 0 0 0 9 0 44 0 0 11 0 0 0 0 0 0 0 0 0 0 42 0 0 0 0 
0 20 0 0 0 0 0 0 0 0 0 0 34 0 0 0 0 0 0 7 0 0 0 0 0 0 0 0 3 0 31 11 20 0 0 0 46 0 0 0 0 0 39 0 0 0 0 0 10 0 0 43 0 0 0 0 0 0 0 0 0 0 13 0 0 0 37 32 0 0 0 0 0 0 0 0 0 46 0 0 0 30 16 0 41 42 
25 0 9 2 0 0 0 0 0 0 0 9 10 0 0 0 0 0 0 47 4 0 45 0 0 13 0 0 0 0 23 0 48 0 35 0 5 0 0 3 0 0 0 0 0 0 0 0 42 14 0 42 4 0 10 0 0 0 0 0 12 0 3 0 0 0 28 49 0 0 37 0 0 0 0 0 0 49 48 0 24 0 39 0 44 
0 39 0 0 26 0 1 0 46 0 0 0 10 0 0 0 0 13 0 0 0 5 0 0 0 12 0 0 0 0 0 0 0 39 0 10 0 0 36 0 0 25 0 0 0 0 0 23 0 18 44 0 9 0 0 0 0 0 23 0 0 23 0 0 14 0 0 0 0 0 0 0 0 0 29 0 0 0 0 15 0 0 48 0 
0 31 0 0 0 9 0 0 0 0 7 0 0 0 0 0 0 39 0 0 12 0 0 0 0 0 0 39 0 0 0 0 0 0 0 47 28 0 0 40 0 50 0 33 0 0 8 17 9 23 0 35 0 0 44 0 0 27 0 0 0 0 0 0 0 0 0 0 0 0 0 0 0 35 34 0 0 0 0 0 0 0 0 
0 0 0 0 0 0 0 0 0 0 0 0 0 0 0 0 11 0 44 0 35 0 0 0 16 0 14 0 0 38 0 1 0 43 0 0 0 0 41 19 24 0 0 0 0 0 0 28 0 19 0 32 0 0 0 30 0 13 0 0 0 0 31 0 41 0 0 0 0 0 0 0 0 0 36 0 0 0 0 0 0 2 
0 0 0 0 0 0 0 42 0 0 0 0 0 0 0 0 0 0 0 0 0 0 0 1 4 0 0 0 0 0 0 11 15 0 0 0 0 0 0 23 0 23 0 0 0 0 0 6 0 40 38 4 0 0 0 0 0 0 9 36 34 0 0 0 0 0 8 0 0 0 0 0 0 16 0 0 21 0 8 0 0 
0 0 0 0 7 0 0 0 0 0 0 0 0 0 0 41 0 42 0 0 0 0 0 0 0 0 0 36 12 0 49 0 0 0 0 6 0 6 0 36 18 0 0 0 36 0 0 0 13 0 0 0 0 0 26 0 0 25 0 0 0 0 4 0 0 0 0 0 0 35 0 0 0 0 0 41 0 18 0 37 
0 41 0 0 0 0 0 0 0 0 47 35 0 0 21 14 0 0 22 0 0 0 0 0 45 44 0 0 0 0 44 45 0 0 0 0 37 0 0 0 41 0 0 0 0 0 0 0 44 0 0 0 9 0 34 0 0 0 0 0 41 0 0 7 0 0 0 32 0 5 0 0 0 46 0 0 40 0 0 
0 0 0 24 3 20 0 0 0 0 0 8 33 0 45 0 0 0 47 32 0 0 0 0 0 49 0 0 0 0 0 33 0 0 0 0 33 0 0 0 30 0 0 0 0 0 0 41 0 37 0 0 0 0 0 0 0 0 0 0 46 0 0 0 0 0 0 0 0 50 0 0 0 22 5 0 0 0 
0 0 0 0 0 0 0 0 0 0 0 0 0 17 0 0 0 0 0 0 0 0 45 0 0 0 0 0 15 16 0 0 44 0 0 21 0 7 0 0 28 0 0 0 0 0 0 0 0 42 0 0 0 0 0 0 0 0 17 0 0 0 0 0 0 0 0 0 49 0 27 0 0 0 35 0 0 
6 20 0 0 16 0 0 0 0 0 0 0 7 0 23 0 0 0 0 38 0 0 0 0 14 0 0 14 50 0 0 0 14 0 3 0 38 0 0 0 44 0 0 0 0 0 0 0 0 0 0 0 0 0 0 0 44 0 33 35 0 0 0 0 0 0 0 0 9 0 0 0 0 0 0 0 
0 0 0 34 0 0 13 0 28 6 0 0 0 0 0 10 0 0 0 0 19 6 21 8 0 0 45 0 0 20 0 44 2 0 17 0 0 0 0 0 0 0 0 0 0 4 0 0 0 0 0 0 46 0 0 0 28 0 0 0 0 0 0 21 0 39 0 0 0 46 31 0 15 0 50 
9 0 0 0 0 0 0 0 0 0 24 0 0 0 0 0 0 0 0 0 0 0 0 0 0 0 0 0 0 13 41 0 0 0 0 0 0 47 0 0 11 0 0 0 48 0 0 0 40 0 0 0 21 0 0 0 0 0 44 0 15 47 0 37 0 0 0 0 0 0 40 0 0 0 
0 0 0 23 0 0 0 0 0 38 35 0 8 0 2 0 36 0 0 27 28 0 0 0 0 34 0 28 0 0 0 0 0 45 0 0 0 0 0 0 0 0 0 34 0 0 0 0 0 0 0 0 0 0 0 0 0 44 0 0 0 0 0 0 0 25 0 30 9 0 0 0 0 
0 0 0 0 0 0 0 0 0 0 0 25 30 0 25 1 0 0 6 0 0 0 0 0 0 0 40 0 0 0 0 0 8 0 0 0 43 0 0 0 46 0 0 0 32 0 0 42 0 7 0 0 27 0 0 0 0 0 0 0 42 0 0 0 0 0 0 0 0 0 0 6 
0 0 38 0 0 0 0 0 0 0 0 0 10 33 0 32 0 0 4 24 8 0 0 0 31 17 11 0 0 38 0 0 41 50 19 0 0 0 29 0 0 40 0 0 0 0 32 0 13 25 0 5 0 0 0 0 12 0 0 0 0 0 0 0 0 0 0 0 0 0 0 
0 0 0 0 49 0 0 0 0 0 0 0 44 0 0 0 48 0 31 18 0 0 0 0 38 0 0 0 0 24 0 0 0 5 0 35 0 0 0 0 5 0 0 0 14 0 26 0 0 0 0 0 0 0 0 0 3 0 0 3 0 30 0 48 0 20 5 23 0 0 
9 5 0 48 0 11 0 0 0 0 14 5 0 0 28 0 0 0 0 0 0 0 0 49 0 35 0 0 0 8 0 37 38 34 14 0 0 0 0 0 0 0 0 0 0 0 0 32 0 17 0 0 0 0 0 0 0 0 0 0 26 34 0 33 35 0 0 0 0 
47 0 0 0 44 0 0 0 0 0 0 0 49 0 0 0 0 0 0 0 0 0 50 0 22 0 0 0 0 0 0 4 0 16 0 0 0 0 0 0 25 0 16 0 0 14 0 0 34 25 0 33 23 0 27 0 0 0 17 0 7 0 47 0 0 18 0 0 
0 0 0 0 0 0 0 0 0 0 38 0 1 0 0 0 0 0 0 0 0 12 0 0 16 0 0 0 30 3 0 43 0 0 16 0 0 49 0 0 0 0 0 0 0 0 0 0 0 0 35 0 0 0 0 0 16 0 0 24 0 0 0 2 10 0 0 
0 0 0 0 0 0 19 0 0 0 43 0 0 0 0 18 17 0 0 0 0 0 0 0 0 5 0 0 0 9 0 0 0 30 0 21 0 40 37 40 0 0 0 0 0 22 7 20 0 0 0 0 13 0 0 0 0 0 0 0 33 0 0 49 37 0 
0 0 9 0 0 0 0 0 0 0 0 0 0 0 0 4 0 0 0 0 0 0 0 0 35 0 0 0 0 0 0 0 0 0 0 0 47 0 0 10 0 0 0 0 40 39 0 29 0 15 0 0 0 0 5 23 0 20 4 5 0 0 0 0 0 
42 0 0 0 34 9 28 0 0 0 0 0 12 0 0 0 0 25 0 8 0 1 0 0 0 0 4 0 0 0 0 5 0 0 0 0 0 21 0 20 26 12 0 0 0 0 0 0 0 39 0 37 0 33 20 3 0 0 1 0 0 0 0 0 
0 0 0 0 0 0 41 0 0 0 49 0 0 45 0 40 0 5 23 0 1 0 0 0 0 0 0 0 30 0 0 0 0 0 0 0 12 4 20 0 0 0 14 0 0 0 5 0 0 0 16 0 0 0 0 0 0 37 0 0 0 0 0 
0 0 0 0 0 0 26 0 0 0 0 0 31 21 0 0 44 0 0 0 10 0 0 0 0 0 32 0 0 0 0 0 24 47 0 0 0 0 0 46 0 0 28 0 0 0 0 0 0 30 35 0 0 0 0 0 16 11 0 0 37 0 
0 0 7 0 0 0 0 0 0 0 0 1 0 0 0 0 0 29 13 0 0 29 0 0 0 0 45 23 2 0 0 0 0 0 0 0 0 4 0 0 0 43 0 6 0 0 49 28 0 0 0 17 0 21 0 5 4 0 0 0 0 
0 0 0 39 37 0 0 0 0 0 0 0 0 0 0 0 0 0 0 3 0 0 0 0 0 0 0 44 0 0 1 0 0 32 0 0 0 0 26 0 0 25 0 0 26 0 0 0 0 46 7 0 0 47 35 0 0 0 11 0 
0 0 0 0 0 0 0 42 0 0 0 0 0 0 0 0 0 0 18 10 0 39 37 0 0 0 0 0 0 38 27 0 0 0 25 0 30 0 0 0 0 31 6 0 0 0 0 9 0 6 0 46 0 0 18 37 23 35 0 
0 0 0 0 0 41 6 26 0 0 0 35 13 0 0 0 12 0 0 0 23 41 7 0 0 0 0 0 0 0 35 0 0 0 0 0 0 0 0 0 0 0 0 8 0 0 0 3 0 0 0 0 30 0 33 0 0 0 
0 1 0 0 0 0 0 34 0 0 0 0 24 32 0 0 0 0 49 0 0 0 0 0 0 0 0 0 0 0 0 35 0 38 0 0 0 0 14 41 0 0 0 48 0 0 0 0 0 0 0 0 0 0 0 4 0 
6 0 0 0 0 0 0 2 0 33 0 0 1 8 0 0 0 0 0 0 0 0 0 0 0 0 0 0 0 0 0 0 0 0 13 0 0 0 0 10 0 0 0 0 43 0 0 0 0 32 0 0 0 15 0 0 
0 3 0 0 0 37 0 0 0 0 0 0 0 0 15 0 9 0 0 0 0 0 0 0 0 0 41 0 0 0 0 0 0 40 0 0 0 32 0 43 0 0 0 0 0 0 0 0 19 15 0 0 0 0 0 
0 0 0 0 0 0 0 0 42 0 0 0 44 0 0 0 0 42 0 27 0 0 0 0 0 0 0 0 0 0 0 0 0 20 26 0 0 0 0 37 0 0 7 0 0 36 0 0 0 0 0 0 3 0 
0 0 0 0 0 0 0 0 0 0 6 26 0 0 28 6 0 0 0 0 0 0 0 16 0 0 0 44 0 0 0 0 0 0 0 0 0 0 0 13 0 0 14 0 37 0 0 0 41 0 0 0 0 
32 0 8 0 0 0 0 0 0 0 12 0 40 0 21 0 0 0 39 0 0 49 0 0 29 0 0 0 0 0 0 0 0 0 0 0 0 12 0 0 0 0 0 0 48 0 0 0 0 0 0 0 
0 0 0 48 0 0 0 42 0 0 0 0 7 0 0 0 0 16 0 0 0 0 11 0 0 0 0 0 0 0 0 0 50 12 0 5 49 0 13 0 0 0 0 39 0 0 0 0 0 0 14 
0 0 0 49 6 0 0 0 0 0 0 44 0 36 0 0 0 0 41 0 0 8 46 0 0 0 0 0 44 0 0 15 0 0 0 0 0 0 0 0 0 29 0 0 0 0 0 0 28 0 
40 0 0 0 38 0 0 0 10 0 0 0 0 0 0 18 0 0 0 0 0 0 0 0 47 0 0 0 0 0 0 0 18 11 0 0 27 0 0 16 0 0 0 0 0 14 0 0 0 
0 0 0 34 0 0 0 0 0 39 18 7 0 0 0 0 0 0 35 0 3 0 0 0 0 0 0 0 42 0 0 0 29 0 0 0 0 0 8 0 0 0 0 47 0 14 45 0 
22 0 0 0 18 0 0 0 0 48 3 0 0 31 18 0 0 0 0 0 0 35 0 14 0 0 0 0 0 34 17 29 0 7 0 5 0 0 0 0 0 14 0 11 34 0 0 
9 0 17 0 0 44 0 0 37 16 0 20 0 23 0 43 0 0 0 0 0 0 0 47 0 42 0 0 0 0 0 0 0 0 42 0 0 0 0 0 0 27 0 0 0 0 
0 0 0 0 0 12 0 0 0 0 0 0 0 0 0 0 2 2 37 0 0 0 0 0 0 0 0 0 0 0 0 0 0 0 29 0 0 0 0 0 0 0 0 0 0 
36 0 0 0 0 0 0 0 0 0 0 0 0 41 0 0 0 0 0 0 0 0 0 0 0 8 0 0 26 0 0 0 0 0 0 42 0 0 0 0 0 0 0 0 
0 4 0 0 38 0 27 0 25 0 0 0 48 0 7 2 0 0 0 0 0 14 0 0 0 0 0 0 33 45 0 0 44 0 0 0 0 0 0 0 0 0 0 
0 0 0 0 0 0 0 0 0 0 0 27 0 0 0 0 0 0 4 0 22 0 21 0 0 39 31 0 0 0 0 0 0 0 0 0 0 0 0 0 0 0 
0 0 0 0 18 0 0 1 0 0 0 0 28 0 0 0 0 0 0 29 16 35 0 0 0 50 0 0 0 0 44 0 0 0 0 0 0 0 4 0 0 
0 0 0 0 14 1 0 0 31 0 27 0 0 26 0 0 0 24 0 0 0 0 0 0 0 0 0 0 0 0 0 0 2 0 0 0 0 0 30 0 
0 0 0 5 15 0 0 0 0 19 0 0 0 0 17 0 0 0 0 0 0 0 40 0 0 42 0 49 27 0 41 0 0 46 0 0 42 0 0 
0 0 10 0 0 12 0 0 0 46 0 0 0 0 0 41 0 0 0 0 29 8 0 0 0 0 0 0 0 0 0 0 0 19 6 0 0 0 
0 0 0 0 0 8 0 31 0 0 0 0 0 0 0 31 0 0 0 0 0 0 50 0 40 0 27 0 19 22 0 0 0 0 0 0 0 
0 0 0 0 0 0 0 36 0 0 0 0 0 0 0 0 0 0 0 0 0 27 0 0 0 0 0 7 0 17 0 0 0 0 0 0 
30 8 48 0 0 0 0 0 37 0 0 0 0 0 0 22 0 50 0 0 0 0 0 0 0 12 0 36 14 0 0 0 10 0 0 
0 0 21 0 23 13 0 0 0 0 0 0 0 14 0 0 0 44 0 0 0 0 0 0 20 0 0 14 0 41 0 10 0 0 
0 0 0 0 0 6 40 0 16 25 0 31 0 9 0 0 0 0 0 0 10 0 0 0 0 0 42 0 0 0 0 7 22 
0 0 37 0 44 49 0 0 0 0 0 0 36 0 0 0 0 0 0 0 0 0 23 0 31 0 37 24 0 23 12 0 
0 0 0 0 37 1 0 0 0 0 0 0 0 0 0 39 0 0 0 0 0 0 0 0 23 0 13 18 0 0 37 
0 11 0 0 3 0 17 0 13 22 8 0 2 0 0 47 0 0 0 0 0 42 0 0 0 0 49 0 2 0 
0 12 0 0 0 0 0 0 0 0 0 0 0 0 0 0 42 0 0 14 0 0 5 0 0 0 0 2 0 
0 0 0 0 0 36 0 0 19 0 0 0 16 0 0 32 0 0 7 0 0 0 0 0 0 0 0 9 
34 0 0 15 0 21 46 0 0 0 0 0 6 0 0 0 0 0 0 0 0 9 36 0 37 0 0 
0 0 0 0 34 6 37 1 0 25 0 0 0 0 0 0 0 0 0 0 0 0 0 0 44 0 
0 0 5 0 0 20 0 0 0 0 0 26 46 0 2 48 3 0 11 0 0 0 0 0 0 
0 0 0 0 48 0 6 15 0 0 25 0 0 0 0 28 0 0 0 0 0 0 0 38 
0 43 0 0 0 0 0 0 0 0 0 0 0 0 0 17 2 50 2 0 0 0 0 
0 0 0 0 0 46 0 0 0 49 26 0 0 0 0 0 0 0 0 25 3 0 
0 0 0 3 0 0 17 0 0 0 14 2 5 0 0 0 0 0 0 0 0 
4 0 0 0 9 0 0 15 0 0 0 0 0 0 0 0 0 0 0 15 
17 38 0 0 0 0 0 0 0 0 0 0 24 0 15 0 0 0 0 
0 0 0 0 0 0 45 0 8 34 0 0 0 47 0 0 0 0 
0 29 0 0 0 1 0 3 33 29 0 0 18 0 0 45 0 
32 0 0 0 0 0 0 0 0 0 0 12 0 0 8 7 
0 17 0 0 0 0 0 0 28 19 0 0 0 0 6 
0 0 0 0 0 0 0 0 0 0 0 0 34 41 
0 0 0 0 0 0 0 45 0 0 0 43 0 
0 0 16 0 0 0 0 0 16 1 0 0 
0 45 26 0 0 0 0 0 0 0 0 
0 44 0 0 0 0 19 0 0 5 
0 0 0 0 0 0 48 19 0 
18 38 47 0 8 0 0 11 
0 0 34 0 22 2 0 
0 0 11 27 0 0 
0 0 0 0 0 
0 0 0 0 
0 0 0 
16 0 
0 

1 9
1 75
1 90
1 96
2 16
2 50
2 98
3 6
3 31
3 87
3 100
4 43
4 82
5 8
5 18
5 53
5 69
5 70
5 73
5 88
6 46
7 9
7 27
8 31
8 62
9 25
9 28
9 41
9 53
9 54
9 62
9 63
9 85
9 88
9 94
10 21
10 45
11 35
11 43
11 90
12 19
12 27
12 29
12 82
12 96
13 35
13 63
13 83
13 95
13 97
14 24
14 35
14 44
14 48
15 33
15 59
15 90
16 44
16 54
16 68
16 84
16 94
16 97
17 26
17 37
17 70
18 20
18 88
18 96
19 22
19 26
19 53
19 85
20 22
20 23
20 39
20 64
20 97
21 22
22 25
22 33
22 36
22 47
22 56
22 91
23 27
23 57
23 75
23 87
24 43
24 78
24 100
25 36
26 32
26 45
26 86
28 38
28 48
28 50
28 51
28 70
28 71
28 88
29 44
29 80
29 87
29 88
29 98
30 95
31 45
31 73
32 59
32 74
32 80
32 90
32 94
33 82
34 37
34 96
35 62
35 73
35 86
36 57
36 72
36 73
36 83
36 85
36 99
37 54
37 73
37 79
40 48
40 49
40 59
40 64
40 70
40 100
42 69
43 72
43 76
43 91
43 92
44 68
44 75
45 75
46 50
46 72
46 96
47 69
47 98
48 82
48 89
48 99
48 100
49 51
49 52
49 73
50 52
50 93
50 94
51 90
52 58
53 70
55 58
55 95
56 77
57 58
57 61
57 75
58 74
58 93
59 60
59 78
60 75
60 77
60 83
60 94
61 83
66 73
69 81
69 87
70 96
71 96
72 73
72 89
72 95
72 96
73 81
73 92
74 86
76 88
79 89
82 84
82 87
86 88
87 90
92 99
94 95
