100 198 1000

95 104 36 16 58 26 31 102 32 59
105 47 53 67 55 25 65 56 62 32
19 101 11 69 32 77 104 108 48 17
84 54 25 44 92 76 77 104 94 103
109 43 43 41 92 38 82 110 84 27
48 84 66 30 55 29 105 104 39 106
109 107 87 26 107 18 29 49 52 17
17 79 32 47 80 41 108 36 110 97
55 82 77 23 82 91 105 53 23 68
58 13 97 74 33 46 39 34 84 99

85 94 26 6 48 16 21 92 22 49
95 37 43 57 45 15 55 46 52 22
9 91 1 59 22 67 94 98 38 7
74 44 15 34 82 66 67 94 84 93
99 33 33 31 82 28 72 100 74 17
38 74 56 20 45 19 95 94 29 96
99 97 77 16 97 8 19 39 42 7
7 69 22 37 70 31 98 26 100 87
45 72 67 13 72 81 95 43 13 58
48 3 87 64 23 36 29 24 74 89

0 0 4 0 0 0 0 0 0 0 0 0 0 0 24 24 0 8 0 11 0 0 0 0 0 0 0 0 0 16 0 39 0 0 0 25 0 0 0 0 0 0 0 0 0 0 35 0 0 36 0 36 0 36 0 39 0 0 12 0 0 0 0 0 38 31 0 0 0 0 0 0 0 18 0 0 0 0 11 0 14 0 0 0 0 0 0 2 44 0 49 0 0 0 0 0 48 0 0 
0 0 10 0 0 0 0 16 0 0 0 0 13 0 0 0 0 0 0 0 28 0 0 0 0 0 0 0 0 0 0 16 0 9 0 0 0 0 0 0 0 0 19 0 20 0 0 0 0 0 0 10 0 0 0 0 0 0 33 0 8 9 0 0 0 0 0 0 0 0 0 0 0 0 0 0 0 0 0 0 0 0 30 0 0 39 0 0 0 0 0 0 0 0 0 0 0 0 
0 48 0 0 0 16 0 0 9 38 0 0 4 0 0 46 0 49 25 0 31 0 0 0 0 0 0 0 0 0 0 0 0 14 0 0 0 0 0 0 0 0 27 0 0 0 36 0 0 0 8 10 0 18 0 0 0 0 0 26 0 0 12 0 0 0 21 0 0 0 0 0 0 0 0 0 0 49 0 0 0 0 0 22 0 0 0 0 0 0 0 0 0 0 0 0 0 
0 0 0 0 0 16 32 0 0 0 0 14 0 0 0 0 0 0 0 0 0 43 0 50 0 27 50 0 0 0 0 0 0 13 0 41 0 0 0 0 0 0 0 31 18 0 0 0 0 38 41 0 5 0 0 0 0 15 0 10 0 11 35 22 46 38 0 14 0 43 22 0 0 7 0 0 0 0 0 0 0 10 0 0 0 0 3 37 0 43 0 0 33 0 0 0 
0 2 0 0 37 0 0 0 0 0 40 0 0 0 0 0 0 38 0 0 34 0 0 27 0 0 0 0 0 0 0 0 0 0 0 41 38 0 0 10 0 0 0 3 0 0 20 0 0 3 0 9 27 0 0 0 0 0 0 31 0 0 0 0 0 0 0 0 40 0 0 39 0 43 0 0 14 0 10 0 36 14 43 50 0 0 0 0 0 0 0 0 0 0 36 
0 0 0 0 47 0 0 0 4 0 2 0 0 0 45 0 0 0 0 0 0 0 0 0 0 0 0 0 36 0 0 0 0 0 0 0 24 0 0 0 0 0 0 0 0 0 0 0 33 0 0 16 9 0 0 0 0 0 0 0 47 12 4 0 0 0 0 17 19 26 0 0 45 0 35 0 0 0 0 46 0 0 0 0 28 15 0 0 0 0 0 0 0 0 
0 0 0 0 0 0 0 0 17 22 0 0 0 0 0 0 11 0 8 0 0 0 0 0 0 0 0 0 0 0 0 0 0 0 0 0 0 0 0 26 0 0 0 0 32 0 0 0 0 49 25 0 0 0 0 0 3 47 0 0 0 0 0 0 31 43 28 44 0 0 30 0 0 30 7 0 0 15 0 0 0 0 47 0 0 0 0 0 0 0 7 0 0 
13 0 0 0 0 0 0 0 0 0 0 0 20 0 0 9 0 0 0 0 27 38 3 0 0 0 27 0 0 0 0 0 0 31 13 46 0 0 2 0 0 0 30 0 0 0 0 0 0 0 0 0 0 0 0 0 0 0 0 48 0 0 0 0 0 0 21 0 0 25 0 42 0 0 11 0 0 0 0 0 0 0 0 32 46 0 0 0 0 0 9 0 
0 0 0 25 0 0 0 0 0 8 0 37 0 0 0 0 0 44 12 0 0 0 0 0 0 37 0 0 0 0 0 0 0 37 38 0 0 36 0 0 0 0 49 0 8 0 0 0 0 0 0 29 43 0 13 17 0 0 0 0 0 0 0 0 0 0 0 33 18 0 0 2 0 0 0 0 0 40 14 0 0 0 0 45 0 0 0 0 0 0 4 
30 0 18 0 0 7 0 0 22 0 17 19 0 0 47 0 46 0 0 0 0 0 0 0 0 0 0 0 0 0 3 45 0 0 0 0 0 0 0 0 0 0 23 0 0 0 16 0 0 0 50 0 14 41 0 7 37 0 0 24 0 8 0 0 0 0 0 0 0 0 0 0 0 0 0 0 0 0 19 0 0 0 0 7 0 0 0 0 0 0 
0 50 0 0 0 0 0 0 0 0 32 26 0 0 0 0 0 0 34 0 28 0 0 0 33 49 35 1 6 26 13 0 50 0 42 0 39 2 0 38 0 0 0 0 0 0 0 0 0 0 0 40 0 18 0 0 47 0 0 0 0 4 0 0 12 0 0 0 18 0 0 0 0 0 0 0 0 0 0 0 0 0 0 0 0 0 0 0 0 
0 0 0 0 30 0 0 0 0 0 48 30 17 0 0 0 0 5 0 0 0 0 27 0 0 0 0 0 0 0 0 14 11 0 0 0 0 0 40 0 33 0 0 0 41 0 0 0 0 2 25 0 0 0 0 0 9 0 0 0 0 0 0 0 0 0 0 0 0 0 16 0 0 0 34 0 0 0 0 28 0 0 0 44 0 7 0 0 
0 48 0 0 0 0 0 0 0 0 0 0 43 0 0 0 0 0 19 0 0 0 0 0 33 0 0 47 0 0 12 0 0 0 0 0 33 0 0 0 0 0 3 0 0 0 0 0 0 0 28 22 0 0 0 0 0 0 33 0 0 34 40 32 37 21 0 0 0 18 0 0 0 0 0 0 0 0 0 0 21 0 0 0 0 0 3 
0 0 0 0 10 0 0 0 0 0 0 0 25 0 45 6 32 0 0 0 8 0 0 0 0 0 0 0 0 0 0 0 0 0 0 0 0 0 0 20 0 18 0 0 0 0 44 0 49 0 6 0 0 0 45 0 0 0 0 0 0 49 0 0 0 15 34 0 0 0 36 0 0 27 0 0 0 0 0 0 0 15 0 0 0 37 
0 15 0 49 0 0 24 0 0 35 8 0 0 0 0 22 0 0 0 0 0 0 30 0 0 0 17 23 0 16 0 0 0 0 0 0 0 0 0 42 0 0 0 0 0 0 0 0 0 0 0 0 0 0 0 39 8 0 0 0 0 0 0 0 0 0 0 0 0 0 48 0 0 0 0 0 10 0 0 0 0 0 0 36 0 
0 0 0 0 5 0 28 0 31 16 0 0 0 0 0 0 0 0 0 0 46 0 0 0 0 39 6 0 0 0 0 11 15 0 0 0 12 39 0 0 0 0 0 2 0 30 0 2 0 0 0 46 0 0 0 0 14 0 0 0 0 22 0 0 0 0 0 6 0 0 0 0 0 0 0 0 0 0 13 0 0 0 41 0 
0 0 0 0 7 0 21 0 0 0 38 0 0 0 0 13 0 0 0 0 31 0 0 0 0 6 0 4 29 0 0 0 0 0 0 10 1 0 0 27 0 0 0 0 0 0 0 0 30 26 0 8 41 0 0 0 0 0 39 0 18 0 0 0 0 0 0 0 0 0 0 0 0 38 0 0 0 0 25 0 0 0 25 
22 16 0 0 20 0 0 0 38 0 28 46 0 1 0 0 46 0 0 2 0 0 0 37 0 0 0 0 0 13 2 28 29 0 41 0 0 0 0 32 0 25 0 0 0 29 0 27 0 0 0 0 0 11 0 11 0 2 29 32 0 0 0 0 0 42 0 0 0 0 0 0 2 0 0 24 0 0 0 17 0 31 
0 0 0 0 0 19 0 0 0 0 0 0 0 0 0 0 0 0 0 0 0 33 0 0 17 0 0 0 0 0 0 0 0 0 0 0 0 0 8 0 6 0 0 0 0 0 0 0 0 1 0 0 0 0 49 0 6 0 0 0 0 0 0 0 0 23 0 0 0 0 0 0 41 39 39 0 24 0 41 0 0 
0 0 0 0 0 0 0 0 0 0 0 0 0 0 0 0 0 0 0 0 0 0 0 0 0 0 0 0 0 39 0 0 0 9 0 0 5 0 0 0 0 0 0 0 33 0 7 0 0 0 0 0 0 0 0 16 40 0 0 0 0 0 25 0 0 12 0 0 0 0 0 0 0 0 0 0 16 43 0 0 
0 0 42 0 0 0 0 0 44 0 0 0 0 0 0 0 47 0 0 0 0 0 0 0 0 0 35 0 0 38 0 36 0 0 0 0 2 16 0 0 42 17 0 0 0 0 49 0 0 37 0 0 46 0 0 0 19 0 0 0 26 0 0 0 37 0 0 0 0 0 0 0 0 0 0 0 0 0 0 
0 0 38 0 0 0 26 0 0 0 0 0 0 0 0 0 0 30 0 0 0 0 0 0 0 0 0 0 0 0 26 0 0 0 0 0 22 0 0 13 0 27 20 0 0 0 0 0 0 0 13 0 0 0 0 17 0 0 0 0 21 0 0 0 0 0 12 12 0 0 0 0 0 0 0 0 23 0 
0 0 0 0 0 38 17 23 0 30 2 0 6 0 0 0 0 0 14 0 28 0 0 15 0 0 0 0 8 1 0 0 0 0 40 2 0 8 0 0 0 0 32 0 0 0 0 15 0 0 0 0 6 0 45 0 0 0 0 19 0 20 0 0 48 0 0 0 0 0 0 0 0 0 0 0 22 
0 0 0 0 0 0 19 0 0 0 0 3 0 10 0 0 0 10 0 0 0 0 0 0 0 0 0 0 0 12 0 0 0 0 0 0 0 0 0 0 0 0 0 0 0 0 40 0 30 0 0 0 0 0 0 6 0 0 0 0 2 15 0 0 0 30 0 0 0 0 28 47 0 0 0 0 
43 48 0 41 11 24 0 0 0 39 40 25 45 0 0 0 0 0 0 0 0 0 0 0 0 31 0 0 0 0 0 0 41 25 0 0 0 0 50 0 0 0 0 0 0 23 0 0 0 0 23 0 43 0 48 0 0 0 0 0 0 0 0 50 41 0 0 11 0 41 18 0 0 0 0 
0 0 0 0 6 43 0 0 0 30 0 0 0 0 31 0 0 0 0 0 0 0 0 42 0 0 1 0 0 0 10 0 0 0 1 0 0 0 19 0 0 0 0 0 0 47 0 14 37 45 6 0 40 0 37 0 0 41 43 0 0 0 32 14 0 48 0 0 0 0 0 0 0 18 
0 10 0 0 0 0 0 0 32 0 0 0 35 0 21 0 0 6 24 0 0 33 0 43 0 0 30 0 0 0 0 25 0 0 34 14 0 26 0 38 0 0 0 0 0 0 0 42 0 0 0 0 0 0 0 0 0 0 39 0 0 0 0 47 0 0 0 27 0 0 0 0 0 
0 0 22 0 0 43 0 0 48 8 0 0 0 41 0 0 0 0 0 47 0 0 0 5 0 0 0 0 10 41 0 0 0 0 0 0 0 45 0 43 0 0 0 0 0 0 0 0 0 0 0 0 0 0 28 40 0 0 0 2 0 0 0 0 0 0 0 0 0 11 0 0 
33 0 0 0 14 0 15 37 0 0 19 3 0 0 0 0 0 0 23 41 9 0 0 0 0 0 24 18 0 0 0 0 20 0 50 0 0 0 0 0 0 0 0 36 39 0 0 0 0 0 0 8 7 0 0 0 0 0 0 16 0 0 31 0 0 4 0 0 0 0 0 
0 0 38 0 0 0 0 8 0 0 0 0 0 0 28 0 0 0 0 0 0 29 13 38 0 0 0 0 0 0 39 0 44 50 0 0 2 0 0 0 30 16 0 0 0 49 0 0 0 0 29 0 0 0 22 0 0 30 0 0 0 23 0 0 25 0 0 0 0 0 
0 0 0 0 0 50 42 0 0 0 49 0 25 43 27 0 29 0 0 24 0 0 14 0 0 0 0 16 0 35 0 14 0 0 0 0 0 0 0 0 15 17 0 47 3 0 0 0 1 0 45 38 0 0 0 0 0 10 0 0 0 3 0 0 44 0 20 37 0 
0 0 0 0 0 33 0 45 0 18 0 0 0 14 0 46 0 0 0 0 0 0 0 14 0 0 0 7 0 6 0 0 0 27 0 0 0 0 0 9 24 0 39 0 0 0 0 22 0 0 0 8 6 26 6 0 0 0 0 0 0 0 0 0 0 0 0 0 
0 0 0 31 0 0 0 15 41 0 0 0 0 0 0 8 0 38 0 0 0 0 49 0 0 0 47 0 0 0 49 0 0 0 0 0 0 0 0 0 0 0 42 0 4 0 0 0 0 0 0 0 0 0 27 0 11 29 0 0 0 0 37 43 45 49 0 
0 0 39 0 0 0 0 0 28 0 0 0 0 0 0 0 0 0 0 45 0 0 24 8 0 0 11 0 36 0 13 48 0 0 0 0 0 0 0 25 0 0 0 0 41 1 0 39 0 0 0 0 0 28 0 0 0 0 0 0 0 44 0 0 12 0 
0 0 0 0 0 0 0 0 48 1 0 0 0 0 0 9 0 0 0 0 0 0 0 0 0 0 0 35 42 44 0 0 0 0 0 0 0 0 0 0 0 25 0 0 0 0 0 22 0 0 28 13 16 22 16 0 0 0 0 0 0 42 0 0 0 
0 0 43 0 0 0 0 0 42 0 0 0 0 0 0 0 0 0 0 5 0 0 0 23 0 0 0 0 0 0 0 0 0 0 13 10 13 0 0 0 0 0 0 0 0 0 41 0 0 0 0 32 0 14 0 0 32 0 8 0 0 0 0 3 
0 0 0 0 15 0 48 48 0 0 0 0 0 0 8 3 1 18 0 0 0 0 0 0 14 0 0 0 0 0 23 0 20 20 1 35 13 0 0 0 0 0 0 0 0 28 0 0 0 40 0 0 28 0 19 41 0 42 0 0 45 43 0 
0 0 0 3 0 0 0 0 32 0 31 0 0 0 0 0 0 39 0 0 15 0 0 0 7 0 5 5 0 0 0 0 0 0 40 27 0 0 0 0 32 0 0 0 10 0 0 0 0 0 0 42 0 0 0 0 0 0 19 0 0 0 
0 50 0 0 0 0 43 29 49 0 0 0 0 8 0 0 0 0 48 0 0 32 40 0 6 3 0 0 35 0 0 3 0 0 0 1 0 0 0 9 0 0 0 0 0 17 0 35 40 0 0 0 0 0 0 20 0 0 44 0 0 
26 0 36 0 0 0 0 0 45 9 0 0 31 0 0 0 0 0 3 0 0 0 0 13 0 0 0 0 32 0 0 0 22 0 27 0 0 0 0 0 0 0 44 0 0 0 9 0 0 0 0 47 0 0 28 0 0 0 12 0 
11 0 0 0 0 0 0 0 0 0 11 0 23 0 0 5 0 0 0 0 0 4 0 0 0 44 0 0 0 11 0 0 44 0 14 9 0 0 0 0 35 0 0 0 0 0 0 28 41 0 0 0 16 0 0 0 16 0 0 
40 0 0 0 0 0 0 0 0 0 0 0 0 0 19 0 0 0 0 35 0 0 0 0 2 0 0 0 45 0 0 19 0 0 0 0 5 0 0 0 0 0 0 0 11 0 0 0 47 38 5 0 45 0 0 0 0 0 
0 0 0 0 0 0 46 0 0 48 40 0 0 0 0 15 0 0 26 0 0 0 0 0 0 0 0 0 21 24 0 0 0 0 0 0 0 0 0 0 0 0 27 0 0 0 0 23 6 0 0 0 0 0 27 31 0 
0 0 0 13 0 0 0 0 0 0 0 0 0 43 0 0 0 0 0 0 0 0 0 0 0 50 0 0 50 0 14 0 0 0 48 16 0 0 0 27 0 0 0 0 0 0 0 18 0 0 28 1 0 32 0 0 
19 0 0 46 0 0 2 0 0 0 0 30 0 0 12 0 0 0 0 0 5 0 34 41 0 0 0 9 48 0 0 0 0 0 2 0 11 0 0 0 0 0 0 0 0 0 31 0 0 0 33 0 0 24 0 
35 0 0 0 0 47 18 0 0 0 0 0 0 0 0 0 27 0 29 0 9 45 0 0 0 0 0 21 0 11 0 0 17 0 0 0 0 0 0 0 0 0 0 0 0 25 50 0 7 0 0 27 0 34 
0 0 5 34 0 0 43 0 0 0 0 0 0 0 0 0 0 0 0 0 0 0 0 0 0 0 0 0 0 0 0 0 16 0 0 0 9 0 0 0 0 0 0 0 0 0 0 0 0 0 0 0 0 
25 0 0 0 0 0 0 0 0 46 0 0 39 50 0 0 0 0 0 0 3 26 0 0 0 0 0 0 0 0 0 0 0 12 0 6 0 0 0 19 0 32 0 9 43 0 3 0 7 0 22 0 
0 0 0 0 0 2 0 5 34 0 1 29 0 0 0 27 8 0 0 0 0 15 28 0 0 0 9 0 0 0 0 26 0 21 0 0 0 34 0 0 0 0 0 0 17 27 2 0 0 0 0 
0 0 27 0 37 0 0 0 29 0 0 0 0 0 0 0 0 0 0 0 0 0 0 0 0 0 0 0 0 0 0 40 26 0 0 0 0 17 0 0 0 8 0 44 0 0 0 40 0 0 
0 0 0 0 17 32 0 29 0 0 8 35 0 0 0 0 0 0 18 0 31 0 49 0 0 0 43 0 0 0 0 0 0 0 13 8 20 3 0 0 0 0 14 0 0 5 48 0 0 
12 0 0 0 0 0 0 0 1 0 0 0 0 0 0 0 47 0 0 0 0 33 0 0 23 0 0 49 0 2 0 0 2 3 0 0 0 0 0 0 25 48 0 0 0 29 0 36 
23 0 0 0 0 0 27 24 0 0 0 24 0 0 0 0 0 31 0 0 46 0 0 0 0 0 0 0 2 0 0 0 0 0 0 0 0 8 13 0 30 45 0 0 0 0 0 
0 0 0 0 0 0 0 46 46 0 0 0 0 0 0 20 0 0 0 0 0 0 0 0 0 0 0 0 0 0 0 0 0 0 0 48 0 0 0 0 0 0 0 0 0 0 
0 36 0 0 0 0 0 0 0 0 0 0 0 30 0 0 0 0 0 0 0 0 0 0 0 21 0 38 0 39 0 0 0 0 0 0 0 49 0 0 0 0 0 0 43 
0 0 12 0 0 0 0 0 0 0 0 0 0 0 0 39 0 16 0 21 0 0 16 0 0 15 0 0 0 0 0 0 0 0 0 0 0 0 0 0 0 41 0 0 
0 0 0 0 0 0 0 0 50 0 0 0 0 0 0 0 20 0 0 0 0 0 0 0 0 0 0 0 0 36 0 0 0 0 44 22 0 0 0 0 0 0 0 
0 0 15 0 0 0 32 0 43 0 39 0 0 0 0 0 0 0 0 0 0 0 0 36 0 0 0 0 0 0 44 0 0 17 0 0 0 29 0 0 48 0 
0 0 30 0 0 0 11 0 0 0 0 0 0 32 2 0 2 0 0 0 49 0 0 0 13 37 0 0 0 0 0 0 0 29 0 0 9 0 0 0 0 
0 0 0 0 0 0 0 0 0 0 0 0 0 0 0 0 0 0 0 0 0 0 0 0 0 0 0 49 0 50 0 0 0 0 0 0 0 0 0 0 
0 0 0 0 0 0 0 0 0 44 0 0 0 0 0 20 0 0 40 0 12 0 0 50 0 1 35 0 0 0 0 0 0 0 0 0 0 0 0 
47 0 19 34 0 0 0 0 0 9 0 26 0 40 0 44 0 0 9 0 44 19 0 0 0 23 38 0 0 0 0 0 0 0 0 0 0 0 
0 0 0 0 0 0 0 0 0 0 37 0 30 0 0 0 0 0 16 0 0 0 47 0 0 0 0 0 38 0 0 0 0 13 0 23 0 
0 0 0 0 0 0 0 0 24 50 6 0 39 19 0 32 10 0 0 0 0 0 0 44 0 0 0 0 0 0 0 0 0 21 0 0 
0 29 9 0 0 0 0 30 0 0 32 0 0 29 0 0 26 0 1 0 0 0 0 0 0 9 0 25 0 7 0 28 37 0 37 
47 0 0 6 0 46 0 40 0 0 0 0 35 0 0 0 0 1 5 0 32 0 0 0 0 0 0 0 36 0 0 0 0 0 
0 0 0 49 0 43 15 31 0 0 0 0 0 0 0 0 0 0 0 0 0 0 0 0 0 24 11 0 0 1 0 14 0 
5 0 0 0 0 0 0 0 0 0 0 34 0 0 21 0 0 39 0 0 0 0 6 0 36 7 0 15 0 12 0 0 
0 0 0 0 0 28 0 0 0 0 0 0 0 33 19 22 0 0 29 0 21 18 0 0 0 0 28 0 0 0 8 
0 0 0 0 0 0 0 0 20 0 0 0 0 6 0 0 0 0 0 0 0 37 0 38 0 19 0 0 0 0 
0 0 0 0 0 0 0 0 0 27 0 2 24 0 0 0 0 0 0 25 0 26 32 0 0 0 37 23 0 
30 0 0 0 0 39 0 47 40 27 0 0 0 28 0 0 0 0 0 35 0 0 0 0 0 0 0 2 
0 9 5 0 0 0 19 0 26 0 0 0 0 0 0 0 0 19 0 0 0 0 0 0 0 0 0 
0 0 0 0 0 0 0 0 0 0 38 0 0 49 0 0 0 0 10 0 13 0 0 0 35 15 
0 46 42 0 0 15 0 0 0 37 0 0 0 0 0 0 0 0 0 0 0 0 49 0 0 
0 0 0 0 49 0 0 0 0 44 0 0 0 0 0 0 13 0 0 0 0 0 0 0 
0 0 0 9 18 0 4 0 38 0 13 0 0 0 38 0 0 0 0 0 0 0 0 
0 32 14 0 0 0 0 0 49 0 0 0 43 0 0 0 0 0 48 0 44 0 
12 0 18 0 0 0 0 0 49 0 0 0 0 0 0 0 0 0 0 0 0 
0 0 0 0 0 0 5 0 0 35 0 0 0 0 0 0 0 0 0 0 
0 0 0 37 0 0 0 0 42 0 32 0 0 0 0 42 0 0 0 
37 0 0 0 0 0 40 0 7 49 41 0 0 48 0 0 0 0 
0 0 0 0 0 0 49 8 0 0 9 22 13 0 0 2 10 
33 0 0 48 0 0 0 0 16 0 0 0 0 0 7 14 
0 0 0 0 0 0 37 0 0 0 0 0 0 0 1 
12 8 0 0 0 0 0 0 0 0 0 0 0 0 
0 0 25 13 0 0 0 0 0 0 0 20 0 
37 0 0 0 46 0 0 0 0 0 11 0 
0 40 31 0 0 0 0 0 0 0 0 
0 47 25 0 0 0 0 9 0 0 
0 14 7 0 0 0 3 0 0 
0 0 0 0 37 37 0 20 
0 29 0 49 27 25 0 
35 0 50 0 0 1 
0 0 0 0 4 
0 0 0 0 
0 0 0 
0 0 
0 

1 13
1 35
1 47
1 68
1 79
2 6
2 7
2 35
3 40
3 67
3 78
4 19
4 20
4 59
4 84
5 33
5 44
5 67
5 80
5 98
7 9
7 18
7 60
8 39
8 45
8 77
9 68
10 12
10 76
10 83
10 90
10 92
11 55
11 71
11 83
12 21
12 43
12 50
13 36
13 58
13 85
14 70
14 92
14 99
15 52
15 53
15 87
16 56
16 63
16 65
16 89
17 27
17 36
17 81
17 99
18 25
18 26
18 79
18 83
18 87
19 56
19 80
20 52
20 78
21 26
21 75
21 85
22 31
22 63
22 74
23 41
23 62
23 77
24 27
24 75
24 76
24 89
24 91
25 40
25 56
25 63
25 91
26 28
26 35
26 39
26 44
26 49
26 70
26 82
27 37
27 44
27 66
27 70
28 29
28 93
29 32
29 58
29 94
30 55
31 85
31 94
31 97
32 49
32 68
32 77
33 61
33 72
33 86
33 87
34 48
34 50
34 73
34 94
35 67
35 95
36 52
36 61
37 50
37 94
38 67
38 89
39 52
39 73
41 96
42 50
42 75
42 81
43 56
43 57
43 74
43 80
43 82
43 88
45 48
45 65
45 79
46 87
46 97
47 55
47 81
48 56
48 65
48 89
49 62
49 75
50 60
51 58
51 60
51 91
51 95
52 62
52 63
52 95
53 88
54 100
55 56
55 79
56 66
56 70
56 88
56 95
56 100
57 73
57 77
59 90
59 91
60 69
60 73
60 92
63 95
65 99
66 100
67 70
68 95
68 97
68 99
69 74
69 80
71 74
71 76
72 89
72 97
74 81
74 83
75 90
77 95
78 83
79 87
79 91
80 88
81 84
82 87
83 86
83 92
85 87
85 99
88 95
91 100
