100 396 1000

95 104 36 16 58 26 31 102 32 59
105 47 53 67 55 25 65 56 62 32
19 101 11 69 32 77 104 108 48 17
84 54 25 44 92 76 77 104 94 103
109 43 43 41 92 38 82 110 84 27
48 84 66 30 55 29 105 104 39 106
109 107 87 26 107 18 29 49 52 17
17 79 32 47 80 41 108 36 110 97
55 82 77 23 82 91 105 53 23 68
58 13 97 74 33 46 39 34 84 99

85 94 26 6 48 16 21 92 22 49
95 37 43 57 45 15 55 46 52 22
9 91 1 59 22 67 94 98 38 7
74 44 15 34 82 66 67 94 84 93
99 33 33 31 82 28 72 100 74 17
38 74 56 20 45 19 95 94 29 96
99 97 77 16 97 8 19 39 42 7
7 69 22 37 70 31 98 26 100 87
45 72 67 13 72 81 95 43 13 58
48 3 87 64 23 36 29 24 74 89

0 0 0 0 0 0 0 0 0 0 3 0 0 0 0 24 0 8 0 11 0 0 40 0 0 0 0 0 0 0 28 0 20 0 36 0 0 44 1 0 0 0 0 29 0 0 35 0 0 0 0 36 42 36 0 0 0 0 0 0 0 41 0 0 38 0 0 14 37 17 19 0 0 0 0 0 0 0 11 32 0 0 0 1 0 0 49 0 0 0 0 0 41 0 0 0 0 0 0 
24 0 0 0 0 0 0 0 49 0 0 0 0 0 0 0 4 0 0 0 28 0 0 0 0 0 0 0 0 0 0 0 0 0 0 45 0 0 0 0 0 0 0 0 0 31 34 34 0 3 0 0 0 49 0 0 0 0 0 0 0 0 0 0 33 8 48 0 0 30 19 0 3 0 0 0 9 0 0 0 0 0 0 0 0 0 0 0 0 0 26 0 0 0 0 0 0 0 
0 0 0 0 0 0 0 0 9 0 0 45 0 26 20 0 0 0 0 5 0 43 0 0 38 0 9 0 0 0 0 35 0 0 7 0 0 0 0 0 46 9 27 0 0 0 0 0 0 0 8 0 0 0 0 0 0 0 0 0 26 0 0 0 0 0 21 0 25 0 0 0 0 21 0 0 0 0 2 0 0 0 0 0 0 0 33 0 0 0 0 0 0 0 0 0 0 
0 0 0 0 0 0 0 0 0 0 0 0 26 4 0 0 0 22 4 0 0 0 0 0 0 0 0 0 27 0 0 0 0 0 0 0 0 0 0 9 25 0 19 0 0 0 0 0 0 0 0 23 5 0 0 0 0 0 0 0 29 0 35 22 0 0 0 0 24 0 0 0 0 0 0 39 0 2 0 0 0 10 0 7 0 0 0 0 0 0 0 0 0 0 14 0 
0 2 0 22 0 0 0 1 0 0 40 0 0 21 6 0 37 38 0 0 0 0 48 0 0 0 9 0 0 0 0 0 0 0 0 0 0 0 0 0 0 0 0 0 0 0 0 0 0 0 0 0 0 0 47 0 0 38 0 0 0 0 0 0 8 0 40 0 40 0 6 0 2 0 0 45 0 0 0 0 36 0 0 0 0 0 0 13 0 4 0 0 0 0 0 
25 0 19 0 47 0 44 0 4 0 0 0 11 0 0 0 0 10 0 0 0 0 0 0 0 0 0 21 0 37 0 0 0 15 0 0 0 0 0 24 0 0 0 0 0 0 41 0 0 0 0 0 0 0 0 0 0 0 0 0 47 0 0 0 42 0 0 0 0 0 0 0 0 18 0 0 29 47 0 0 0 0 0 0 0 15 0 0 0 30 0 0 42 15 
0 0 0 0 0 15 9 6 0 0 0 0 0 0 7 0 0 0 0 0 0 0 35 44 0 0 13 10 0 0 0 0 50 0 0 9 0 0 0 0 0 9 0 0 0 0 9 0 0 0 25 35 0 0 0 0 0 0 38 0 0 0 0 47 0 43 0 0 0 0 0 0 0 0 0 0 0 15 0 0 0 14 0 49 0 0 0 0 0 0 0 21 0 
0 0 38 38 0 0 0 0 0 32 0 0 0 0 0 0 0 0 0 0 0 38 0 0 0 0 0 0 18 0 0 0 0 0 0 0 0 0 0 0 0 0 0 0 26 0 0 0 0 0 0 5 0 0 0 0 0 0 0 48 2 49 0 22 0 47 0 0 0 0 0 0 0 0 0 0 0 0 31 0 8 0 0 0 46 0 0 26 0 0 0 0 
0 0 14 25 0 0 0 0 0 0 0 0 0 0 0 12 0 0 0 0 15 1 7 14 0 37 0 0 0 14 18 0 0 0 38 0 0 0 0 0 0 0 49 0 0 0 26 0 48 0 0 29 0 0 0 0 13 0 0 42 0 0 0 0 0 0 0 0 0 0 45 0 0 17 0 0 0 0 0 0 0 0 0 0 0 0 29 1 0 0 0 
30 0 18 0 0 0 0 0 22 0 0 0 0 0 0 0 0 0 9 0 0 0 0 0 0 46 0 0 0 18 3 0 0 2 0 46 33 13 0 0 0 0 0 38 0 0 0 20 0 0 50 0 0 41 0 0 0 0 0 0 0 0 0 0 0 0 0 34 0 0 0 0 0 0 0 0 0 50 0 0 0 0 0 0 43 0 0 0 0 0 
0 50 0 12 0 0 40 0 0 0 0 0 0 0 0 0 0 0 0 0 0 0 0 0 0 49 35 0 6 26 13 47 0 39 0 7 0 0 0 0 0 0 15 0 0 0 0 0 0 0 44 0 0 0 0 0 0 27 23 0 0 0 0 0 0 39 0 0 18 0 29 0 0 28 0 0 0 0 44 0 12 0 0 0 0 0 0 0 0 
0 0 0 31 0 0 41 0 0 8 0 0 17 13 0 0 0 0 0 0 0 0 27 0 0 0 0 0 0 0 0 0 0 0 33 31 0 0 0 0 0 0 0 50 0 3 0 0 0 2 0 0 0 0 25 13 0 0 0 0 30 0 0 0 0 0 30 0 0 0 0 44 0 48 0 0 45 0 0 0 0 13 1 44 27 0 24 0 
47 0 0 0 0 0 35 0 0 0 0 0 43 0 0 0 0 14 0 0 0 0 0 0 33 0 0 0 0 0 0 25 26 0 26 0 0 0 5 0 0 0 0 0 0 0 0 0 0 0 0 0 0 0 0 0 0 0 0 0 0 0 0 0 0 0 0 1 0 0 8 0 0 0 12 46 0 0 0 0 21 0 0 24 26 0 0 
4 0 0 0 0 0 0 0 36 47 44 0 25 0 0 6 32 41 0 0 0 0 0 0 0 0 0 0 0 0 0 10 0 0 0 33 0 0 0 0 0 18 0 0 0 0 0 24 0 0 0 0 0 0 0 0 0 0 0 0 0 49 0 0 0 0 34 0 0 10 0 17 0 0 0 0 0 0 0 0 0 0 0 0 0 0 
0 0 0 0 5 0 0 10 0 0 0 6 7 0 0 0 0 21 16 0 27 0 0 0 0 0 0 23 0 0 26 0 0 0 0 8 0 0 0 0 0 0 0 0 0 0 26 0 0 0 0 0 0 0 0 0 8 0 0 0 0 0 48 0 0 40 0 0 22 17 0 0 0 0 0 11 0 0 29 0 21 0 50 0 0 
39 30 0 0 5 0 0 0 0 16 0 11 0 0 0 22 5 0 0 0 0 0 13 0 0 0 6 0 0 0 0 0 0 2 0 0 0 0 35 0 22 0 0 0 0 0 0 0 0 15 0 0 20 0 0 6 0 30 16 0 0 0 0 0 0 0 0 6 48 0 0 0 0 36 0 0 0 0 0 2 0 0 41 0 
1 0 0 0 0 0 0 0 0 0 0 0 9 0 0 13 0 6 0 0 0 0 7 0 0 6 0 0 0 0 45 0 48 20 0 0 0 0 0 0 0 17 0 0 2 0 11 0 0 0 0 0 0 0 0 10 0 0 0 0 18 19 0 0 0 0 0 0 0 0 15 0 0 0 33 0 0 0 25 0 8 0 0 
22 0 0 0 0 0 0 0 0 0 0 0 0 0 0 0 0 0 47 2 0 0 39 0 25 0 0 0 0 0 2 0 0 0 0 0 0 0 0 0 0 0 36 0 0 0 0 27 0 0 0 0 0 0 0 11 0 0 0 0 0 0 0 3 0 0 0 0 0 0 2 0 0 0 0 24 13 33 0 0 4 0 
23 0 0 0 20 19 0 0 0 26 13 0 32 0 0 0 0 0 46 0 0 33 30 26 17 21 0 0 0 0 0 0 0 0 47 0 0 0 0 0 0 0 12 0 0 0 0 41 0 0 49 0 0 0 0 0 0 38 0 0 0 0 0 0 0 0 39 33 0 0 0 0 0 0 0 0 0 0 0 0 0 
0 0 0 0 0 0 0 0 0 0 0 0 40 0 0 0 12 0 0 0 0 47 0 0 0 0 16 0 27 39 40 0 0 9 20 0 5 0 0 0 0 42 0 0 0 0 0 14 24 0 0 0 0 24 0 0 0 0 0 0 0 0 0 0 0 0 0 32 0 0 0 0 0 0 10 0 0 0 27 0 
0 0 0 0 0 0 0 0 0 0 0 0 0 0 0 0 0 4 0 0 0 44 0 0 0 0 0 46 0 0 0 0 0 0 0 0 2 0 36 0 0 0 0 19 18 32 0 19 0 0 0 0 0 0 0 0 0 16 0 0 0 0 0 0 37 0 0 0 3 0 37 25 35 25 0 0 0 21 40 
0 21 0 0 16 0 0 0 0 0 0 0 0 28 10 0 18 0 0 0 0 36 49 0 0 0 0 49 0 0 0 0 0 0 4 0 0 0 34 0 0 0 0 0 0 26 0 0 4 50 0 0 0 0 0 0 0 0 1 0 0 0 0 39 0 0 0 0 0 0 0 42 16 3 24 18 0 0 
0 0 14 0 49 0 0 0 0 0 0 0 0 0 0 0 0 0 0 0 28 0 0 0 0 0 0 0 0 1 0 0 0 0 0 0 0 0 0 0 0 27 0 0 30 33 0 0 0 19 0 45 0 0 0 0 9 2 0 0 0 0 0 0 0 0 0 0 0 22 0 0 0 0 0 0 0 
25 0 0 47 0 31 0 47 0 0 28 0 0 0 0 0 0 10 23 0 0 5 0 0 0 0 0 0 0 0 0 0 0 0 0 26 0 0 0 0 0 0 0 3 29 0 0 0 0 39 0 0 0 0 18 6 39 0 0 0 0 0 0 0 0 0 0 1 0 0 0 47 0 0 0 26 
0 0 0 0 11 0 0 40 0 0 40 25 0 0 0 0 0 0 0 0 0 0 0 0 0 31 0 38 0 0 0 0 0 0 6 0 0 0 50 0 0 0 0 0 0 23 0 12 0 0 23 0 0 0 0 0 0 0 0 0 0 5 0 0 0 0 0 0 0 41 18 0 26 0 3 
10 0 0 10 0 0 0 0 0 0 0 0 0 32 31 36 20 0 34 0 0 0 0 0 0 0 0 0 0 0 0 37 0 0 0 0 0 0 19 0 0 0 24 0 0 0 0 0 0 0 0 11 0 0 0 0 0 41 43 0 0 48 0 0 0 0 9 0 0 0 47 47 0 0 
0 0 0 18 0 0 0 23 0 0 0 0 0 0 0 15 0 0 0 0 0 0 48 43 0 0 0 0 0 0 0 0 0 20 34 0 0 0 0 38 4 0 0 0 0 0 0 0 0 0 4 47 0 0 0 0 0 1 39 45 0 3 0 0 30 0 20 27 0 8 0 0 4 
0 0 0 0 0 0 36 0 0 0 35 22 0 0 0 0 45 0 0 0 0 0 0 0 0 16 13 0 0 0 16 0 0 0 0 0 0 0 0 43 23 0 30 0 23 10 0 0 0 0 0 0 0 0 0 0 0 0 0 0 0 11 0 0 0 0 0 19 0 0 0 0 
0 0 0 0 0 0 0 0 0 0 0 3 11 0 0 25 0 39 23 41 0 0 0 45 0 0 0 0 0 43 0 0 0 0 50 33 0 0 20 6 24 0 0 0 0 0 0 0 0 0 22 0 0 0 0 0 0 39 0 0 0 0 0 0 0 0 0 0 20 33 0 
47 22 0 0 0 0 0 0 0 0 0 0 0 27 0 0 9 0 6 0 0 0 0 38 0 0 0 0 0 0 39 29 0 0 46 0 2 0 0 0 0 0 0 0 0 0 0 0 0 0 0 11 0 0 0 0 0 0 0 0 0 0 0 0 0 0 0 0 4 24 
0 0 0 0 48 50 42 0 0 13 0 42 0 0 0 0 0 37 0 24 50 0 0 0 36 2 0 0 0 0 0 0 0 0 0 0 0 0 0 0 0 17 0 0 0 33 0 0 0 0 0 38 0 0 0 25 0 10 0 28 0 0 0 0 0 0 20 0 0 
0 0 0 0 0 0 0 0 0 0 0 0 0 0 0 46 0 0 3 0 18 21 0 14 0 0 0 0 0 0 30 1 24 0 0 0 0 0 0 9 24 0 0 0 0 0 0 0 0 0 0 8 0 0 0 0 0 0 0 0 0 0 0 0 0 27 0 0 
0 0 0 0 0 0 0 0 41 0 0 24 0 0 0 8 0 0 0 0 0 0 0 0 0 31 0 0 0 0 0 0 0 0 0 0 0 0 0 15 0 19 0 0 0 25 0 0 0 0 0 0 0 0 0 0 0 0 9 0 0 0 37 0 0 49 0 
0 0 0 0 0 0 0 0 28 15 14 0 0 0 0 0 0 0 0 0 0 0 0 0 0 0 0 0 0 0 13 0 2 0 29 0 0 0 0 25 0 0 0 30 41 0 0 0 0 5 42 0 36 0 0 0 0 0 0 0 8 0 0 10 0 0 
0 10 22 0 0 29 0 25 0 0 0 7 0 0 8 0 0 0 0 0 0 0 0 0 0 29 0 0 0 0 9 0 0 19 0 0 0 0 0 0 0 0 0 0 0 44 0 0 33 0 0 0 0 0 16 14 0 0 0 0 16 42 0 9 0 
0 0 0 0 0 0 0 42 0 0 30 0 0 0 50 0 0 50 49 0 0 0 0 0 0 0 0 0 0 9 0 0 0 0 0 0 0 0 0 0 0 0 0 0 0 0 0 30 0 0 0 0 0 0 0 0 32 0 0 0 0 0 0 3 
0 0 0 0 0 0 0 0 0 0 18 48 0 0 0 0 0 0 0 0 0 0 0 0 0 19 0 0 0 0 23 0 0 0 0 0 0 0 33 0 16 0 0 0 6 28 0 0 0 0 11 0 28 37 0 0 0 0 0 0 0 43 1 
0 12 0 0 0 0 0 0 32 0 0 0 0 0 0 0 0 0 3 0 0 0 0 0 7 0 5 0 0 0 22 0 0 0 0 0 0 48 34 0 0 0 0 5 10 40 0 0 0 0 0 42 14 33 0 0 0 0 0 0 18 0 
15 0 0 19 0 0 43 29 49 0 0 0 0 0 0 29 0 0 0 0 0 0 0 49 6 0 0 30 35 0 0 3 0 0 0 0 29 0 0 0 0 50 0 0 0 0 0 0 0 0 0 0 39 0 0 0 0 0 0 0 0 
0 7 0 0 0 0 0 0 0 0 0 0 0 0 0 0 0 0 0 0 0 8 0 0 0 38 0 0 0 0 0 0 0 0 0 0 43 0 0 0 0 0 44 0 0 0 0 0 0 0 0 0 5 0 0 41 0 8 0 0 
0 28 0 0 0 0 40 0 0 0 0 0 0 0 0 5 0 0 0 0 25 4 0 0 0 0 0 0 0 0 0 44 44 0 0 0 13 19 41 0 35 8 31 0 0 0 0 0 0 29 0 0 0 0 0 0 0 32 0 
40 0 0 14 0 0 0 0 0 0 0 6 36 0 0 0 0 0 0 0 2 0 50 48 2 38 0 0 0 0 0 0 0 0 0 0 0 0 0 43 0 0 0 0 0 0 0 0 0 0 5 0 45 1 46 0 0 0 
0 24 0 0 48 0 0 0 0 0 0 37 0 0 0 0 0 4 0 16 0 0 0 0 0 10 47 0 0 0 0 0 0 0 0 0 0 0 0 0 0 0 27 0 0 0 0 23 0 18 0 0 0 0 0 31 0 
0 19 0 13 0 0 0 0 38 0 1 0 20 0 0 0 13 0 0 0 0 33 3 0 5 0 0 0 0 0 0 34 0 33 0 0 0 0 28 0 25 10 0 0 0 25 0 0 0 0 0 0 31 0 0 0 
0 0 0 0 0 0 0 0 0 0 0 0 0 48 0 0 0 0 0 0 0 20 0 41 0 21 0 0 0 0 0 16 0 0 0 20 0 0 0 0 0 0 0 13 0 0 0 0 0 30 0 0 0 24 0 
0 0 1 0 9 47 0 50 13 0 0 0 0 0 0 0 0 7 0 0 0 45 0 10 0 0 0 21 0 0 9 0 0 0 0 0 0 0 0 0 0 0 8 0 0 0 50 0 7 0 0 27 0 0 
0 0 0 0 0 0 0 0 8 0 0 0 39 0 0 0 0 0 32 42 0 0 19 0 0 32 0 31 0 0 0 0 0 0 0 0 9 0 4 0 0 0 0 0 0 0 0 0 0 14 0 0 31 
0 0 0 28 0 0 0 0 14 0 0 0 0 0 0 0 0 0 0 0 0 26 0 0 0 0 0 0 0 0 0 0 0 0 0 0 0 0 19 0 0 0 0 0 0 0 0 0 0 0 0 0 
0 0 0 0 0 0 44 0 0 0 0 29 0 0 0 27 0 0 0 0 0 0 0 0 0 0 0 0 0 0 0 0 0 0 0 0 0 34 0 0 0 0 0 0 0 0 0 0 0 0 0 
37 0 0 22 0 0 0 0 0 0 0 0 0 0 0 42 0 0 0 30 0 9 0 0 0 0 0 0 0 0 0 0 0 4 0 0 0 0 0 0 0 8 0 0 0 0 0 40 0 27 
0 17 49 0 0 0 0 0 0 0 0 35 0 0 14 0 0 0 0 30 0 0 0 37 0 0 0 0 0 0 17 0 0 0 13 8 0 0 0 0 0 0 0 0 0 0 0 0 0 
0 0 0 0 0 20 0 0 0 0 0 0 0 0 0 0 0 0 0 0 0 0 0 0 0 0 0 0 0 2 0 0 0 0 31 0 0 0 0 0 0 0 0 42 0 0 0 0 
0 0 0 0 0 0 27 0 0 0 0 24 23 18 0 0 0 0 0 0 46 0 0 0 0 0 0 0 0 0 0 0 0 0 0 0 0 0 0 0 0 45 0 0 0 0 44 
0 0 0 0 0 27 0 46 0 1 0 17 0 0 0 0 0 40 0 0 45 0 0 0 0 0 0 19 0 0 0 0 0 43 0 0 0 0 0 0 0 0 11 0 43 0 
0 0 0 15 0 11 0 24 0 23 0 0 34 30 0 0 0 0 0 17 0 0 28 0 0 21 0 0 43 0 0 0 0 0 0 13 0 0 23 0 0 0 0 0 0 
0 0 0 0 0 0 36 0 0 0 0 0 15 0 0 0 0 0 22 0 42 0 0 0 4 0 0 0 0 2 0 0 0 13 0 0 0 28 0 0 39 0 0 0 
0 0 25 0 0 27 0 0 0 0 0 0 0 0 0 0 0 20 20 0 0 0 0 46 15 0 0 0 0 36 0 0 0 0 0 22 44 0 0 0 0 0 0 
0 0 0 0 0 0 0 0 0 0 39 32 0 0 0 0 0 0 0 0 21 0 42 0 4 0 0 0 0 0 0 45 0 0 0 0 0 0 10 0 0 0 
0 0 0 0 0 43 0 0 16 29 23 0 0 0 0 0 0 16 37 0 0 0 0 0 0 0 0 0 0 0 0 0 17 0 11 0 0 0 0 32 48 
0 0 0 0 0 0 0 3 0 0 0 8 0 0 0 0 0 0 48 0 0 0 0 0 0 0 48 0 0 0 0 0 0 0 0 20 0 0 0 0 
0 46 0 0 0 10 36 0 0 0 0 0 22 43 0 0 14 0 0 0 0 0 27 50 19 0 0 48 0 14 4 0 0 0 0 0 19 0 0 
0 0 19 34 0 0 0 41 0 9 0 0 0 0 0 0 0 0 0 0 0 19 0 0 0 0 0 0 0 0 0 0 0 14 0 0 7 0 
7 0 0 0 0 0 32 0 0 0 37 0 30 0 46 0 0 0 0 0 0 0 47 0 0 0 34 0 0 0 0 0 0 0 0 0 0 
0 39 0 32 0 36 0 0 0 0 6 0 0 0 0 0 0 0 0 0 0 0 0 0 0 0 0 0 14 0 0 0 0 0 40 0 
0 29 9 0 0 0 0 0 0 3 0 11 46 29 0 0 0 11 0 0 2 0 0 0 0 0 5 25 0 0 0 0 0 0 0 
0 0 0 0 0 0 0 0 0 5 28 0 0 17 0 0 0 1 0 33 0 0 0 15 0 0 0 0 0 0 0 0 30 0 
0 0 0 0 38 0 0 0 0 32 0 0 0 28 0 34 0 0 0 0 23 0 0 0 0 0 0 21 0 0 0 14 0 
0 18 30 29 3 48 0 0 0 0 0 0 0 0 0 39 0 0 0 0 0 2 0 23 0 0 0 0 0 0 0 46 
0 0 0 0 0 0 0 0 0 0 0 0 47 0 0 22 0 0 0 0 0 0 12 0 0 7 0 0 0 0 0 
49 0 0 0 0 0 0 0 0 0 47 0 27 0 22 0 44 0 21 5 0 0 0 0 0 0 0 0 0 0 
0 0 0 3 0 0 0 45 0 0 0 0 0 0 20 31 0 0 0 0 0 0 0 0 46 40 0 0 0 
0 0 47 27 0 0 42 47 0 0 0 16 37 0 0 0 0 0 0 0 44 8 29 0 0 0 49 0 
0 9 0 0 0 0 0 0 26 5 0 12 0 10 0 0 0 0 1 0 0 0 13 0 0 0 0 
0 9 0 0 41 0 0 0 0 50 0 32 0 49 0 0 0 0 0 0 0 0 6 0 35 0 
0 46 0 0 25 0 5 0 0 0 0 0 13 0 0 0 20 38 0 0 0 0 0 0 0 
0 0 0 0 0 0 19 0 0 44 0 0 0 0 0 0 0 0 0 0 0 0 0 5 
0 20 0 0 0 0 0 0 0 0 0 0 0 0 0 0 0 0 0 0 0 0 0 
0 0 0 27 0 0 0 0 0 0 33 0 0 19 0 0 0 0 0 0 0 11 
0 0 0 4 0 0 0 0 0 0 0 0 44 24 0 0 15 0 37 0 0 
0 0 0 0 0 4 0 0 0 0 0 0 0 0 0 0 0 0 0 6 
0 0 0 0 48 0 0 0 0 0 32 0 0 43 0 0 33 48 0 
0 0 0 21 0 0 0 0 0 0 0 39 0 0 0 0 0 49 
0 40 0 0 0 44 0 0 0 0 0 0 0 26 0 0 10 
33 0 7 0 0 14 0 0 0 0 0 0 44 13 7 0 
0 0 0 0 0 0 37 11 49 30 0 0 0 0 0 
0 8 0 29 0 0 0 31 8 0 39 0 0 0 
0 0 0 0 35 0 0 0 0 0 0 0 23 
0 0 21 0 46 0 0 0 0 30 0 0 
0 0 31 0 0 0 0 0 23 0 17 
0 47 0 0 0 0 32 0 50 0 
49 0 0 0 1 0 0 0 0 
0 0 0 0 0 0 0 20 
0 0 0 0 0 0 0 
0 0 0 0 0 0 
0 0 0 0 0 
0 0 0 0 
0 0 0 
0 0 
0 

1 13
1 22
1 35
1 37
1 47
1 59
1 68
1 79
1 91
1 99
2 6
2 7
2 35
3 21
3 33
3 40
3 67
3 78
4 19
4 20
4 54
4 58
4 59
4 61
4 71
4 84
4 87
4 96
5 6
5 10
5 18
5 33
5 41
5 44
5 58
5 66
5 67
5 80
5 87
5 94
5 98
6 12
6 59
6 78
7 9
7 18
7 21
7 60
7 82
8 25
8 39
8 45
8 61
8 77
8 91
9 20
9 68
10 12
10 17
10 28
10 67
10 76
10 80
10 83
10 90
10 92
11 31
11 36
11 55
11 71
11 83
12 20
12 21
12 29
12 43
12 50
12 98
12 100
13 15
13 19
13 36
13 44
13 47
13 58
13 85
13 93
14 29
14 70
14 71
14 87
14 92
14 98
14 99
15 22
15 29
15 52
15 53
15 63
15 76
15 87
16 45
16 56
16 63
16 65
16 89
17 27
17 36
17 46
17 66
17 81
17 95
17 97
17 99
18 25
18 26
18 27
18 79
18 83
18 86
18 87
19 50
19 56
19 64
19 80
19 99
20 52
20 66
20 78
20 83
21 26
21 32
21 36
21 75
21 85
21 87
22 23
22 31
22 63
22 74
22 80
23 24
23 29
23 30
23 41
23 62
23 77
24 27
24 29
24 75
24 76
24 89
24 91
24 93
25 40
25 43
25 56
25 59
25 63
25 75
25 91
26 28
26 29
26 35
26 39
26 44
26 48
26 49
26 70
26 79
26 82
27 37
27 44
27 66
27 70
28 29
28 58
28 64
28 93
29 32
29 56
29 58
29 78
29 94
30 38
30 55
30 57
30 60
30 72
30 91
31 82
31 85
31 94
31 97
32 35
32 38
32 44
32 49
32 68
32 75
32 77
32 89
33 51
33 54
33 61
33 72
33 86
33 87
34 48
34 50
34 54
34 73
34 76
34 92
34 94
35 53
35 67
35 78
35 95
36 42
36 52
36 61
37 46
37 50
37 56
37 94
38 42
38 60
38 67
38 71
38 89
39 52
39 73
39 99
40 78
40 82
40 92
41 96
42 50
42 75
42 81
43 56
43 57
43 59
43 74
43 80
43 82
43 88
43 89
43 97
44 56
45 46
45 48
45 58
45 65
45 72
45 73
45 79
46 47
46 87
46 97
47 55
47 81
48 56
48 63
48 65
48 89
49 59
49 62
49 75
49 80
49 91
50 55
50 60
50 62
50 95
50 96
51 58
51 59
51 60
51 61
51 79
51 80
51 88
51 91
51 95
52 53
52 62
52 63
52 70
52 75
52 95
52 100
53 64
53 76
53 82
53 88
53 96
53 97
54 96
54 100
55 56
55 60
55 73
55 79
56 66
56 70
56 78
56 83
56 88
56 95
56 100
57 73
57 77
57 96
58 100
59 76
59 79
59 90
59 91
59 95
60 67
60 69
60 71
60 73
60 89
60 92
61 79
62 78
62 80
62 85
63 81
63 95
64 77
64 78
64 96
65 85
65 99
65 100
66 75
66 83
66 100
67 70
67 76
67 87
68 80
68 95
68 97
68 99
69 74
69 80
69 98
70 80
71 74
71 76
71 78
72 77
72 89
72 97
73 76
73 84
74 75
74 81
74 83
75 90
76 95
77 78
77 93
77 95
78 83
78 86
79 85
79 87
79 91
79 97
80 88
81 84
81 94
82 87
82 97
82 99
83 86
83 87
83 92
83 93
83 99
85 87
85 89
85 99
87 94
88 90
88 95
88 100
89 96
91 100
92 94
92 95
