100 792 1000

84 57 81 93 71 35 68 19 45 24
102 108 70 44 80 14 94 105 99 53
16 110 76 42 29 22 49 45 93 46
37 19 106 45 21 109 38 37 43 76
86 64 64 90 89 87 99 39 17 80
37 13 43 67 36 30 34 33 72 87
106 100 80 35 92 99 26 66 105 90
70 64 33 56 45 54 33 61 27 86
68 27 98 28 99 12 30 74 108 49
55 106 86 19 86 27 48 19 73 40

74 47 71 83 61 25 58 9 35 14
92 98 60 34 70 4 84 95 89 43
6 100 66 32 19 12 39 35 83 36
27 9 96 35 11 99 28 27 33 66
76 54 54 80 79 77 89 29 7 70
27 3 33 57 26 20 24 23 62 77
96 90 70 25 82 89 16 56 95 80
60 54 23 46 35 44 23 51 17 76
58 17 88 18 89 2 20 64 98 39
45 96 76 9 76 17 38 9 63 30

0 0 1 0 0 0 0 0 0 0 0 0 0 0 0 0 17 0 0 0 0 0 0 0 12 0 0 0 0 0 0 0 0 0 0 0 19 0 0 0 0 22 0 0 0 0 0 0 0 0 0 3 0 0 0 0 0 0 1 0 0 14 0 0 0 0 0 47 0 0 0 0 6 0 35 0 0 0 0 0 0 37 0 0 0 0 0 0 0 0 0 29 0 0 0 0 0 0 0 
0 0 0 0 8 0 0 0 0 0 0 0 0 0 0 0 0 0 35 0 0 0 30 0 0 0 50 0 0 46 0 0 0 0 0 0 0 0 0 0 0 0 0 0 0 0 0 0 0 0 0 0 0 0 0 0 37 0 0 0 0 0 0 0 0 0 39 0 0 0 0 0 0 0 21 0 0 0 0 0 0 0 0 0 0 34 8 0 0 0 0 39 0 0 0 0 0 49 
0 0 0 0 0 0 0 30 0 0 0 0 0 0 0 0 0 0 0 0 0 0 0 0 0 0 0 0 0 0 0 0 0 0 0 39 0 0 0 0 0 0 0 0 0 0 11 33 0 0 0 0 0 35 0 0 0 0 0 0 0 0 0 0 0 0 0 0 0 0 42 0 50 50 0 0 0 0 0 6 0 0 44 0 0 0 0 0 22 0 0 0 0 0 2 22 0 
0 7 9 11 26 0 0 0 0 0 19 21 0 35 0 0 33 9 0 0 0 0 0 9 0 0 0 0 0 50 41 0 0 0 0 0 0 0 0 0 0 0 26 0 17 0 0 30 0 0 0 0 0 0 0 0 0 0 0 0 0 0 2 0 0 0 0 0 0 0 0 0 0 0 4 0 0 0 0 0 0 7 0 0 0 0 42 0 0 0 0 0 0 45 0 0 
0 0 0 23 0 0 21 0 9 0 0 0 0 0 0 0 0 45 2 0 0 0 7 0 0 13 4 0 0 29 0 0 48 0 3 0 0 0 0 0 0 0 0 0 0 0 35 0 0 0 0 0 0 0 32 0 0 33 0 0 5 0 0 0 0 0 25 0 0 0 0 0 11 12 0 0 13 0 0 0 0 45 0 0 49 0 0 0 0 45 0 0 0 0 17 
0 0 12 0 36 1 0 0 17 0 0 0 0 0 0 0 0 0 0 50 0 0 36 0 0 0 0 0 0 0 0 0 0 0 0 0 0 0 0 0 0 0 0 0 17 31 0 0 18 0 0 0 0 0 0 0 0 0 40 0 0 33 0 0 33 0 0 0 0 47 0 32 0 0 48 0 0 0 0 0 0 0 0 0 35 0 0 0 0 0 0 0 0 32 
0 0 22 0 0 30 0 0 0 0 0 11 0 18 0 0 0 0 11 0 0 47 0 0 0 0 0 0 0 0 0 1 0 0 0 4 0 49 0 0 15 0 0 0 0 0 0 29 0 0 0 0 0 0 0 0 46 14 0 0 0 0 0 0 0 0 0 0 0 0 37 0 0 0 0 0 0 32 0 0 41 47 0 0 0 0 0 0 0 38 0 0 0 
0 0 0 0 0 0 0 0 0 23 10 0 0 15 0 26 0 0 0 0 0 29 0 0 0 0 0 0 0 0 0 21 0 0 0 0 0 0 0 49 6 0 0 0 0 0 0 0 0 0 0 0 0 0 0 0 0 0 0 23 0 50 0 0 0 0 0 0 0 0 0 17 0 0 0 0 0 0 38 27 7 17 0 0 0 0 0 0 0 0 0 0 
0 25 0 50 0 0 0 0 0 0 30 0 22 37 1 0 0 0 0 0 0 0 0 17 0 0 0 0 0 0 0 0 35 0 0 3 0 0 0 19 0 0 2 0 0 0 0 7 0 13 5 0 0 0 0 0 0 0 46 0 0 0 0 7 0 0 0 0 0 12 0 0 0 0 0 0 0 0 0 0 0 0 0 0 0 0 0 0 0 49 0 
0 0 0 0 24 0 0 0 0 0 0 0 6 0 0 44 0 0 36 0 35 0 0 0 0 0 0 0 0 0 0 0 0 0 0 0 0 0 0 0 0 0 0 0 0 0 29 31 0 0 37 0 31 0 0 0 0 0 21 0 0 0 0 0 0 0 0 0 0 0 0 0 0 0 0 0 0 39 30 40 0 0 11 0 0 0 0 0 0 0 
0 49 0 0 0 0 0 0 0 0 0 0 0 46 0 15 0 27 0 0 0 7 0 0 0 0 0 0 0 0 0 0 0 0 27 0 0 7 0 0 0 0 0 0 0 0 0 0 0 0 31 0 0 0 0 0 0 0 0 0 0 0 20 0 0 34 0 0 0 0 0 0 0 0 0 9 0 0 0 0 0 0 46 49 50 0 0 0 0 
0 0 0 0 0 4 0 0 0 0 0 0 0 0 0 0 0 0 31 0 0 0 0 0 0 0 0 0 0 0 0 0 0 0 0 0 0 36 0 0 0 0 0 0 0 0 0 10 46 0 34 32 0 0 32 44 38 0 0 0 0 0 0 0 0 7 0 0 0 0 0 0 0 0 0 27 14 0 0 0 0 10 0 0 0 44 0 14 
0 0 0 0 0 0 0 0 0 8 0 0 0 0 0 0 0 0 50 0 0 0 0 0 0 0 0 0 0 0 25 0 0 0 17 0 0 0 0 0 0 0 0 0 0 0 0 0 0 0 0 0 0 0 0 0 0 0 42 48 0 0 0 0 0 0 0 0 0 0 19 11 0 0 0 0 0 0 3 0 0 0 0 0 47 0 0 
0 0 0 0 0 38 0 0 0 0 0 0 0 0 0 0 0 0 0 0 0 0 0 0 0 0 0 0 0 0 0 0 0 0 33 34 0 0 0 35 0 0 39 0 0 0 41 0 0 0 0 0 0 0 0 0 0 0 0 0 0 0 0 0 0 0 37 0 0 27 0 0 0 0 42 0 0 0 0 21 0 0 16 3 0 0 
25 0 0 0 0 0 0 0 0 0 0 0 0 0 0 0 0 0 0 47 4 0 0 0 0 13 0 0 0 0 0 14 0 0 0 7 0 0 0 0 0 0 0 0 0 50 0 0 42 0 0 0 0 0 0 0 0 27 0 0 0 35 3 0 0 0 0 0 0 0 0 0 0 0 0 32 5 0 0 0 0 0 0 0 0 
0 0 0 7 0 0 0 0 0 0 0 0 0 0 0 0 0 0 0 0 0 5 0 30 16 0 0 0 27 24 20 0 0 0 4 0 0 0 0 0 9 0 0 0 0 0 0 0 0 0 0 0 9 0 0 0 0 0 23 0 0 0 0 0 0 0 0 0 17 0 0 0 0 13 29 0 0 0 0 0 0 6 0 0 
0 0 0 0 0 0 0 0 0 0 0 0 0 0 19 0 42 39 0 0 0 0 48 27 0 0 0 0 0 0 0 34 0 0 13 0 0 0 0 0 0 0 0 33 0 0 0 0 0 23 0 0 0 0 0 0 0 0 2 0 0 22 0 0 0 0 0 47 0 28 0 0 0 35 0 0 0 0 0 0 0 0 0 
0 0 33 0 0 4 0 19 0 0 41 0 0 0 0 0 0 0 0 0 0 0 8 0 0 0 0 0 11 0 0 0 12 0 0 26 0 0 0 0 0 0 0 0 27 0 0 0 0 0 0 32 0 0 34 0 0 0 0 0 0 0 0 0 0 0 0 0 0 0 0 1 0 27 0 0 0 0 0 0 0 0 
0 0 0 0 0 0 0 0 0 5 2 0 0 0 0 32 0 0 0 0 17 0 0 0 4 0 0 0 0 22 0 0 0 0 0 18 22 46 43 0 0 23 0 0 0 0 0 0 6 0 38 0 37 0 0 0 0 0 0 0 0 0 0 30 0 0 0 0 0 50 0 0 0 0 0 0 21 0 8 0 0 
26 0 0 0 0 0 0 0 0 0 0 8 0 0 0 0 0 0 0 4 0 0 48 28 0 0 0 0 0 0 0 0 0 0 0 0 0 0 0 0 0 0 0 0 36 6 48 0 0 0 0 0 0 0 0 0 0 0 39 0 0 0 0 40 0 0 0 0 0 0 0 0 0 0 0 0 0 18 0 0 
0 0 0 0 0 0 0 33 0 21 0 35 0 0 0 0 48 0 0 0 0 0 0 5 0 0 0 0 0 0 44 0 0 0 0 0 0 49 0 0 0 0 9 0 31 0 0 0 44 0 0 0 9 0 34 0 0 0 0 0 0 0 0 0 0 19 0 0 22 0 0 0 0 46 0 0 0 4 0 
0 0 0 0 0 20 43 0 0 0 0 0 0 0 0 0 0 27 0 0 38 25 0 0 0 0 0 12 0 0 0 0 0 0 0 0 0 3 11 34 0 50 0 0 0 0 0 41 0 37 0 0 0 0 0 34 0 0 0 0 0 10 0 0 0 0 0 0 0 0 30 0 0 0 0 0 0 0 
0 0 0 0 0 43 0 0 0 0 0 23 0 17 0 0 0 0 0 8 0 0 0 0 40 0 0 0 0 0 0 0 0 0 0 0 0 7 0 0 28 0 0 0 41 0 2 0 27 42 0 0 0 0 28 0 0 0 0 14 0 15 0 0 0 0 0 30 0 0 0 0 5 41 0 0 0 
0 0 0 0 16 0 0 14 0 0 0 0 0 0 0 0 0 0 0 0 0 0 0 0 0 8 0 0 0 0 0 0 0 0 0 47 38 0 0 25 0 0 0 0 18 0 0 21 0 0 0 0 26 0 0 39 44 0 33 35 0 0 0 0 0 0 0 0 0 0 0 50 0 0 36 0 
0 0 0 34 0 0 0 0 0 0 0 0 44 0 0 0 0 0 0 0 0 0 0 8 0 12 0 0 0 0 0 0 0 50 0 0 0 0 0 46 13 0 0 0 0 4 0 0 0 0 32 0 0 0 0 0 0 0 0 0 0 0 0 0 0 0 0 0 0 0 31 0 15 25 50 
0 0 0 0 0 0 0 45 0 0 0 0 0 0 0 45 0 22 0 0 2 8 0 0 0 2 0 0 0 0 0 0 0 0 0 17 0 0 0 0 0 0 0 0 0 20 0 1 0 0 0 0 21 0 0 0 0 0 0 0 0 0 43 0 0 0 38 0 0 0 0 44 0 0 
0 0 0 0 0 0 22 0 0 0 0 0 0 0 0 0 0 0 0 0 0 0 0 0 0 34 0 0 0 4 0 0 0 0 0 0 0 0 0 0 0 0 37 0 0 0 35 25 0 0 0 34 0 0 0 0 0 44 0 0 0 0 0 0 37 0 0 0 9 0 0 0 0 
0 0 0 0 0 6 0 0 0 0 0 25 30 0 0 1 0 0 0 0 0 0 0 0 0 0 0 0 21 0 23 0 0 35 44 0 0 0 0 0 0 0 0 1 32 49 0 0 0 0 0 0 0 0 0 0 0 0 0 0 0 0 0 0 26 0 0 0 29 0 0 0 
0 0 0 0 0 0 42 0 28 0 0 0 0 0 0 0 1 0 0 0 0 0 0 0 0 0 0 0 0 0 0 0 0 0 0 0 0 0 0 19 0 0 0 0 0 0 0 0 0 0 0 0 0 48 0 0 0 0 0 0 43 0 0 0 0 0 0 49 0 22 0 
0 0 0 0 0 0 0 0 0 0 28 28 0 0 0 0 0 0 0 0 0 28 0 0 0 0 0 0 0 0 0 0 0 0 49 35 0 0 0 0 5 0 0 18 0 0 26 21 49 50 0 0 0 7 0 12 0 0 0 0 0 0 6 0 0 0 0 0 0 0 
9 5 0 0 9 11 0 40 0 8 0 0 0 0 0 0 0 0 0 0 0 17 0 0 0 0 0 0 0 8 0 0 0 0 0 0 0 0 0 0 0 0 0 0 0 0 0 0 0 17 0 0 0 36 0 0 0 13 0 0 0 0 0 0 0 0 0 0 0 
0 0 0 0 44 24 0 0 0 0 0 0 0 0 0 31 0 0 0 50 0 0 0 0 0 0 0 0 0 0 0 4 0 0 0 0 0 0 0 0 25 0 0 0 0 0 0 0 34 0 0 33 0 0 0 0 0 0 0 0 0 0 0 0 0 0 0 0 
0 0 0 0 0 30 0 2 0 0 0 31 1 0 0 0 0 0 0 0 0 0 22 0 0 0 0 23 30 0 0 0 0 34 0 0 0 0 0 14 0 0 0 35 0 0 0 0 0 0 0 0 2 0 0 0 0 0 0 0 0 0 0 0 0 0 0 
0 0 0 20 0 0 0 43 5 0 0 10 0 0 0 0 0 0 0 0 8 3 0 0 0 0 0 0 15 9 0 0 0 0 0 0 0 40 0 40 0 0 32 0 0 0 0 0 0 16 19 43 0 0 0 3 0 0 0 42 0 0 0 0 0 0 
0 0 0 0 0 0 0 0 0 0 0 0 39 0 37 0 0 0 0 0 0 0 0 0 0 0 0 0 7 0 0 0 0 0 0 0 0 0 0 10 0 0 0 0 0 0 0 0 0 0 0 0 39 0 0 0 0 20 0 0 0 0 0 0 0 
0 0 0 0 0 9 28 0 23 0 0 0 0 0 0 0 0 0 42 0 0 1 0 0 0 40 4 0 0 0 0 0 0 0 0 0 0 0 0 0 0 12 0 0 0 47 0 0 0 39 0 0 0 0 0 0 0 0 0 0 0 0 0 0 
24 0 0 0 0 41 0 0 0 34 0 0 0 0 0 0 0 0 0 0 0 0 0 29 0 0 1 0 0 0 0 12 17 0 0 0 0 0 0 0 17 0 0 0 0 0 0 0 0 0 0 6 0 0 0 0 0 0 0 0 0 0 30 
0 0 0 0 0 0 0 0 0 2 0 0 31 0 0 0 44 0 0 0 10 0 0 0 0 0 0 0 0 0 0 0 0 0 0 0 0 0 0 46 15 0 0 0 0 0 29 0 0 0 0 0 0 30 0 0 0 0 0 0 0 27 
0 0 0 28 0 8 42 0 0 0 0 0 0 31 4 10 39 0 0 0 34 0 0 0 7 0 0 0 0 36 0 0 0 6 0 48 48 0 2 0 0 0 0 0 38 18 49 28 0 0 0 17 0 0 8 0 0 0 0 0 0 
0 46 0 0 0 17 0 0 0 0 0 21 0 0 0 0 0 0 0 3 0 0 0 0 0 0 0 0 0 0 0 0 0 0 0 0 0 0 26 0 0 0 0 0 0 0 0 29 0 0 7 0 40 47 0 0 0 0 0 0 
14 0 15 0 0 0 0 0 0 0 0 44 0 0 0 0 0 3 0 0 0 0 37 0 0 3 0 0 0 0 0 0 0 0 0 0 0 8 0 0 12 31 0 5 0 0 0 0 0 0 7 0 0 8 0 0 0 0 0 
0 0 44 0 0 0 0 0 0 0 42 0 0 0 0 0 0 0 0 0 0 0 0 0 0 9 0 0 0 24 35 0 0 0 0 33 0 7 0 0 0 28 0 0 0 0 0 0 0 0 18 0 0 22 0 0 1 32 
38 0 0 0 0 0 0 0 0 0 0 0 0 0 0 0 44 0 0 33 0 39 8 17 0 0 16 0 0 0 0 35 0 0 0 0 0 0 0 0 20 44 36 0 0 0 31 0 0 0 0 0 9 0 0 0 0 
0 0 27 0 0 0 0 0 0 0 28 0 0 0 0 0 0 0 0 0 22 0 24 0 0 0 0 0 0 0 0 0 0 0 0 0 0 0 0 0 0 0 0 0 0 0 0 0 0 0 0 36 12 0 0 42 
0 0 37 1 0 37 0 34 0 0 0 0 0 0 0 42 0 49 0 0 12 0 0 20 0 0 0 42 0 0 0 0 44 0 0 0 0 0 0 0 23 0 0 0 0 0 0 0 0 0 0 0 0 0 0 
0 0 0 0 0 0 0 0 42 38 0 0 0 0 0 0 4 0 0 0 14 32 21 0 0 0 0 0 0 0 22 0 0 20 0 0 0 0 0 0 0 0 0 3 0 0 0 0 0 0 10 12 0 0 
0 48 0 39 0 0 0 0 0 0 0 0 0 28 0 0 0 0 0 0 0 0 0 16 29 19 1 0 0 4 0 8 7 38 0 0 0 0 5 13 0 0 0 0 0 0 0 29 0 0 0 12 0 
0 0 0 0 0 0 36 0 0 0 0 0 0 29 0 0 0 0 0 0 40 0 0 0 0 0 0 25 0 0 0 0 0 0 21 0 0 0 0 0 0 0 0 0 0 0 0 0 0 0 0 0 
0 0 0 0 0 0 0 0 0 0 18 0 0 0 0 0 0 0 38 0 0 0 0 0 49 0 0 0 0 0 0 0 0 0 0 0 0 35 0 49 0 0 0 0 0 0 0 0 32 0 0 
0 0 4 0 0 0 0 0 0 0 0 0 0 0 0 0 0 18 0 0 0 0 46 29 0 0 0 0 0 0 0 0 0 0 6 0 0 20 0 0 0 0 0 0 0 0 0 0 0 0 
40 0 0 0 0 0 42 0 0 0 0 0 0 3 0 0 0 0 0 23 0 0 0 16 0 0 0 18 0 0 36 0 18 0 0 0 0 28 0 16 0 12 0 0 0 14 45 0 0 
9 19 0 0 2 0 0 0 0 39 0 0 0 0 0 18 0 0 0 0 0 28 0 0 0 0 0 0 0 9 0 0 0 0 0 0 0 0 0 0 0 0 0 0 0 0 0 0 
0 0 3 43 0 0 0 0 0 0 3 0 0 0 0 0 0 0 0 32 0 0 0 0 0 0 0 0 0 0 0 0 0 7 0 0 0 0 34 0 27 0 0 11 0 48 0 
0 0 17 12 2 0 0 5 0 0 0 0 0 23 0 0 0 0 0 0 0 0 0 47 0 0 0 0 0 0 50 0 31 0 0 37 0 0 0 0 0 0 0 0 0 0 
0 0 0 0 0 12 0 0 3 0 0 0 0 0 0 0 0 0 0 0 0 0 0 0 41 0 0 0 28 0 0 0 0 19 0 0 0 0 0 0 0 0 0 0 0 
0 33 0 0 0 0 0 0 0 0 0 0 0 0 0 0 0 0 0 0 0 0 0 0 0 8 0 0 0 0 0 0 49 14 0 0 0 0 0 0 0 0 0 0 
0 0 0 0 0 0 27 0 0 0 0 0 0 0 0 0 0 0 0 0 0 14 0 0 28 0 0 45 0 0 0 3 0 0 7 11 0 0 22 0 0 0 0 
0 0 18 0 0 0 0 0 0 0 4 0 0 0 0 0 0 26 4 0 22 0 0 0 0 0 0 0 0 0 0 14 0 18 0 0 36 24 0 0 0 0 
0 0 0 0 0 0 0 0 0 0 0 0 28 0 0 0 0 0 0 0 0 0 35 0 42 0 0 0 0 0 0 0 0 0 0 0 0 30 0 0 0 
0 0 0 0 0 0 0 0 0 0 0 0 41 0 0 0 0 0 0 0 0 29 0 0 0 0 0 0 0 0 0 0 0 0 0 15 0 28 30 0 
0 0 0 5 0 0 0 0 0 0 0 0 21 0 17 0 0 0 45 0 0 0 40 0 0 42 12 0 0 0 0 0 39 0 0 0 0 0 0 
0 0 0 0 0 0 0 0 43 0 38 41 0 29 0 0 0 0 44 0 0 0 0 0 0 0 0 0 0 0 0 36 40 0 0 9 0 0 
0 0 0 0 0 0 0 0 0 0 0 0 0 0 21 31 44 0 0 0 0 0 0 0 40 48 0 0 0 0 48 0 0 0 0 0 0 
0 0 0 0 0 0 0 0 0 0 0 26 0 32 0 0 0 0 0 0 0 0 0 0 0 0 0 0 1 17 0 0 0 0 0 0 
0 8 0 0 0 3 0 0 37 0 0 0 0 0 0 0 0 0 10 0 0 0 29 0 0 0 48 0 0 0 13 0 0 46 0 
0 0 21 0 23 0 0 33 0 0 0 0 4 0 0 10 0 0 0 0 0 0 0 18 0 0 0 14 5 0 0 0 0 0 
0 30 0 0 37 0 0 38 0 0 0 0 14 9 0 0 0 31 0 0 0 0 0 13 0 0 0 0 0 0 0 0 22 
0 37 0 0 0 0 0 0 0 44 39 0 0 0 0 12 0 0 0 0 0 0 0 0 0 0 0 24 0 0 0 0 
0 0 0 0 0 0 0 0 0 0 0 0 0 0 0 0 20 0 0 0 0 0 0 0 0 0 0 18 0 0 0 
0 0 0 0 0 0 17 0 0 0 0 0 2 0 0 0 0 0 0 0 2 0 0 0 0 0 0 0 0 33 
24 0 0 0 0 0 19 24 0 0 0 0 0 0 27 0 0 0 0 0 0 0 0 46 0 0 0 2 0 
0 0 0 0 0 36 0 0 0 0 0 0 0 0 0 0 0 0 0 0 0 0 0 0 0 0 48 0 
0 0 18 15 0 0 0 0 0 0 0 0 6 0 0 0 0 0 0 0 0 0 0 23 0 0 0 
0 0 45 0 0 6 0 0 0 0 0 0 0 0 31 0 0 0 0 0 0 0 0 0 44 0 
0 0 0 0 0 0 0 0 0 0 7 0 0 0 0 0 0 0 0 0 0 0 44 0 0 
0 27 27 0 0 0 6 0 0 23 0 0 0 0 0 0 0 48 0 0 0 0 0 0 
0 0 0 0 0 16 0 18 0 0 0 0 0 0 0 0 0 0 0 0 0 0 0 
0 45 0 0 0 0 0 0 0 0 0 0 42 0 25 40 0 0 0 0 0 34 
0 0 0 0 0 48 17 0 0 0 0 0 0 0 22 0 12 0 0 2 0 
0 0 0 27 0 0 0 0 0 0 0 0 0 0 0 0 0 0 14 0 
0 0 0 36 0 0 0 21 0 0 0 0 0 0 0 0 0 0 0 
0 0 0 0 0 6 0 0 0 0 0 0 40 0 0 27 16 0 
0 0 0 38 0 0 0 3 0 0 0 0 18 0 0 0 0 
0 0 0 0 16 41 0 0 0 0 0 0 0 0 8 0 
0 17 0 0 0 0 0 50 0 19 12 0 0 0 0 
0 0 0 0 4 0 0 0 0 0 0 0 0 41 
0 0 0 0 0 0 0 0 0 0 0 43 0 
0 0 0 0 0 0 0 0 0 0 40 0 
2 0 0 32 8 6 0 0 12 0 0 
45 0 0 0 0 0 0 0 0 0 
0 0 0 0 0 4 0 0 0 
0 38 47 0 0 0 0 0 
0 0 0 0 0 0 24 
0 0 0 0 0 0 
22 0 0 0 0 
0 0 6 0 
0 12 0 
0 0 
0 

1 5
1 7
1 9
1 15
1 29
1 30
1 35
1 45
1 50
1 72
1 75
1 89
1 90
1 96
2 13
2 14
2 16
2 17
2 20
2 24
2 30
2 34
2 35
2 36
2 41
2 44
2 46
2 50
2 56
2 58
2 63
2 65
2 66
2 68
2 76
2 78
2 79
2 80
2 81
2 97
2 98
3 6
3 19
3 23
3 27
3 28
3 31
3 33
3 35
3 42
3 44
3 47
3 61
3 68
3 87
3 88
3 89
3 91
3 97
3 100
4 42
4 43
4 50
4 56
4 82
4 89
4 97
5 8
5 10
5 15
5 18
5 43
5 51
5 53
5 54
5 55
5 68
5 69
5 70
5 73
5 74
5 88
5 91
5 93
5 94
6 18
6 19
6 22
6 32
6 41
6 45
6 46
6 47
6 86
6 94
6 95
7 9
7 15
7 27
7 28
7 32
7 40
7 42
7 44
7 56
7 59
7 71
7 76
7 80
7 82
7 90
8 9
8 12
8 13
8 20
8 31
8 38
8 50
8 54
8 56
8 59
8 62
8 64
8 76
8 85
9 10
9 16
9 25
9 28
9 32
9 41
9 50
9 53
9 54
9 55
9 62
9 63
9 66
9 82
9 85
9 88
9 91
9 94
10 16
10 19
10 21
10 40
10 43
10 45
10 55
10 56
10 59
10 67
10 76
10 79
10 80
10 85
10 87
10 99
10 100
11 12
11 21
11 34
11 35
11 39
11 43
11 52
11 60
11 80
11 81
11 85
11 90
12 19
12 21
12 27
12 29
12 49
12 57
12 58
12 72
12 82
12 96
12 97
13 22
13 28
13 30
13 34
13 35
13 43
13 45
13 63
13 68
13 69
13 81
13 83
13 88
13 90
13 91
13 95
13 97
14 16
14 17
14 19
14 24
14 25
14 29
14 35
14 44
14 48
14 56
14 62
14 67
14 72
14 91
15 23
15 26
15 29
15 33
15 34
15 37
15 39
15 40
15 52
15 55
15 58
15 59
15 72
15 89
15 90
15 99
16 21
16 26
16 29
16 31
16 44
16 54
16 59
16 65
16 68
16 71
16 84
16 86
16 89
16 93
16 94
16 97
16 99
17 18
17 26
17 36
17 37
17 70
17 86
17 88
17 92
17 94
17 96
17 97
17 99
18 20
18 28
18 32
18 35
18 40
18 45
18 46
18 49
18 60
18 66
18 81
18 82
18 88
18 89
18 91
18 95
18 96
19 22
19 26
19 31
19 33
19 38
19 53
19 67
19 80
19 85
19 86
19 90
19 93
20 22
20 23
20 28
20 29
20 35
20 39
20 42
20 51
20 58
20 59
20 64
20 68
20 69
20 74
20 85
20 96
20 97
21 22
21 26
21 40
21 54
21 65
21 67
21 71
21 75
21 84
21 92
21 93
22 25
22 33
22 36
22 38
22 39
22 47
22 56
22 57
22 67
22 73
22 76
22 82
22 91
23 24
23 27
23 31
23 34
23 38
23 57
23 62
23 69
23 75
23 77
23 84
23 86
23 87
24 43
24 47
24 78
24 82
24 98
24 100
25 36
25 37
25 42
25 44
25 68
25 74
25 79
25 84
25 88
26 27
26 30
26 32
26 37
26 38
26 41
26 45
26 46
26 57
26 58
26 86
26 87
26 88
26 92
26 99
27 32
27 35
27 39
27 40
27 47
27 51
27 55
27 78
27 87
27 95
27 97
28 29
28 37
28 38
28 48
28 50
28 51
28 60
28 69
28 70
28 71
28 83
28 87
28 88
28 95
29 39
29 44
29 47
29 51
29 55
29 65
29 66
29 77
29 80
29 84
29 87
29 88
29 95
29 98
30 38
30 44
30 47
30 50
30 59
30 60
30 61
30 64
30 76
30 91
30 95
31 35
31 42
31 45
31 46
31 47
31 49
31 73
31 87
31 90
31 93
31 99
32 54
32 59
32 74
32 79
32 80
32 90
32 94
33 36
33 48
33 75
33 79
33 82
33 89
33 91
34 35
34 37
34 53
34 60
34 81
34 92
34 96
35 45
35 47
35 60
35 62
35 72
35 73
35 74
35 80
35 86
35 94
36 39
36 40
36 41
36 46
36 54
36 57
36 72
36 73
36 75
36 83
36 85
36 88
36 92
36 97
36 99
37 39
37 51
37 54
37 73
37 79
37 90
37 94
37 95
38 40
38 41
38 45
38 69
38 71
38 74
38 77
38 90
38 93
38 97
38 99
39 41
39 52
39 59
40 41
40 43
40 48
40 49
40 53
40 59
40 64
40 70
40 83
40 90
40 100
41 45
41 48
41 51
41 58
41 65
41 70
41 72
42 65
42 67
42 69
42 76
42 92
43 55
43 62
43 68
43 72
43 73
43 76
43 88
43 91
43 92
43 99
44 50
44 57
44 62
44 63
44 68
44 69
44 70
44 75
44 76
44 83
44 90
45 70
45 74
45 75
45 85
45 93
46 50
46 51
46 52
46 57
46 58
46 61
46 71
46 72
46 75
46 96
47 53
47 55
47 59
47 60
47 65
47 69
47 82
47 84
47 89
47 92
47 94
47 98
48 60
48 63
48 70
48 72
48 73
48 82
48 87
48 89
48 91
48 99
48 100
49 51
49 52
49 53
49 56
49 66
49 73
49 76
49 81
49 94
50 52
50 56
50 60
50 71
50 79
50 83
50 92
50 93
50 94
50 98
50 99
51 57
51 70
51 90
52 58
52 65
52 71
52 72
52 76
52 80
52 81
52 96
52 97
52 100
53 69
53 70
53 76
53 98
53 100
54 56
54 63
54 64
54 67
54 76
54 77
54 82
54 86
54 95
54 97
55 58
55 65
55 69
55 95
55 98
56 57
56 59
56 62
56 63
56 74
56 77
57 58
57 61
57 72
57 75
57 84
57 99
57 100
58 62
58 74
58 87
58 89
58 93
59 60
59 69
59 78
59 98
59 100
60 62
60 63
60 67
60 75
60 77
60 78
60 83
60 85
60 94
60 95
61 62
61 79
61 83
61 89
61 90
62 66
62 67
62 72
62 78
62 82
62 89
62 99
63 76
63 84
63 85
63 86
63 90
64 65
64 70
64 86
64 87
64 95
66 73
66 80
66 84
66 91
66 97
67 82
68 71
68 81
68 82
68 95
69 70
69 73
69 81
69 84
69 87
69 91
70 96
71 73
71 88
71 89
71 90
71 96
71 98
72 73
72 85
72 87
72 88
72 89
72 93
72 95
72 96
73 81
73 83
73 92
73 95
73 99
74 78
74 81
74 82
74 84
74 85
74 86
74 87
74 90
74 97
75 88
75 90
75 99
75 100
76 85
76 88
76 89
76 92
77 87
77 88
78 84
78 97
79 83
79 89
79 90
79 98
80 81
80 85
80 94
81 82
81 83
81 84
81 95
81 97
82 84
82 87
82 89
82 90
82 97
83 86
83 92
83 95
84 92
84 96
84 97
86 88
86 94
87 89
87 90
87 95
87 96
88 94
88 96
88 98
89 97
90 93
90 100
91 95
92 97
92 99
92 100
93 98
94 95
95 100
96 98
97 100
