100 792 1000

25 62 74 70 84 44 105 84 58 89
47 17 39 73 53 55 71 54 88 74
65 19 93 67 26 15 94 82 38 23
38 36 35 98 50 42 99 22 40 49
63 85 33 91 86 36 64 68 50 33
26 94 68 52 65 31 63 62 105 68
103 93 73 44 77 80 23 31 58 11
23 49 34 65 58 67 110 86 44 27
33 20 67 81 16 85 55 43 45 30
104 51 23 16 39 108 105 104 62 81

15 52 64 60 74 34 95 74 48 79
37 7 29 63 43 45 61 44 78 64
55 9 83 57 16 5 84 72 28 13
28 26 25 88 40 32 89 12 30 39
53 75 23 81 76 26 54 58 40 23
16 84 58 42 55 21 53 52 95 58
93 83 63 34 67 70 13 21 48 1
13 39 24 55 48 57 100 76 34 17
23 10 57 71 6 75 45 33 35 20
94 41 13 6 29 98 95 94 52 71

10 9 46 0 0 0 0 0 0 0 0 0 0 0 0 0 2 0 0 0 0 44 0 0 0 0 0 0 25 0 0 0 46 0 0 5 0 0 29 0 0 0 0 29 0 0 0 0 0 0 0 0 32 2 0 0 0 0 0 0 33 39 0 8 0 0 0 0 43 0 0 0 0 0 0 0 46 0 21 0 0 0 0 0 0 0 0 0 22 38 0 0 0 0 0 0 0 0 0 
0 0 0 0 0 0 0 12 0 0 0 0 0 0 0 0 0 0 0 0 0 0 0 0 0 0 0 23 0 0 0 0 0 0 0 0 0 0 0 0 0 0 0 0 0 0 0 0 35 0 0 0 40 47 0 0 0 0 0 0 0 0 0 0 0 0 0 0 0 32 0 0 0 0 0 0 0 0 0 48 0 0 0 0 0 0 0 0 0 0 0 0 0 46 0 0 0 0 
0 0 0 27 0 12 0 0 0 0 0 0 0 0 0 0 0 0 0 0 0 0 0 0 0 0 0 0 0 0 0 0 0 0 0 0 47 0 0 0 0 0 0 12 0 0 0 0 0 0 34 0 0 0 0 0 0 0 0 40 0 0 0 0 29 0 0 10 0 18 0 0 0 0 0 2 0 0 0 25 35 0 0 0 0 0 0 0 0 48 0 0 0 0 0 0 0 
0 0 0 6 11 0 0 28 0 0 0 0 0 0 0 0 16 0 0 0 23 0 0 16 0 0 0 0 9 0 0 5 0 1 0 0 43 0 0 0 25 0 0 0 18 0 0 0 0 0 0 0 0 0 0 0 35 0 0 2 0 0 0 0 0 0 0 0 0 0 0 0 0 45 0 25 0 0 0 0 0 0 0 13 0 0 0 0 0 0 0 26 0 0 0 0 
0 32 0 24 0 0 0 0 0 0 0 42 0 25 0 0 3 0 47 46 20 7 0 0 0 0 0 12 6 0 0 0 0 46 0 0 0 0 0 0 45 0 0 0 0 0 0 0 0 0 0 0 0 0 17 0 0 0 0 0 0 0 0 0 0 0 10 0 0 0 0 0 0 0 0 0 0 41 0 0 0 0 1 0 0 0 0 0 0 36 22 0 0 0 48 
0 0 0 0 0 0 0 0 0 8 0 0 0 0 0 0 0 0 0 0 0 0 25 9 0 0 0 0 0 41 32 3 0 0 25 0 0 0 0 0 0 0 0 0 4 24 0 0 1 0 50 0 0 0 0 12 10 46 0 0 0 0 0 0 0 17 0 45 0 0 0 9 0 0 0 35 13 0 0 0 0 0 0 9 0 0 0 0 0 18 0 0 36 0 
0 0 0 0 50 0 0 0 17 0 0 0 0 0 0 0 0 0 0 35 0 20 0 0 0 6 0 0 0 0 0 0 0 0 0 0 0 28 0 0 0 0 7 0 0 0 0 0 48 0 0 0 0 0 0 0 0 0 0 0 27 0 0 0 0 0 14 0 0 0 0 0 0 42 0 0 18 0 4 0 0 0 0 0 0 42 0 0 0 0 0 41 0 
13 0 24 0 0 0 16 0 30 0 5 0 20 50 0 0 0 37 0 0 0 0 0 0 0 0 0 0 6 0 39 0 0 0 0 0 0 0 0 0 0 0 48 0 26 0 0 0 0 0 0 0 0 48 0 0 0 0 0 48 0 1 0 0 0 0 0 0 41 0 30 44 0 0 0 0 0 0 0 12 0 0 0 0 0 15 0 0 0 0 0 0 
0 0 0 0 0 13 0 0 0 0 0 0 49 0 0 0 27 0 8 0 0 0 0 0 0 0 0 0 0 0 0 0 22 0 0 0 0 0 0 0 0 2 0 0 0 0 0 0 0 0 20 0 0 0 0 31 0 0 9 0 0 0 0 0 0 50 0 0 0 0 0 0 0 33 25 0 0 50 0 6 0 5 0 0 0 0 0 0 0 0 0 
0 0 0 18 0 0 0 0 0 0 0 0 0 0 0 0 0 0 0 20 0 0 43 4 16 0 0 0 0 0 0 0 0 0 0 0 0 0 4 0 0 42 0 0 0 0 0 44 0 0 0 0 0 0 24 0 0 36 32 0 0 0 0 0 0 0 0 0 36 0 0 40 38 0 0 0 43 0 0 0 0 0 0 0 0 0 0 0 0 0 
0 0 0 0 0 0 0 0 0 0 0 0 0 0 0 16 0 0 0 0 0 0 0 0 47 0 0 0 0 0 31 0 48 0 0 0 0 0 0 0 0 0 0 0 0 0 0 0 0 0 0 0 0 0 20 0 0 0 0 0 0 4 0 0 0 29 0 0 0 0 0 0 0 0 0 0 48 0 18 0 0 0 0 0 0 0 0 0 0 
0 23 45 0 36 0 0 0 0 0 0 0 0 0 0 0 0 0 0 0 28 0 0 0 21 0 0 24 0 0 0 14 25 0 47 0 0 23 20 0 0 12 0 44 0 0 14 0 0 0 0 0 0 0 0 0 17 0 0 0 0 0 24 15 0 0 0 0 0 0 28 0 1 0 18 28 33 36 0 0 0 0 0 0 0 0 0 0 
0 0 0 16 0 19 25 0 0 0 0 0 0 49 0 0 0 0 0 0 0 18 0 8 29 0 0 0 0 0 0 0 0 11 0 0 0 0 0 0 0 0 0 0 0 0 0 0 0 0 0 0 25 0 0 0 0 0 0 0 0 0 0 0 11 0 0 0 0 0 0 0 0 0 0 0 41 0 0 0 0 0 9 0 0 0 0 
0 0 0 0 0 0 0 0 0 0 22 39 0 4 0 0 0 0 0 28 44 0 2 0 0 0 0 0 16 0 0 0 0 0 14 0 0 0 13 0 0 0 0 0 0 0 0 0 0 42 0 0 0 0 0 0 35 0 0 0 0 13 0 0 0 0 0 0 0 0 0 0 0 0 19 0 0 0 0 0 42 47 37 38 0 0 
0 0 0 5 0 0 0 10 22 0 0 0 0 0 2 0 31 0 0 0 33 0 0 0 0 0 41 0 0 0 0 0 0 0 2 0 0 0 0 0 11 0 0 0 34 0 0 0 0 1 0 0 0 0 0 0 0 0 0 0 31 0 0 0 0 28 0 0 0 0 0 0 9 12 0 5 0 0 0 0 27 0 0 8 0 
0 0 40 0 0 0 0 0 0 0 31 0 11 0 0 0 0 0 0 0 38 0 0 0 0 0 4 39 0 37 0 11 0 0 0 0 28 0 0 4 0 0 0 0 0 0 0 44 20 0 0 38 0 0 0 0 18 46 0 0 17 0 0 0 0 12 0 0 0 0 0 11 22 0 0 0 0 18 0 0 35 0 0 0 
0 0 0 0 0 0 0 0 0 0 0 0 0 0 0 39 0 22 0 0 0 38 0 28 0 0 0 26 0 0 0 25 0 0 0 0 0 0 0 0 0 0 0 0 0 0 0 0 0 0 0 0 31 0 0 0 0 0 15 0 0 0 0 0 0 0 7 16 0 0 0 0 0 0 35 0 0 0 47 0 22 0 45 
16 0 0 0 0 0 0 0 0 32 0 0 44 0 17 0 0 0 0 0 0 0 0 47 5 0 23 0 0 0 0 0 0 30 0 0 0 0 0 0 0 0 0 0 0 0 0 29 0 48 25 0 33 0 0 0 0 24 0 0 0 26 0 3 0 24 0 0 0 0 0 0 0 0 0 0 49 0 0 21 34 0 
0 0 0 0 0 0 0 0 32 0 0 0 0 0 0 0 0 0 46 0 0 0 0 0 0 0 0 0 0 0 0 36 0 0 0 0 0 0 0 0 0 0 0 0 0 0 0 0 0 27 0 0 0 0 43 0 0 0 0 0 0 0 0 0 0 0 0 0 0 21 0 0 0 0 0 0 0 47 0 20 0 
29 0 0 0 0 0 0 0 0 0 0 0 0 0 8 44 0 0 0 0 0 0 0 0 0 0 0 0 0 9 6 0 0 0 44 0 15 0 0 0 0 0 0 0 0 0 0 24 0 0 0 0 0 0 0 12 0 0 0 0 0 27 0 0 22 0 0 8 0 22 0 13 0 40 0 4 0 0 0 0 
0 0 0 0 0 0 42 0 0 0 0 0 31 0 0 0 0 0 0 18 4 0 0 12 0 0 0 0 0 0 0 0 0 0 0 0 24 0 24 0 0 0 42 0 0 0 0 0 0 0 0 0 0 0 0 0 0 0 0 0 0 0 0 22 0 0 0 0 0 0 0 0 0 0 0 0 0 0 0 
0 0 0 0 38 0 0 38 0 0 0 0 0 0 30 0 0 0 26 11 11 0 0 0 0 0 0 0 0 0 0 0 0 0 0 0 0 0 0 0 0 0 0 0 0 4 22 0 0 0 45 0 0 25 0 0 0 0 0 0 0 0 49 0 0 0 0 0 0 0 0 0 0 0 0 0 0 0 
0 0 0 0 43 46 0 0 0 0 14 0 0 40 0 0 0 15 48 0 0 0 0 45 0 0 0 0 0 0 35 4 0 0 0 42 0 0 0 0 0 0 0 0 0 45 0 0 50 17 0 0 0 0 0 0 0 0 0 0 0 0 0 0 0 0 0 0 0 0 10 0 0 0 4 31 0 
0 0 0 35 0 0 0 0 0 39 0 0 0 0 10 0 0 0 0 0 32 0 0 32 0 0 29 0 0 0 0 44 0 0 0 0 0 0 46 0 0 0 0 0 0 0 44 0 0 0 0 0 0 0 44 0 0 0 0 0 0 0 0 0 0 0 4 0 0 0 0 0 0 40 0 0 
0 0 0 0 0 0 0 0 0 23 0 19 0 18 0 19 19 0 0 8 0 0 0 0 0 0 0 0 0 0 0 0 0 0 0 33 0 0 44 23 0 17 0 11 44 0 0 0 0 0 0 0 1 0 48 0 0 0 0 0 0 0 0 0 9 30 0 0 0 0 0 0 0 0 0 
0 0 0 14 0 0 0 0 0 2 0 0 0 0 0 0 0 0 0 35 0 0 0 0 0 0 0 0 0 24 24 0 0 0 37 0 0 0 0 0 0 0 0 0 0 0 16 40 0 47 0 23 2 0 0 46 0 0 0 0 0 0 0 0 0 0 0 0 0 0 0 0 26 0 
0 10 0 0 0 0 0 0 26 0 0 0 0 0 0 33 0 0 0 0 0 0 0 0 0 0 0 0 3 27 0 19 0 0 0 0 0 0 0 0 0 44 0 0 0 0 28 0 0 0 0 0 0 0 31 0 0 0 0 0 0 0 0 0 0 0 0 31 0 0 0 3 0 
0 8 0 19 45 0 0 0 0 24 0 0 0 17 0 0 0 0 0 0 0 0 0 0 0 0 0 0 0 0 0 0 0 0 0 0 50 0 8 0 0 0 0 0 41 0 0 0 23 44 0 0 0 0 24 2 0 0 0 0 0 0 0 0 0 0 0 0 0 43 0 0 
0 0 0 0 0 0 0 0 13 0 0 0 0 0 0 0 0 0 0 0 0 0 0 0 16 0 50 0 0 0 0 9 0 0 0 0 0 0 0 0 0 0 0 0 0 0 17 0 0 0 0 0 0 0 0 0 0 0 0 40 0 0 33 0 0 0 0 0 0 0 0 
0 0 42 11 0 0 23 42 0 0 17 0 0 0 0 0 0 30 0 0 24 0 0 0 0 0 0 0 0 0 0 0 0 12 2 0 0 0 0 0 0 0 0 0 0 0 0 0 48 0 49 0 30 0 0 0 0 36 0 48 0 35 19 0 0 0 0 0 0 0 
0 8 0 0 0 0 0 0 0 0 0 0 0 0 0 0 0 0 32 0 0 0 0 0 0 0 0 0 0 0 0 0 0 0 3 16 0 0 0 0 0 0 0 0 27 0 0 17 1 0 0 0 0 0 24 45 0 0 0 0 0 0 0 0 0 0 0 0 0 
0 12 0 0 0 0 0 41 0 0 2 0 0 46 30 0 0 49 49 0 0 0 0 12 0 0 0 0 0 0 0 0 0 0 0 0 0 0 0 0 0 0 0 0 0 0 0 0 0 0 0 0 0 48 0 0 0 0 0 0 0 0 0 0 46 0 0 0 
0 37 0 0 0 0 35 39 0 0 0 0 0 0 0 0 0 0 0 0 0 0 0 25 0 0 0 0 0 0 0 0 0 0 0 0 0 0 0 0 0 0 30 0 0 0 0 17 0 0 0 0 47 0 0 0 0 0 0 0 0 0 37 11 0 0 13 
0 0 0 0 0 0 0 0 0 0 0 43 0 0 10 0 0 0 0 19 15 24 0 0 16 22 0 0 0 0 0 30 0 0 19 0 0 0 0 5 0 0 0 0 0 0 0 0 42 25 0 0 0 0 0 20 0 0 0 0 0 42 0 38 0 0 
0 38 0 44 27 0 0 0 2 0 0 17 24 0 16 0 0 0 0 0 0 0 0 0 0 0 0 0 0 0 0 0 0 0 50 0 0 33 0 0 1 0 0 0 0 34 0 0 0 0 0 0 0 0 0 0 45 0 0 0 0 0 0 0 0 
0 0 11 0 29 0 0 12 0 0 18 0 0 27 0 0 0 0 0 0 0 0 0 0 0 0 0 0 0 0 0 0 0 0 0 0 45 0 0 3 0 15 33 0 0 32 0 24 48 0 0 0 0 0 0 48 0 0 0 38 0 0 0 0 
0 0 0 0 0 0 0 0 0 0 0 0 0 0 0 27 0 0 0 0 0 0 7 0 0 0 0 0 0 22 0 0 0 0 0 0 0 0 7 0 0 11 0 43 0 6 0 0 0 0 21 0 0 43 0 0 0 32 46 0 33 0 0 
8 0 0 0 0 0 11 0 0 0 0 23 32 0 0 0 0 0 0 8 0 42 0 0 0 0 0 39 0 0 0 0 0 0 0 0 0 0 0 0 48 0 0 5 0 0 24 0 0 3 42 0 0 27 43 0 0 0 0 0 0 22 
0 0 0 0 28 0 0 0 0 18 0 0 0 0 0 0 0 0 0 0 0 26 0 35 0 41 0 0 0 0 39 0 0 17 18 0 0 0 0 0 5 34 0 0 0 0 0 0 0 0 0 0 0 0 0 0 0 0 0 0 0 
0 0 0 0 0 0 0 0 0 0 44 0 45 0 0 3 0 0 0 0 0 0 0 0 0 0 0 0 0 0 0 0 0 0 43 0 29 0 0 0 0 0 0 0 15 0 0 48 0 0 0 45 0 0 0 0 0 0 10 0 
15 0 0 0 0 0 0 17 0 0 0 0 0 0 0 0 0 0 0 0 0 0 0 45 20 0 0 3 0 0 24 0 0 0 38 0 45 0 0 38 0 0 0 12 0 0 0 0 0 0 0 0 0 0 0 0 0 0 0 
0 0 0 0 39 0 0 0 0 0 0 0 0 0 0 42 0 0 0 5 0 18 0 0 0 30 0 0 0 0 0 0 0 0 0 0 0 0 0 45 0 35 0 43 0 0 0 0 0 0 0 0 0 0 0 0 0 0 
27 0 0 0 0 0 0 0 0 0 0 0 0 0 0 0 0 0 0 0 0 0 0 0 0 14 37 0 0 0 0 0 0 0 0 40 0 0 0 0 19 0 0 0 0 0 0 0 0 40 0 0 0 24 35 0 36 
0 0 0 0 0 0 0 0 34 0 0 0 0 0 0 0 0 0 0 0 0 29 0 0 0 0 0 0 0 29 0 0 0 0 0 0 0 0 0 43 17 32 0 6 0 0 17 0 8 25 22 23 0 0 38 0 
0 0 0 0 0 30 0 0 0 0 0 0 0 0 20 0 0 0 0 27 19 0 0 0 0 31 0 0 0 0 27 0 0 0 0 0 0 0 0 0 0 0 24 0 0 0 0 0 0 0 0 0 0 0 0 
45 0 0 0 0 0 0 0 0 0 0 7 0 0 0 0 0 0 0 0 19 0 0 0 0 39 0 0 0 0 0 0 0 5 17 0 0 0 0 0 3 0 0 48 0 47 14 0 0 0 29 0 0 20 
0 0 0 0 0 0 0 0 0 0 31 0 0 0 27 31 0 0 0 0 0 2 0 0 0 0 0 0 6 0 2 0 0 0 0 0 0 20 0 0 0 0 0 0 0 0 1 14 8 0 9 0 0 
0 0 0 0 0 0 0 0 18 0 0 0 0 8 0 44 0 16 0 42 0 20 0 24 0 0 49 14 37 0 0 0 0 0 0 0 0 0 0 0 0 0 0 0 0 0 0 0 0 0 0 0 
0 35 0 0 0 46 0 0 0 0 0 0 0 0 0 0 0 21 0 0 0 0 0 0 0 0 0 0 0 0 0 0 0 0 0 0 0 0 32 0 0 0 5 0 0 0 0 0 0 0 0 
35 0 0 0 0 0 0 0 0 0 0 15 0 0 0 0 0 3 0 0 0 0 0 0 0 0 0 0 0 0 0 0 0 0 0 0 0 0 0 47 0 50 0 50 0 6 0 0 0 49 
0 0 0 33 0 0 0 0 0 0 0 47 0 0 0 0 0 0 0 0 33 0 0 0 48 0 0 35 0 0 0 0 15 14 0 0 0 3 0 0 0 0 0 0 0 0 0 0 0 
0 0 25 0 0 0 0 0 0 32 0 0 0 0 0 0 0 0 30 0 0 0 0 46 0 0 0 0 0 0 20 0 4 31 0 8 0 0 0 0 0 0 0 0 0 1 6 0 
0 0 0 0 0 0 0 40 0 0 0 0 7 0 23 32 0 0 0 0 0 0 0 0 0 0 0 25 0 0 0 0 0 0 0 0 0 0 5 0 0 33 23 0 0 0 0 
30 0 0 0 27 0 27 0 0 0 0 23 0 0 0 0 0 0 0 19 0 45 0 0 0 47 0 0 27 16 0 0 0 0 0 0 0 7 0 0 0 0 0 0 15 0 
0 0 0 0 0 0 0 0 0 0 0 0 0 0 0 0 0 0 0 0 0 0 0 0 0 0 0 0 0 0 0 0 0 12 0 0 0 45 0 0 13 32 0 0 0 
0 0 0 0 0 30 0 0 14 0 11 0 0 0 0 0 0 0 0 0 0 0 0 0 0 0 0 0 0 0 0 43 0 0 0 0 0 0 0 0 0 0 0 48 
0 0 0 0 0 0 0 0 0 35 0 0 35 44 0 0 0 0 0 41 0 0 0 0 0 0 0 0 0 0 0 0 0 0 0 0 0 42 0 0 0 46 0 
0 0 0 0 0 0 0 0 0 0 0 0 41 18 0 0 0 0 0 0 0 50 0 0 0 0 14 0 0 4 36 0 0 0 0 0 0 0 0 0 0 0 
38 0 0 0 0 0 0 0 0 0 0 0 0 16 0 0 44 0 0 0 0 0 0 0 0 0 0 16 0 0 43 8 0 0 29 0 0 0 0 46 0 
30 0 0 28 0 0 0 0 30 0 24 0 0 0 0 0 0 49 0 0 0 20 0 0 0 0 0 0 0 0 14 0 0 40 0 0 0 0 0 0 
0 0 0 0 0 0 0 0 0 0 0 37 0 41 0 34 0 0 0 0 0 0 0 0 0 0 0 0 0 10 26 0 0 0 0 27 0 0 0 
0 34 0 0 0 0 0 0 0 0 0 0 0 0 0 0 39 0 0 0 14 0 0 0 0 0 0 0 0 35 18 0 0 0 0 0 0 0 
0 0 0 0 0 0 4 0 0 0 0 0 0 0 0 0 49 0 0 0 47 0 0 39 0 27 0 0 50 37 0 0 13 0 0 0 0 
0 0 0 0 0 0 30 0 0 0 2 0 0 0 0 0 0 0 0 31 0 0 0 0 0 0 0 0 0 16 0 41 0 0 0 0 
0 0 0 0 0 0 0 24 0 0 0 0 0 0 0 0 12 41 0 0 0 0 50 0 0 0 0 0 0 0 0 0 33 0 0 
0 0 0 0 0 0 0 0 0 0 0 36 23 0 0 0 0 0 0 0 0 0 0 0 0 0 0 33 0 32 0 0 0 0 
0 0 0 0 0 19 0 45 35 0 0 0 0 0 48 0 18 36 0 26 47 12 3 36 0 0 0 0 0 0 0 0 0 
0 0 0 0 0 0 0 0 0 0 0 0 0 0 0 0 6 0 0 0 0 0 0 0 0 39 0 0 0 0 3 18 
0 0 49 0 0 0 0 0 9 0 0 0 0 0 0 0 15 0 0 0 11 42 24 0 12 0 0 15 2 0 0 
0 0 9 0 0 0 0 0 0 0 0 0 0 0 0 0 0 0 0 0 0 0 0 28 0 0 0 0 0 0 
0 0 31 0 0 0 0 0 0 0 0 0 0 0 0 0 23 0 0 0 0 8 0 0 0 0 0 0 16 
0 0 0 0 0 0 0 1 0 0 15 0 0 0 21 0 0 2 0 0 0 0 0 7 0 0 0 0 
0 0 0 0 0 0 0 25 0 0 0 0 0 0 0 0 0 0 0 0 47 0 9 0 0 49 0 
0 0 0 0 0 0 0 20 0 0 0 0 0 0 0 0 0 0 0 0 0 0 0 0 0 0 
35 0 0 0 35 0 0 0 0 0 0 0 0 0 0 11 0 0 0 0 34 0 0 0 0 
7 0 0 42 0 0 0 0 0 0 0 0 0 0 0 0 0 0 0 7 0 0 0 0 
0 0 0 0 0 0 0 0 0 0 0 0 0 0 0 0 0 0 0 0 0 0 0 
0 0 0 0 0 3 15 23 0 0 0 49 0 0 0 0 0 0 0 0 14 0 
6 0 0 0 0 23 0 29 0 0 0 0 0 0 3 0 0 0 0 0 0 
0 0 4 0 40 4 0 0 0 0 0 0 0 0 0 0 0 0 47 0 
0 0 0 0 0 0 0 0 0 0 0 0 29 0 0 0 0 0 37 
0 0 0 0 0 0 0 0 7 0 0 0 0 0 0 0 0 0 
0 18 0 0 0 0 0 0 34 0 0 0 23 0 0 38 0 
0 0 0 0 11 0 26 19 0 0 0 9 0 0 0 0 
0 0 0 0 35 0 49 0 0 0 0 0 0 0 0 
0 0 0 0 0 0 0 0 0 0 0 0 0 0 
0 0 0 0 0 0 41 42 0 1 0 0 0 
0 29 0 32 0 11 0 47 0 0 0 13 
45 0 0 0 0 0 0 0 0 0 0 
0 0 0 0 0 0 6 31 46 24 
0 0 0 0 0 0 0 0 0 
43 0 36 0 0 0 0 2 
0 0 9 0 0 29 0 
0 0 22 0 0 39 
35 0 0 0 0 
0 0 1 0 
0 9 0 
0 0 
0 

1 7
1 9
1 13
1 14
1 20
1 22
1 24
1 28
1 31
1 44
1 51
1 57
1 60
1 71
1 73
1 84
1 87
1 88
1 92
1 94
1 97
2 17
2 18
2 21
2 28
2 31
2 54
2 57
2 63
2 71
2 73
2 79
2 83
2 84
2 85
2 89
2 93
2 95
2 97
3 6
3 13
3 14
3 17
3 20
3 23
3 28
3 34
3 38
3 42
3 77
3 80
3 82
3 97
4 11
4 13
4 19
4 23
4 26
4 44
4 48
4 50
4 70
4 73
4 90
4 93
5 15
5 18
5 20
5 36
5 47
5 48
5 62
5 77
5 80
5 90
6 8
6 11
6 23
6 31
6 35
6 54
6 77
6 85
6 87
6 92
6 93
7 9
7 18
7 28
7 31
7 37
7 44
7 58
7 61
7 62
7 64
7 71
7 76
7 82
7 87
7 88
7 98
7 100
8 20
8 27
8 29
8 45
8 69
8 71
8 84
8 86
8 91
8 99
9 13
9 16
9 17
9 19
9 30
9 32
9 36
9 37
9 38
9 44
9 45
9 47
9 53
9 69
9 73
9 78
9 81
10 11
10 13
10 37
10 46
10 48
10 51
10 54
10 57
10 70
10 74
10 93
10 94
10 95
10 98
11 12
11 17
11 28
11 29
11 34
11 38
11 41
11 46
11 47
11 58
11 65
11 69
11 71
11 72
11 79
11 82
11 95
11 100
12 16
12 20
12 25
12 26
12 39
12 49
12 61
12 73
12 79
12 80
12 86
12 91
12 92
13 14
13 16
13 21
13 22
13 23
13 30
13 32
13 44
13 50
13 62
13 65
13 67
13 79
13 84
13 87
13 89
13 97
14 22
14 30
14 31
14 39
14 42
14 45
14 47
14 62
14 72
14 83
14 87
14 99
15 18
15 22
15 44
15 46
15 55
15 69
15 72
15 74
15 77
15 80
16 17
16 21
16 38
16 39
16 67
16 75
16 79
16 83
16 86
17 20
17 23
17 31
17 44
17 52
17 53
17 54
17 57
17 58
17 60
17 61
17 69
17 71
17 80
17 82
18 23
18 26
18 38
18 44
18 46
18 47
18 56
18 58
18 61
18 70
18 81
18 83
19 25
19 26
19 40
19 42
19 47
19 48
19 50
19 67
19 88
19 93
19 94
19 95
20 25
20 29
20 39
20 41
20 45
20 48
20 49
20 52
20 56
20 60
20 73
20 100
21 24
21 33
21 49
21 59
21 66
21 73
21 74
21 75
21 76
21 78
21 92
21 94
21 96
21 98
22 47
22 49
22 58
22 61
22 74
22 79
22 86
22 90
22 93
23 45
23 50
23 51
23 63
23 66
23 74
23 81
23 88
23 92
23 97
24 30
24 41
24 42
24 52
24 54
24 61
24 69
24 75
24 77
24 84
25 26
25 27
25 55
25 59
25 66
25 71
25 76
25 79
25 88
25 98
26 38
26 41
26 52
26 55
26 60
26 75
26 87
26 89
26 93
26 95
26 97
26 98
27 34
27 39
27 47
27 51
27 52
27 55
27 60
27 62
27 79
27 88
27 91
27 98
27 100
28 35
28 43
28 46
28 47
28 49
28 54
28 56
28 60
28 63
28 79
28 87
28 90
28 92
28 93
28 95
28 100
29 30
29 47
29 62
29 67
29 68
29 71
29 75
29 80
29 81
29 82
29 93
29 94
29 99
30 39
30 42
30 46
30 47
30 53
30 57
30 67
30 68
30 77
30 80
30 94
30 96
30 98
30 100
31 32
31 34
31 42
31 46
31 48
31 56
31 81
31 83
31 90
31 92
31 99
32 36
32 38
32 44
32 54
32 57
32 60
32 61
32 63
32 68
32 70
32 71
32 72
32 73
32 76
32 79
32 84
32 88
33 43
33 69
33 72
33 80
33 83
33 87
34 37
34 38
34 40
34 62
34 64
34 68
34 72
34 78
34 88
34 99
35 38
35 43
35 45
35 46
35 61
35 62
35 63
35 71
35 79
35 80
35 100
36 45
36 53
36 58
36 59
36 60
36 63
36 67
36 94
36 95
37 43
37 45
37 54
37 55
37 57
37 63
37 73
37 78
37 92
38 46
38 59
38 70
38 71
38 77
38 83
38 90
39 42
39 45
39 47
39 53
39 66
39 78
39 85
39 90
39 94
39 96
40 43
40 47
40 50
40 81
40 89
40 90
40 95
40 97
41 45
41 46
41 67
41 68
41 84
41 87
41 89
41 93
41 96
42 43
42 49
42 57
42 69
42 71
42 73
42 81
42 85
42 88
42 94
42 96
42 98
43 45
43 48
43 53
43 54
43 56
43 59
43 60
43 71
43 76
43 82
43 83
43 89
43 95
43 96
44 49
44 57
44 69
44 75
44 77
44 83
44 98
45 57
45 68
45 72
45 78
45 82
45 91
46 66
46 70
46 71
46 85
46 91
46 94
46 95
46 96
47 64
47 71
47 74
47 75
47 77
47 79
47 81
47 93
47 100
48 58
48 67
48 81
48 86
48 89
49 68
49 74
49 75
49 76
49 77
49 79
49 94
49 98
50 56
50 57
50 77
50 80
50 82
50 86
50 95
51 66
51 68
51 93
51 96
52 56
52 57
52 61
52 63
52 65
52 66
52 68
52 72
52 74
52 89
52 90
52 97
52 100
53 57
53 62
53 64
53 73
53 79
53 83
53 85
54 62
54 75
54 78
54 91
54 93
54 94
55 56
55 59
55 62
55 65
55 69
55 70
55 75
55 86
56 59
56 61
56 68
56 75
56 79
56 90
57 61
57 62
57 66
57 69
57 72
57 78
57 80
57 84
57 86
57 88
57 89
57 90
57 91
57 92
57 93
57 100
58 73
58 75
58 76
58 79
58 87
58 99
59 64
59 65
59 68
59 72
59 75
59 79
59 85
59 86
59 98
60 65
60 73
60 92
61 69
61 81
61 83
61 85
61 94
61 95
61 98
61 100
62 74
62 78
62 86
62 87
62 88
62 89
63 67
63 74
63 76
63 94
63 99
63 100
64 68
64 73
64 76
64 78
64 81
64 83
64 89
64 90
64 95
64 100
65 72
65 76
65 81
65 86
65 100
66 72
66 74
66 75
66 81
66 82
67 68
67 71
67 77
67 79
67 83
67 93
67 100
68 71
68 79
68 82
68 84
68 90
69 82
69 85
69 87
69 89
70 72
70 77
70 93
71 87
71 91
71 92
71 98
71 99
72 73
72 88
72 95
73 80
73 87
73 92
74 75
74 79
74 80
74 88
74 90
74 92
74 93
74 96
75 82
75 86
75 87
75 92
76 82
76 85
76 86
76 91
76 95
76 99
77 79
77 81
77 92
77 95
78 81
78 89
78 91
79 88
79 89
79 95
80 82
80 89
81 82
81 89
81 92
82 85
82 86
82 88
83 84
83 87
83 88
83 89
83 97
84 95
84 98
84 100
85 91
86 88
86 91
86 92
86 93
86 100
87 90
87 96
88 95
88 98
89 95
89 97
91 94
91 97
92 96
93 95
93 100
95 98
95 99
95 100
96 97
97 98
