150 447 1000

95 104 36 16 58 26 31 102 32 59
105 47 53 67 55 25 65 56 62 32
19 101 11 69 32 77 104 108 48 17
84 54 25 44 92 76 77 104 94 103
109 43 43 41 92 38 82 110 84 27
48 84 66 30 55 29 105 104 39 106
109 107 87 26 107 18 29 49 52 17
17 79 32 47 80 41 108 36 110 97
55 82 77 23 82 91 105 53 23 68
58 13 97 74 33 46 39 34 84 99
50 89 64 52 77 49 56 51 20 106
63 104 101 76 34 34 40 18 98 21
100 110 50 24 59 99 106 11 75 76
88 99 80 43 46 35 32 54 61 59
33 23 41 89 18 71 95 75 63 96

85 94 26 6 48 16 21 92 22 49
95 37 43 57 45 15 55 46 52 22
9 91 1 59 22 67 94 98 38 7
74 44 15 34 82 66 67 94 84 93
99 33 33 31 82 28 72 100 74 17
38 74 56 20 45 19 95 94 29 96
99 97 77 16 97 8 19 39 42 7
7 69 22 37 70 31 98 26 100 87
45 72 67 13 72 81 95 43 13 58
48 3 87 64 23 36 29 24 74 89
40 79 54 42 67 39 46 41 10 96
53 94 91 66 24 24 30 8 88 11
90 100 40 14 49 89 96 1 65 66
78 89 70 33 36 25 22 44 51 49
23 13 31 79 8 61 85 65 53 86

0 36 42 0 0 39 0 0 0 0 0 41 0 0 0 0 0 0 0 0 0 0 0 18 0 0 42 0 0 32 0 0 0 0 30 0 0 2 0 0 0 0 41 0 0 0 0 0 0 0 0 0 0 0 0 0 16 49 0 19 48 0 35 0 6 0 0 0 0 0 0 37 0 0 0 3 0 0 0 0 0 0 9 0 0 0 43 0 12 0 0 0 10 0 0 0 34 0 0 0 0 0 0 0 0 0 22 0 0 0 0 0 0 0 0 0 0 30 0 0 0 0 0 0 0 0 0 0 0 0 35 30 0 0 0 0 19 29 0 0 0 12 28 0 0 0 0 0 48 
0 47 0 0 0 0 0 0 0 45 4 0 20 0 3 0 25 0 0 43 15 0 0 0 9 0 18 0 33 35 32 0 0 0 0 0 0 0 0 9 27 0 8 11 36 0 34 0 8 0 0 0 0 0 35 0 0 0 0 0 0 0 0 0 21 0 25 40 0 0 0 0 0 0 0 49 0 0 9 37 0 0 0 22 0 0 0 0 0 0 0 0 25 0 0 0 0 0 0 0 0 32 0 2 0 0 0 26 4 0 26 0 0 0 0 11 0 23 0 0 0 0 0 0 0 0 0 0 0 0 0 0 0 10 9 0 45 0 0 18 25 0 33 0 0 0 0 0 
0 0 20 5 0 0 0 29 0 0 22 0 0 7 0 0 0 0 6 0 0 0 0 0 0 41 0 0 0 0 0 0 0 3 0 0 43 0 0 0 0 0 37 0 0 0 0 37 0 0 0 0 0 0 0 50 21 6 0 0 0 0 0 0 0 48 27 0 0 0 30 0 0 0 0 0 36 0 0 0 15 0 10 0 0 0 0 0 0 20 0 33 0 0 0 0 32 0 8 40 0 0 0 10 0 0 0 0 0 0 0 0 0 6 39 2 43 0 45 14 0 0 0 36 0 0 0 0 0 0 0 0 0 36 0 0 0 0 25 23 0 34 0 18 0 0 0 
0 0 0 11 0 0 0 0 10 0 0 0 0 0 0 0 0 0 0 0 0 0 0 0 0 31 0 24 12 0 0 0 0 0 0 0 36 0 0 33 0 0 0 9 0 25 0 0 8 0 0 0 12 4 0 42 35 0 0 0 0 0 5 45 0 35 3 0 0 21 0 0 0 42 0 0 0 0 12 0 0 0 0 42 0 0 41 0 0 14 0 0 0 17 22 0 0 0 43 7 0 0 0 8 0 0 22 0 0 41 0 0 0 0 0 0 0 0 0 0 0 0 20 0 0 0 0 0 0 0 0 0 0 0 49 0 0 0 0 0 0 0 0 0 0 0 
0 24 0 0 0 0 0 0 38 0 0 0 0 0 0 0 0 0 26 4 0 47 0 0 0 0 21 0 0 7 0 0 0 0 0 0 0 0 0 0 0 0 13 0 0 30 0 0 0 0 0 23 0 0 0 0 0 0 27 0 0 0 0 0 15 0 0 0 24 39 0 0 49 0 30 0 0 27 16 0 0 0 29 0 0 0 36 0 0 0 0 0 2 0 0 0 0 0 0 0 0 0 0 42 0 0 11 0 0 45 0 0 0 0 0 0 0 0 0 26 0 0 0 0 0 24 0 25 44 0 0 0 0 8 0 0 0 0 0 0 0 0 0 0 0 
0 0 0 0 0 0 2 48 14 0 0 0 0 0 0 0 0 17 0 0 0 0 0 0 0 0 0 0 0 0 0 0 0 0 0 0 0 33 42 0 35 0 0 28 0 0 0 0 0 45 0 46 0 0 0 0 0 0 0 44 0 0 0 0 0 29 0 14 0 0 0 0 18 0 0 7 0 18 22 0 0 0 9 0 0 0 0 0 0 0 0 35 0 38 28 0 0 0 0 18 3 45 0 2 0 0 0 0 0 0 0 0 0 0 0 0 0 0 0 0 0 0 14 41 0 0 0 0 0 24 0 0 25 0 0 0 0 0 0 0 0 40 0 0 
0 46 0 50 19 0 0 0 0 7 43 0 0 0 0 0 0 0 0 0 3 30 0 32 0 0 0 0 0 0 0 14 0 10 0 0 0 38 0 0 0 49 35 0 6 0 13 47 50 0 0 0 0 0 0 0 17 0 0 10 0 0 20 34 2 0 0 0 0 0 0 0 0 0 0 0 31 0 0 0 12 0 0 0 0 0 0 41 0 0 0 22 0 0 44 0 0 0 0 46 0 0 0 25 21 0 49 21 31 0 11 0 0 0 0 0 0 0 13 0 0 0 0 24 0 0 0 0 0 9 47 0 0 0 0 29 14 0 1 0 0 0 49 
0 0 0 0 0 50 0 0 0 31 0 2 0 0 39 32 25 0 0 0 0 21 0 37 0 0 5 50 0 20 0 0 0 0 0 0 0 0 0 0 0 0 0 0 0 0 27 0 0 47 0 0 0 0 0 0 0 0 8 0 0 0 0 0 0 30 0 14 0 0 0 12 0 42 33 0 0 0 0 0 0 0 0 0 0 0 0 0 5 18 0 0 3 0 0 0 0 0 0 0 0 0 0 0 46 0 0 0 33 0 37 0 0 0 37 0 0 1 0 0 0 0 0 0 0 0 0 21 0 0 0 0 27 24 0 1 0 4 0 0 0 0 
33 0 0 0 0 44 0 25 0 0 6 32 0 0 0 8 0 0 0 44 0 0 0 38 0 0 10 31 0 0 0 0 0 0 20 24 18 16 0 0 29 0 0 0 0 0 0 46 15 45 0 0 0 0 0 2 0 4 0 10 15 34 0 0 0 0 0 0 0 0 0 0 17 0 0 0 0 0 0 0 0 0 0 0 0 5 0 0 10 0 0 0 6 0 0 0 0 0 0 0 44 0 41 0 0 10 0 0 0 0 16 26 0 0 0 0 0 0 0 0 0 35 0 0 0 0 0 0 18 0 0 0 0 0 23 0 0 8 2 43 0 
0 46 0 0 18 0 0 0 0 0 0 0 49 0 0 0 0 0 29 0 0 37 50 0 0 0 0 0 32 0 0 0 0 0 0 0 0 9 0 0 22 0 0 0 8 46 30 0 47 0 0 0 29 44 0 0 11 0 0 0 0 0 0 0 0 0 0 0 0 0 0 0 0 0 0 9 0 20 31 0 0 0 0 16 0 35 22 0 0 0 0 0 0 48 2 50 0 0 0 20 0 46 2 0 0 29 35 0 0 0 0 0 0 0 0 21 0 0 2 38 0 0 0 30 0 0 0 0 0 0 0 0 0 0 0 0 4 0 0 45 
45 0 0 0 0 1 50 0 0 0 0 0 0 0 0 0 0 30 0 0 0 41 32 0 0 0 0 0 0 18 0 0 0 0 0 0 0 0 0 0 49 14 0 0 0 0 0 25 0 0 0 0 0 0 0 0 20 0 0 4 0 0 28 0 4 0 0 24 0 0 0 0 0 0 0 0 25 0 0 0 12 0 0 0 29 6 0 47 0 0 0 32 0 0 0 0 32 29 9 27 16 0 0 0 0 0 33 0 2 0 29 32 0 0 0 0 0 0 0 50 0 0 0 0 0 0 0 0 0 0 0 0 0 31 0 0 0 0 20 
0 0 11 0 26 13 0 0 0 0 0 0 45 0 0 26 0 0 26 0 0 0 0 0 23 0 0 0 0 47 0 45 0 0 2 0 0 0 0 0 0 0 0 0 0 0 0 0 0 49 0 6 0 0 0 0 0 0 31 0 0 0 0 35 0 0 23 0 0 0 0 0 0 0 0 0 0 0 0 0 0 0 0 48 0 6 0 0 0 0 0 0 0 0 0 45 3 0 0 0 0 0 16 0 0 0 40 0 0 9 20 0 0 0 0 15 0 0 0 0 0 0 7 0 0 0 0 27 0 0 0 0 0 0 0 0 0 45 
0 0 0 0 0 0 44 0 38 11 13 0 0 0 0 0 0 0 33 36 42 0 0 31 34 0 0 0 0 0 15 35 46 0 47 0 0 0 10 44 0 0 0 0 0 0 12 0 0 0 0 0 0 0 0 0 36 0 0 0 0 0 18 0 0 19 0 0 0 0 0 0 0 0 0 0 0 0 0 0 0 0 0 4 0 7 0 42 37 0 0 0 0 0 0 21 40 32 0 38 31 16 0 0 0 0 0 0 0 0 0 0 0 18 30 0 3 0 0 0 0 39 0 0 0 0 0 0 22 0 0 0 0 0 0 0 0 
0 0 0 22 0 0 24 0 0 50 0 0 0 0 5 0 25 0 1 0 21 0 0 39 0 0 0 0 0 0 0 42 16 3 0 0 0 0 0 0 0 0 0 0 0 0 0 0 2 0 0 46 0 0 0 0 14 0 0 0 0 0 0 21 0 2 0 0 0 0 0 44 0 0 33 0 0 0 0 27 0 0 0 0 0 0 0 0 0 45 0 0 45 0 0 0 0 0 0 0 0 0 0 16 0 0 0 0 44 0 0 0 18 0 22 0 0 0 47 0 31 19 0 0 0 0 3 0 0 0 0 31 10 0 45 48 
0 0 0 0 0 0 0 0 0 0 0 0 43 42 26 0 0 0 0 0 0 0 3 0 0 0 0 0 0 0 0 0 0 0 0 39 0 0 2 0 0 0 0 0 0 0 0 0 0 0 0 0 48 0 0 43 0 0 41 0 0 0 0 0 39 0 25 0 0 35 0 0 24 0 26 0 0 0 0 34 0 10 38 0 0 0 0 41 25 0 9 0 30 0 0 0 41 0 33 0 23 0 12 0 5 0 0 43 0 0 0 0 0 19 0 0 0 0 0 0 0 0 0 0 0 0 0 0 0 0 0 0 17 0 0 
0 0 0 18 0 31 0 0 32 0 0 0 0 0 0 0 0 0 42 0 0 0 0 0 0 0 0 0 0 0 0 0 0 19 0 0 0 24 0 0 0 0 14 0 0 0 0 0 0 0 0 0 0 0 10 0 0 32 0 0 0 0 0 0 0 0 0 0 0 0 0 0 18 44 0 0 23 0 0 0 0 35 0 0 0 0 0 0 0 0 33 0 0 0 0 30 29 0 0 0 25 0 0 0 14 0 0 5 0 0 0 0 0 0 0 42 42 0 31 0 0 0 0 31 0 0 0 0 0 5 0 0 47 0 
0 20 0 0 0 0 0 0 0 46 0 0 0 43 0 0 48 0 0 0 9 0 0 0 45 0 0 0 42 0 29 5 0 0 13 0 0 0 0 0 0 0 0 0 0 0 0 0 23 0 0 0 0 0 0 0 0 0 0 0 0 0 28 40 0 0 0 0 35 0 0 0 43 0 0 0 0 0 0 0 0 41 13 0 0 0 15 0 0 0 0 3 11 16 0 0 0 0 0 41 0 0 36 0 0 0 0 18 21 43 27 0 0 0 0 0 0 0 0 0 0 0 0 0 0 0 0 0 0 0 0 0 7 
0 36 20 21 0 0 0 0 0 0 25 49 4 0 0 0 0 0 0 0 0 0 32 0 0 0 0 0 37 0 0 0 0 0 0 0 0 0 0 0 0 0 0 0 0 0 0 37 0 0 0 0 0 14 0 5 0 49 0 0 0 0 0 0 0 0 50 0 0 0 0 0 0 0 0 0 0 0 19 23 0 49 25 0 0 0 4 0 0 0 22 0 0 50 0 0 0 0 0 0 25 0 0 6 0 0 0 0 0 38 0 0 0 0 0 0 0 35 37 14 7 0 0 0 0 0 0 31 0 0 0 0 
0 0 0 0 0 0 45 0 0 0 0 25 0 0 0 28 0 0 0 0 0 48 0 0 49 0 0 0 45 0 33 12 0 0 0 28 0 38 14 0 0 0 45 0 0 0 21 0 0 0 0 0 0 0 0 0 1 0 0 0 0 0 0 50 0 0 0 0 0 10 21 0 0 11 0 0 0 0 0 0 0 0 0 0 0 10 0 0 0 0 0 0 0 0 37 0 31 0 0 37 0 0 0 25 24 0 0 0 8 0 0 35 0 0 0 49 0 0 0 0 0 5 0 0 0 0 0 0 0 0 16 
0 0 0 19 42 0 0 0 0 11 0 0 0 0 0 0 0 7 0 0 0 0 17 11 0 43 0 0 0 0 0 39 0 10 0 0 22 0 0 0 0 0 0 0 0 0 0 0 0 0 0 0 0 0 0 0 0 0 46 0 0 0 0 0 0 0 0 0 0 18 44 0 0 0 0 0 0 10 0 0 30 0 28 25 0 0 0 2 0 8 0 15 10 12 0 0 0 0 28 0 0 0 0 0 0 0 0 6 0 8 0 3 0 0 50 0 0 0 0 14 0 0 0 0 0 0 0 0 0 0 
0 0 0 0 25 0 0 13 0 9 0 14 22 0 30 0 0 0 22 0 0 0 0 0 32 0 0 0 0 0 0 0 43 48 0 50 21 42 0 36 0 0 0 0 0 0 0 0 0 0 0 0 0 23 0 0 0 0 0 0 0 0 0 0 0 0 0 0 0 0 13 0 0 32 0 0 41 30 4 0 0 0 0 0 45 0 0 0 0 42 14 0 0 0 37 0 0 0 0 0 0 48 0 0 0 0 0 0 0 3 0 0 0 0 12 0 0 0 14 0 0 0 23 0 0 0 20 20 0 
0 0 5 0 0 0 0 0 0 0 0 44 0 0 40 0 0 0 37 0 0 0 0 0 0 0 0 1 0 0 0 0 0 0 43 0 0 0 0 0 0 0 23 0 0 0 0 0 15 46 0 0 0 0 0 0 0 0 0 0 0 0 0 0 0 48 0 0 32 0 5 0 10 0 34 30 0 5 0 0 14 0 0 0 0 36 0 0 0 0 15 0 22 0 0 0 0 0 0 0 0 0 0 0 0 0 48 0 0 0 45 0 0 0 6 0 0 30 0 29 0 0 38 45 0 1 0 0 
0 0 0 0 0 0 37 0 0 0 0 32 0 38 0 0 33 0 17 35 0 0 0 0 0 0 44 0 0 0 0 0 0 46 16 0 0 0 0 0 3 3 0 0 8 0 0 0 0 0 0 0 0 0 0 0 0 0 0 0 0 0 0 0 32 0 0 37 0 0 0 39 0 0 0 0 0 0 0 0 0 12 0 0 28 0 0 0 48 0 17 0 0 0 0 0 27 0 5 0 44 0 0 0 0 0 0 20 0 2 0 16 0 0 0 0 0 0 0 0 19 41 0 0 0 0 0 
0 49 0 0 0 0 0 0 0 0 0 0 0 0 0 0 25 25 0 0 0 0 0 0 0 0 0 0 0 0 0 0 0 0 0 0 0 50 0 2 0 0 3 0 25 0 0 39 0 5 20 0 0 0 0 0 0 0 0 0 0 0 50 0 38 0 32 45 0 0 0 0 0 49 0 30 5 0 48 46 0 0 48 0 37 0 0 0 15 29 0 26 0 0 48 0 0 0 0 0 13 0 0 0 0 50 0 0 16 8 24 0 14 0 0 0 0 0 30 0 0 6 18 0 24 12 
0 0 31 0 35 0 0 0 0 0 0 0 0 0 1 0 20 0 0 26 0 0 0 0 23 0 3 0 0 0 0 0 0 1 14 34 0 33 0 0 0 16 0 0 0 0 0 0 0 0 33 18 14 0 0 0 0 32 4 15 19 0 0 0 0 0 0 0 0 0 0 0 0 0 0 33 0 50 0 0 0 0 34 0 0 0 0 9 0 0 0 0 0 0 0 0 0 15 0 26 26 0 0 0 3 31 0 0 30 0 33 0 0 0 0 35 0 1 0 0 0 18 0 13 0 
0 0 0 0 0 12 27 0 29 8 0 0 0 0 0 27 0 0 0 11 0 0 0 0 37 0 23 0 0 0 25 0 8 0 0 25 50 26 0 23 41 0 0 0 0 0 5 0 0 29 0 0 8 0 0 0 0 49 0 0 0 12 0 0 0 20 0 41 0 0 0 31 0 0 0 0 16 11 0 0 0 34 4 0 0 0 0 0 40 0 0 0 24 0 7 0 0 0 0 0 28 0 0 0 14 14 0 0 0 0 0 0 0 0 0 0 0 0 0 0 0 0 48 0 
0 0 0 0 0 0 0 0 0 0 0 0 0 0 0 0 0 0 0 0 0 0 0 0 0 0 3 0 0 0 2 0 0 0 0 0 29 0 0 0 0 0 0 0 0 0 15 28 0 0 0 9 0 0 0 0 0 1 0 0 0 0 34 0 0 3 0 0 18 0 0 2 0 0 0 0 0 0 0 0 37 1 50 0 0 37 0 0 0 0 43 0 0 0 0 0 28 0 21 0 0 0 44 0 0 0 50 0 26 4 39 0 0 0 0 0 25 0 0 0 0 42 0 
0 0 0 15 17 0 0 0 32 0 0 27 42 0 0 0 38 0 0 0 0 18 0 0 0 0 37 0 0 0 0 0 0 17 0 0 10 13 0 20 0 0 0 13 1 0 12 3 0 0 17 0 0 0 19 0 0 0 15 0 1 0 0 0 0 0 0 0 0 9 0 3 0 33 0 0 0 0 0 0 0 0 0 2 2 0 0 0 22 43 21 0 0 0 0 0 0 29 0 0 23 12 0 18 0 0 0 0 0 0 0 0 23 18 0 0 0 0 0 49 0 0 
0 0 0 0 0 0 0 0 0 0 0 24 0 0 8 0 13 0 30 45 29 34 0 23 0 0 0 28 0 0 0 0 0 0 1 0 17 0 0 19 20 0 40 0 0 0 0 0 12 34 0 4 19 0 0 0 0 0 0 13 0 0 35 0 0 0 0 0 0 0 0 0 0 0 0 0 0 0 24 0 0 11 23 34 0 0 7 21 0 0 0 0 0 0 0 0 0 24 0 0 39 0 0 0 0 0 0 42 0 23 0 31 0 0 0 0 0 0 0 0 18 
0 0 0 0 0 0 0 0 0 7 39 0 0 22 0 0 0 16 8 0 0 0 0 0 0 0 0 0 0 11 0 0 0 21 0 0 0 0 48 0 0 0 0 0 0 0 39 0 0 0 0 0 0 0 0 0 20 0 0 0 23 0 46 0 0 0 12 0 36 0 0 0 15 0 0 44 50 0 0 0 0 0 34 0 15 0 0 0 32 5 43 0 0 0 1 0 0 0 0 0 0 0 0 0 0 0 0 0 0 19 0 0 0 0 0 0 0 0 0 0 
10 0 0 0 0 38 0 4 0 0 0 0 0 0 0 0 0 0 0 0 0 0 37 0 0 40 0 0 0 0 0 22 0 0 45 0 0 29 0 0 0 0 0 0 0 18 0 0 30 0 0 0 0 0 0 0 0 16 0 0 0 0 1 48 0 0 36 33 12 0 0 0 0 0 0 0 0 0 44 5 0 0 37 0 0 0 46 0 0 0 0 36 0 0 0 0 0 0 43 0 0 0 4 0 30 0 0 0 50 0 0 0 0 0 0 0 0 0 0 
26 0 0 0 0 0 0 0 0 29 0 47 0 0 0 0 0 0 0 0 0 0 0 0 25 0 0 30 0 0 0 0 0 0 0 0 0 0 14 0 0 0 0 7 0 0 0 21 0 0 0 0 0 0 32 0 0 0 0 0 0 0 48 0 0 0 3 33 0 0 0 0 0 0 0 0 0 7 23 5 0 0 0 0 0 0 32 0 0 0 0 0 0 19 0 32 0 0 0 0 0 0 0 0 0 0 0 0 0 0 0 0 0 0 0 0 0 29 
0 0 0 42 0 30 42 0 32 0 0 0 0 0 0 0 0 0 0 0 0 31 0 0 0 0 0 7 0 28 0 0 0 0 0 28 0 48 0 43 0 0 0 28 0 35 0 0 0 0 0 0 0 0 0 0 0 35 47 0 0 0 0 0 0 0 0 0 0 47 0 0 43 0 0 0 0 0 0 5 0 0 0 0 0 0 0 0 40 0 40 0 0 11 0 0 0 0 0 0 0 0 0 0 0 0 0 36 13 0 0 0 25 1 0 0 0 
0 0 0 50 0 6 23 0 0 0 0 0 0 0 0 0 0 0 0 0 0 0 5 0 27 0 0 0 0 19 0 0 0 29 49 0 0 0 0 34 0 0 0 0 0 0 49 0 0 0 0 0 0 0 0 0 0 0 0 0 0 0 44 48 0 0 0 0 0 0 0 0 0 0 0 30 0 0 15 0 17 0 0 0 0 0 0 0 0 21 0 0 0 0 0 0 0 0 32 0 46 0 0 0 0 0 0 47 27 36 39 42 0 0 0 0 
16 0 0 29 0 0 0 0 0 0 8 0 29 0 0 0 2 27 9 0 0 0 0 19 0 0 0 0 0 0 0 35 0 16 0 0 0 0 0 0 32 0 0 45 50 0 24 17 0 0 0 0 0 50 0 0 0 0 0 0 0 44 0 0 0 0 0 0 0 0 0 0 42 34 0 0 0 0 0 0 6 0 0 29 0 35 20 0 0 23 0 15 0 0 38 0 0 0 0 0 17 0 0 0 44 0 0 0 0 0 0 13 0 0 37 
33 0 0 0 21 20 0 9 18 31 4 0 38 0 0 0 10 0 0 8 0 0 9 36 25 0 0 0 0 14 0 0 0 0 0 49 0 0 0 43 0 0 0 0 10 0 0 0 0 0 10 0 0 19 0 0 41 0 1 0 0 0 24 0 0 0 0 0 0 0 0 0 0 0 0 4 0 0 0 0 0 0 0 0 0 8 0 0 0 6 0 0 18 0 0 0 0 0 0 35 0 0 0 0 0 42 0 0 0 0 0 0 0 0 
0 0 0 7 0 0 0 0 0 0 30 25 0 0 0 22 0 0 0 0 0 0 0 9 0 0 0 10 0 0 0 8 0 0 19 0 0 0 0 4 0 13 0 0 7 0 0 0 0 0 0 5 0 11 49 0 0 10 12 0 0 0 0 14 0 0 3 29 31 8 0 0 29 0 0 0 36 0 0 0 0 39 0 0 0 0 20 0 0 0 21 12 0 0 43 0 47 0 0 0 0 0 0 0 0 0 0 0 0 20 0 12 0 
0 44 0 0 0 0 50 0 0 14 0 0 0 0 0 0 17 0 0 0 0 0 0 29 0 0 0 0 0 0 0 0 0 0 0 0 35 0 0 0 6 0 4 0 0 11 0 0 0 45 0 0 0 0 0 0 0 0 17 0 0 49 26 0 0 0 24 49 0 0 0 0 0 26 0 0 16 21 26 43 0 0 0 48 0 0 0 0 0 38 0 0 0 0 0 0 1 0 0 0 0 0 0 27 0 0 0 0 0 0 0 0 
47 0 26 0 0 0 20 0 0 44 0 0 0 15 0 0 14 0 0 48 0 0 0 0 10 0 0 0 0 0 0 0 0 0 0 0 0 50 17 0 0 10 0 0 0 0 0 0 0 31 0 0 0 0 0 0 2 0 0 0 0 0 0 0 0 0 0 5 43 38 0 0 0 0 0 0 0 0 21 0 0 0 0 42 0 0 49 12 0 1 0 0 12 0 33 28 0 0 30 0 0 0 0 0 0 1 0 0 0 0 0 
0 0 0 0 44 0 8 27 0 32 0 0 28 0 0 0 0 0 0 0 48 0 0 0 19 0 0 0 0 0 0 0 18 0 0 49 0 0 0 0 0 0 20 0 0 7 0 0 0 0 0 0 0 0 45 18 0 0 0 0 0 0 10 0 0 0 41 0 24 0 0 0 0 0 0 0 31 0 0 45 0 5 0 33 0 0 0 0 47 0 0 0 0 0 0 0 39 0 0 0 0 0 0 0 6 19 0 0 0 0 
0 0 0 0 0 0 0 0 0 13 1 0 0 0 0 0 0 22 0 0 22 0 0 0 0 0 0 0 0 0 0 0 0 0 0 0 0 0 0 8 0 0 0 0 0 9 0 0 44 0 0 0 0 27 0 0 12 27 0 0 39 0 0 0 46 0 0 0 27 0 0 0 0 0 41 12 0 0 0 0 0 0 0 0 0 0 0 0 0 16 0 0 0 0 0 0 0 36 40 0 0 43 0 0 0 27 0 0 0 
0 0 0 0 19 0 0 0 0 0 0 0 0 0 0 8 0 17 46 49 0 0 0 0 0 31 0 0 0 0 4 0 0 50 0 45 0 0 0 23 0 0 0 0 0 0 0 0 0 0 0 0 0 37 0 0 0 0 0 0 0 41 0 0 0 0 0 15 0 0 45 0 28 0 29 13 43 0 19 0 0 0 0 0 0 0 32 25 0 0 0 10 50 0 0 0 27 0 0 0 0 0 0 0 32 0 0 0 
0 0 0 37 0 0 0 0 0 0 0 0 0 0 0 0 38 30 0 0 0 0 0 0 0 6 0 23 0 0 0 0 0 0 0 0 0 0 0 0 0 45 0 12 0 0 0 41 23 0 0 0 0 0 16 0 0 0 0 0 0 0 0 0 18 0 0 0 27 0 0 0 0 0 0 0 0 0 0 0 17 0 5 30 10 0 0 0 0 0 0 39 0 0 0 0 0 0 0 0 0 0 0 0 0 0 0 
36 0 0 16 0 46 0 0 0 0 0 0 0 0 11 0 0 0 0 0 0 0 0 0 0 0 0 0 0 0 0 0 30 20 0 0 0 0 0 0 0 49 0 39 0 0 0 0 0 0 0 17 0 0 0 0 0 0 0 0 0 0 0 0 12 30 0 0 0 22 6 0 26 0 0 0 0 0 20 0 0 0 0 0 38 15 2 29 0 6 0 0 0 0 0 0 46 0 17 10 0 0 0 16 0 0 
0 0 7 0 0 9 0 2 0 0 0 0 0 22 0 0 0 0 0 0 0 0 0 0 0 44 0 0 50 50 0 0 0 18 0 0 0 0 5 0 16 0 0 0 0 0 0 0 0 2 37 14 0 12 19 0 0 0 0 0 0 0 10 28 0 17 23 0 0 39 0 44 0 0 0 0 44 0 0 0 0 0 0 0 0 0 21 0 46 0 0 31 0 0 17 31 0 0 0 0 0 0 0 0 0 
0 0 0 0 0 49 0 0 0 0 0 0 17 0 0 0 0 0 0 0 0 0 49 24 0 8 0 0 38 0 0 0 0 0 0 0 0 0 35 0 0 0 0 0 0 0 0 46 0 0 0 0 0 0 0 0 0 0 0 0 0 0 0 0 0 0 0 0 0 0 0 0 0 0 27 0 0 0 31 0 0 0 27 34 0 16 0 42 33 0 0 0 0 0 0 3 0 38 37 1 0 4 44 0 
0 13 0 34 0 0 0 0 0 0 0 0 0 3 0 0 0 0 0 19 34 0 0 0 0 0 0 40 0 0 0 0 0 0 28 45 0 0 0 0 1 0 0 0 0 0 0 18 9 24 0 0 48 0 0 0 0 0 16 38 0 0 0 0 0 36 33 0 0 0 0 0 26 0 0 0 23 0 0 0 0 38 30 22 0 0 0 50 0 0 0 9 0 16 15 0 1 0 36 0 0 0 0 
0 0 0 0 0 0 10 36 0 0 36 22 0 0 0 0 21 44 7 0 0 0 0 0 0 0 10 0 0 0 0 0 0 1 0 0 0 0 0 0 0 35 0 0 0 0 41 0 0 0 6 0 0 0 0 0 0 0 42 8 5 1 0 0 0 0 0 0 0 0 38 0 0 0 0 0 0 8 0 0 0 40 0 0 0 0 12 0 0 4 0 0 0 0 39 0 0 18 0 0 0 5 
0 0 43 25 0 0 0 0 0 0 0 0 0 0 0 0 0 0 0 0 25 0 0 0 0 0 0 0 0 24 0 0 0 0 0 0 0 0 0 0 0 39 50 0 0 0 0 0 0 0 0 0 50 0 0 6 0 38 0 0 0 0 0 0 0 16 0 0 0 0 0 1 0 36 0 12 7 31 0 0 16 29 20 0 0 0 0 0 0 0 0 0 0 0 30 12 0 0 0 50 0 
0 20 7 0 0 0 0 0 0 0 38 0 36 0 0 0 43 0 0 0 0 0 0 0 0 0 0 32 0 40 0 0 33 0 0 0 50 0 29 0 13 0 0 0 0 0 0 0 0 0 0 0 0 0 0 0 0 0 0 0 0 33 0 0 0 36 0 43 0 0 0 0 0 0 0 0 0 0 0 0 0 0 0 0 0 0 0 0 0 9 34 0 0 0 0 7 0 33 0 24 
0 0 0 0 0 0 0 25 0 0 0 13 0 8 31 0 0 0 41 20 50 0 0 0 30 0 0 0 0 0 0 0 0 6 33 41 0 0 7 43 0 0 0 0 0 18 0 0 14 14 0 0 0 0 14 0 0 0 0 0 7 0 45 0 15 0 0 0 0 0 0 0 0 49 0 0 0 12 0 0 0 46 43 0 0 0 0 0 0 0 3 0 0 36 0 0 0 0 0 
0 0 50 20 24 0 0 0 0 0 0 0 34 0 0 0 0 0 0 0 0 4 0 0 42 0 0 44 0 0 0 0 9 0 35 0 0 30 0 0 24 0 0 0 0 0 0 3 0 0 0 0 0 0 0 38 0 43 0 0 0 33 0 0 8 48 0 0 0 0 0 22 0 0 0 5 0 44 0 0 8 50 0 0 25 22 0 17 0 0 0 0 0 6 0 9 0 0 
17 0 26 0 0 35 0 0 0 0 0 0 0 0 0 0 0 2 0 0 0 0 5 2 0 0 8 0 41 0 0 0 0 0 0 50 0 0 0 0 0 0 17 0 0 0 47 0 0 18 26 12 17 0 0 0 0 4 0 26 0 0 0 0 0 0 46 0 0 19 0 0 0 0 0 0 0 8 0 0 0 0 0 47 24 0 0 0 0 0 0 0 0 0 0 0 0 
0 0 0 40 0 0 0 37 0 0 0 29 0 0 14 0 32 0 48 0 0 34 0 0 13 0 24 26 0 0 0 0 0 0 0 0 0 30 0 24 0 0 35 0 48 0 0 0 0 0 0 0 14 0 33 0 36 0 0 0 0 0 0 0 0 7 0 0 0 0 14 0 0 46 42 0 3 0 0 0 0 0 0 0 0 45 0 0 36 0 0 0 0 50 0 0 
0 0 13 0 0 0 0 0 0 0 0 0 0 17 6 0 0 0 0 50 0 0 0 0 0 0 0 0 0 0 47 0 0 0 20 0 0 0 0 0 0 39 44 0 16 0 50 0 0 0 0 0 0 0 0 0 0 0 0 0 0 0 0 0 0 0 0 0 36 0 5 0 0 0 0 0 0 0 0 46 0 0 0 18 0 0 0 0 0 0 0 0 37 0 0 
0 35 0 0 0 0 49 0 0 6 46 33 8 0 0 0 21 0 0 0 0 0 44 0 0 44 0 0 23 32 1 0 48 39 0 0 0 0 0 46 0 0 29 0 0 0 0 0 0 0 0 0 0 0 0 0 0 28 0 0 0 0 0 0 0 0 0 20 0 0 0 0 11 0 0 0 0 0 0 0 0 0 0 0 4 0 34 0 0 21 0 0 0 0 
0 0 15 0 0 0 3 0 20 0 0 0 23 0 0 0 0 0 0 0 0 0 0 0 0 0 0 0 0 0 0 45 0 0 0 0 36 0 0 13 0 0 0 0 0 0 0 0 42 0 0 21 0 0 0 39 0 0 0 0 0 0 0 0 0 0 0 48 0 0 23 0 0 21 0 0 0 0 46 8 0 33 0 0 0 0 46 26 0 15 0 0 0 
0 0 9 0 0 48 0 0 0 0 0 0 0 0 0 0 0 21 0 0 0 0 0 40 0 0 0 0 0 0 9 50 0 0 34 0 0 0 3 0 0 0 0 0 1 39 0 0 11 23 36 0 0 0 0 0 0 0 0 12 15 11 0 0 0 0 0 0 0 0 50 0 0 36 0 47 0 0 0 27 5 29 0 0 8 0 0 12 0 0 0 0 
0 0 0 0 0 0 0 0 0 0 0 0 15 0 9 0 0 0 0 0 0 0 0 0 0 0 0 34 0 0 0 0 0 0 42 0 0 0 0 0 11 0 0 0 0 42 0 0 6 17 6 0 0 49 0 0 0 0 0 0 33 0 0 0 5 0 0 43 0 0 0 0 0 0 13 24 0 0 28 0 0 0 0 0 0 22 23 0 25 0 1 
0 0 0 0 0 0 46 0 0 0 0 0 0 0 0 0 0 0 2 0 0 0 38 0 0 22 0 0 41 0 0 0 44 0 0 0 37 9 0 0 25 0 0 0 29 0 0 0 0 0 0 45 29 0 17 0 3 0 0 0 0 0 0 0 0 33 19 43 0 0 1 0 5 0 0 26 0 0 0 0 18 0 0 0 0 3 0 0 46 0 
0 0 15 0 0 0 0 0 0 10 0 31 0 0 0 0 0 0 0 6 0 15 0 0 0 0 45 0 23 0 0 0 6 0 0 0 0 0 3 0 0 19 18 0 32 0 42 0 31 40 0 0 0 0 0 0 0 0 0 0 0 0 0 0 36 0 0 0 0 13 0 22 0 0 0 0 0 0 0 0 0 0 0 0 0 49 0 0 0 
0 0 37 4 0 0 0 0 0 0 0 0 0 0 0 0 0 0 0 0 0 0 0 46 22 49 0 0 0 0 0 0 0 0 0 0 27 0 0 0 0 0 0 0 0 31 0 0 19 0 0 0 32 0 0 0 0 0 0 7 0 46 0 0 4 0 20 26 0 0 32 0 0 10 30 0 0 0 0 0 0 17 18 0 0 0 0 0 
0 0 0 0 11 0 0 38 0 4 0 0 6 0 0 0 0 0 0 0 0 0 0 0 0 0 0 0 39 0 21 0 0 4 0 0 0 0 0 46 44 33 0 0 0 0 0 0 0 0 0 0 21 0 0 0 44 50 0 37 6 0 41 0 0 0 38 0 0 0 0 11 0 46 0 24 0 0 50 0 0 0 0 0 0 0 0 
0 0 0 28 29 0 0 0 0 0 0 0 47 0 0 0 27 0 0 46 0 0 0 19 0 6 0 0 0 0 0 48 24 0 39 0 0 44 0 43 0 0 0 0 0 0 0 12 0 0 0 37 0 0 27 41 0 0 0 18 0 0 0 35 0 0 0 0 0 0 0 0 0 0 0 0 0 31 8 0 0 0 0 0 0 47 
0 0 0 0 0 9 26 0 0 22 0 0 0 0 0 18 0 0 0 9 0 0 0 0 0 14 0 0 33 14 0 0 11 0 0 0 3 27 0 0 0 0 15 0 37 0 0 0 0 31 0 0 36 0 42 18 42 33 0 0 0 40 0 0 0 0 0 0 0 0 0 0 0 0 0 45 0 0 0 0 0 0 43 0 10 
0 0 45 0 26 4 34 0 0 0 0 0 0 0 0 3 0 0 0 0 0 0 11 0 0 0 0 0 0 0 0 0 0 12 0 0 0 0 0 0 0 0 10 0 0 0 0 0 0 0 0 0 0 0 50 48 0 0 0 0 0 0 0 0 0 26 0 0 0 0 0 6 0 0 0 0 0 0 0 0 26 0 0 0 
0 38 0 0 0 0 0 0 0 0 0 0 0 0 0 0 49 0 0 0 0 0 0 48 37 3 0 0 0 27 0 0 0 0 0 0 0 0 0 0 0 0 0 33 0 0 0 0 0 0 0 0 0 12 39 0 0 0 0 0 0 0 0 0 0 0 0 4 0 0 17 0 0 0 0 0 0 0 17 0 0 0 0 
0 0 0 0 13 0 0 0 0 0 0 0 17 0 0 0 0 2 0 0 10 0 0 42 0 16 0 0 0 12 13 0 0 0 0 0 0 0 0 0 10 0 0 0 40 0 40 0 0 0 21 0 0 0 0 0 0 0 0 0 0 0 0 0 0 0 0 0 44 0 0 0 0 0 28 0 0 0 0 7 0 0 
32 39 0 12 0 0 0 0 18 0 0 0 0 0 0 30 34 25 0 0 0 0 0 0 0 0 0 0 0 0 0 0 0 0 1 41 38 0 0 0 0 43 0 0 0 0 0 0 8 0 0 0 0 0 0 0 4 0 22 2 45 0 0 6 0 0 0 0 0 6 0 0 0 0 0 3 0 0 0 41 0 
0 0 12 0 0 40 0 12 0 0 0 30 0 0 0 19 0 50 0 26 8 18 44 0 0 0 45 0 46 0 0 0 0 0 0 9 3 0 0 44 0 0 0 0 13 0 23 0 0 0 0 0 0 48 0 0 0 0 0 31 0 0 8 0 0 0 11 35 0 0 44 0 0 0 0 0 0 0 0 0 
0 0 0 0 0 0 0 21 0 48 6 0 0 0 0 0 0 7 36 0 0 39 0 0 0 0 0 0 0 40 0 0 0 0 0 38 0 11 0 0 6 48 0 0 0 0 12 8 0 0 46 28 22 0 0 0 0 0 0 0 0 0 34 28 0 0 0 29 0 0 0 0 0 0 0 0 0 0 0 
0 38 0 6 0 17 0 0 0 17 25 0 0 14 39 19 0 0 0 0 25 0 0 0 0 0 20 5 0 5 0 0 13 0 0 0 0 0 0 3 0 21 0 35 0 0 0 0 0 0 0 1 0 15 0 0 0 0 25 0 9 0 0 18 24 0 0 32 16 0 5 0 48 0 4 0 0 0 
0 0 0 0 0 0 0 0 34 0 0 0 16 0 0 7 29 0 14 0 31 0 26 0 0 0 0 0 0 0 0 0 0 42 0 0 50 0 33 0 0 0 0 0 0 46 0 31 0 34 0 0 0 0 0 0 10 0 0 0 0 0 0 0 0 0 0 0 0 0 0 0 0 0 0 9 0 
0 5 0 32 0 0 38 0 0 0 0 0 0 0 20 28 45 0 0 0 23 0 0 0 12 0 0 0 0 0 0 6 0 29 37 35 0 22 0 0 0 0 0 0 0 0 0 36 11 0 7 0 0 0 0 0 24 0 0 0 0 0 0 0 0 0 0 0 0 42 0 0 0 0 0 0 
0 0 0 0 0 0 0 40 36 0 0 0 2 0 0 0 24 0 47 1 0 0 31 28 0 0 0 49 0 0 0 29 45 0 0 0 0 0 0 0 35 0 0 28 0 0 0 0 0 0 7 0 0 0 0 0 0 0 0 9 0 0 0 0 0 41 8 0 0 13 0 0 0 12 6 
24 0 0 0 17 0 41 0 9 0 0 0 0 0 0 0 0 27 0 0 33 0 0 0 0 12 21 0 0 2 0 0 0 0 0 0 0 0 0 15 30 0 0 35 0 0 0 0 0 29 0 0 0 0 5 0 33 22 0 0 0 43 0 19 46 0 0 0 0 0 0 0 0 0 
0 30 24 0 0 44 0 2 0 0 13 0 0 0 0 0 0 0 9 0 0 0 0 0 0 0 12 0 0 0 19 0 0 0 12 15 0 0 0 0 29 0 0 0 0 0 0 0 0 28 0 35 0 0 16 0 0 0 0 0 0 0 5 18 44 0 0 0 37 0 0 0 0 
0 0 0 0 43 41 0 0 0 0 0 0 0 0 33 0 16 43 0 43 48 0 0 0 0 0 0 0 6 0 13 0 36 0 41 40 0 0 0 0 0 0 0 21 24 0 34 0 9 0 0 19 0 0 0 0 49 0 0 0 0 0 0 22 0 0 0 0 0 0 0 0 
0 0 0 0 0 0 0 0 17 23 37 0 4 30 0 0 0 0 0 48 0 0 0 38 49 27 0 0 0 0 46 0 15 0 0 0 0 42 0 0 0 0 0 0 0 0 30 32 0 22 0 28 0 0 6 0 0 43 0 0 46 0 0 0 42 0 0 0 0 0 0 
13 0 0 38 0 0 0 0 0 0 0 0 0 0 0 0 0 0 0 16 0 0 10 25 46 0 0 0 0 0 0 0 0 0 10 0 0 0 0 0 22 44 0 11 0 0 0 0 27 9 0 18 4 0 0 46 0 0 36 25 0 0 0 0 0 0 43 0 0 0 
0 0 0 0 0 0 0 0 0 0 0 0 0 4 0 0 13 0 25 0 0 37 0 0 0 0 0 3 0 0 0 0 0 0 0 0 30 0 0 26 0 0 44 28 25 45 0 0 0 5 0 0 0 34 0 0 0 0 13 0 30 0 0 0 0 0 0 0 0 
0 0 12 0 30 0 31 0 46 0 0 0 26 20 26 0 0 0 0 0 0 0 0 0 48 0 30 0 0 0 25 16 0 0 0 44 18 0 0 0 0 0 0 0 0 0 50 0 0 0 0 0 0 0 4 0 0 22 45 0 0 0 0 0 0 0 0 0 
31 0 0 8 18 0 0 0 0 0 0 0 0 3 0 0 0 0 1 0 0 36 0 0 0 0 0 0 0 0 0 0 35 0 0 0 0 0 0 7 0 6 0 0 0 0 31 0 0 0 0 0 0 0 0 0 0 0 37 0 41 0 0 0 0 0 0 
0 0 0 0 0 37 0 0 0 33 10 0 0 0 0 0 0 18 6 3 26 0 0 0 0 0 0 0 0 0 0 0 0 0 0 0 0 0 0 0 0 0 0 0 0 0 0 0 5 0 17 18 0 1 37 0 7 0 0 0 0 0 26 0 0 30 
0 0 19 0 47 43 0 0 0 0 0 41 0 2 0 0 0 0 0 0 23 16 0 43 3 0 0 0 0 0 0 0 0 0 0 0 0 0 0 0 0 0 0 0 0 0 0 0 35 0 0 0 0 0 0 0 0 30 0 48 0 0 0 0 19 
0 6 0 0 18 0 0 7 0 0 0 34 0 0 0 0 0 15 0 0 0 0 15 0 0 0 0 0 0 0 0 0 45 0 32 0 45 0 19 0 4 7 0 0 0 0 0 0 0 0 0 0 0 0 0 0 0 0 0 1 0 0 0 0 
48 0 26 0 10 0 0 0 0 0 26 50 27 0 40 0 0 0 0 1 0 0 0 0 0 0 25 0 0 0 47 0 0 0 0 0 0 0 32 0 0 0 0 0 0 0 0 0 0 0 34 0 0 0 0 0 0 0 0 0 0 0 31 
0 0 0 0 49 0 0 0 0 0 0 0 48 9 0 37 0 0 0 0 44 0 5 0 0 0 6 0 0 40 23 0 0 0 0 0 0 0 0 0 0 0 0 0 0 0 0 0 0 0 0 0 0 0 0 0 11 0 0 0 0 0 
0 0 0 17 0 0 0 0 24 26 0 0 0 17 23 0 0 0 0 0 0 0 25 0 0 0 46 50 20 0 0 22 42 0 0 0 22 0 0 10 23 0 0 0 0 0 0 0 0 0 0 0 0 0 0 0 0 23 0 0 0 
0 0 19 29 0 0 0 0 43 0 46 0 0 0 0 0 0 49 0 0 0 0 0 3 0 0 0 0 0 0 0 0 0 15 0 0 28 0 48 0 0 0 0 0 0 0 0 0 0 0 0 0 0 0 0 0 0 20 0 26 
13 0 0 0 21 0 0 0 0 0 0 0 0 0 36 0 0 0 0 0 20 0 0 0 0 0 0 0 0 0 49 35 0 0 0 0 0 0 16 0 0 50 45 0 2 0 0 37 31 0 0 0 0 0 0 0 8 0 0 
0 33 13 0 6 0 0 0 0 0 0 0 0 0 0 0 0 0 0 0 0 0 0 0 0 0 0 0 0 6 3 43 29 0 0 43 0 36 0 0 43 43 0 0 0 0 0 0 0 0 6 0 6 0 0 0 0 0 
0 43 0 0 0 0 47 0 0 0 0 0 0 25 0 23 0 14 0 36 9 47 0 34 20 0 0 0 0 30 0 0 0 0 0 0 25 8 0 0 0 0 0 0 0 12 0 13 4 0 0 0 22 21 45 0 0 
0 0 0 0 0 18 0 0 0 0 0 0 0 0 0 0 0 20 10 0 0 0 0 0 0 0 0 0 17 1 48 0 0 0 0 0 0 0 0 0 34 0 15 0 0 16 0 0 0 0 0 0 0 22 0 0 
11 0 0 0 0 39 0 0 0 0 33 19 27 21 0 0 0 0 0 0 0 0 29 0 0 25 46 27 0 32 0 0 0 0 0 0 0 0 0 0 0 0 0 37 50 24 0 0 48 0 26 0 0 0 0 
0 34 0 44 0 0 0 0 21 19 0 0 0 0 0 0 0 0 0 0 0 40 0 0 0 0 0 0 13 0 0 0 0 0 0 0 17 0 29 0 0 0 0 0 0 0 0 0 0 0 0 0 0 4 
0 0 0 11 28 0 0 0 0 0 0 0 0 0 0 0 0 0 0 46 0 21 33 0 19 31 0 0 0 0 23 0 0 11 0 44 0 49 0 3 0 0 33 0 0 0 0 18 0 0 0 0 0 
0 0 0 0 12 0 0 0 0 0 19 0 33 0 0 37 48 47 42 0 46 2 0 0 0 0 0 0 0 22 0 0 0 0 0 0 0 0 44 0 0 0 0 0 0 0 0 0 0 15 0 0 
0 0 0 0 25 0 0 0 32 0 0 36 0 0 25 0 0 9 0 0 0 0 3 0 0 23 0 0 31 0 0 0 0 0 4 0 0 0 8 0 0 0 0 0 6 0 17 0 0 0 0 
0 0 0 38 0 0 0 0 0 0 0 0 0 0 21 44 0 22 24 0 0 0 0 46 0 0 0 0 0 0 0 36 22 0 4 17 0 0 0 16 0 0 14 0 0 0 0 23 0 0 
0 7 41 0 0 39 0 0 0 0 0 11 35 0 45 45 0 0 0 0 2 0 0 0 0 0 0 0 0 0 0 0 22 0 0 0 0 45 34 0 0 39 24 9 0 0 0 0 0 
33 10 28 0 9 0 0 0 0 0 24 0 0 0 0 0 2 0 0 0 0 0 0 42 0 41 0 0 0 0 20 0 0 0 0 0 0 0 0 0 0 0 0 0 0 0 0 0 
0 0 0 0 0 0 0 19 0 40 0 0 0 26 0 0 0 0 2 0 0 24 0 0 0 0 0 0 0 21 0 0 2 48 0 0 26 0 28 0 0 0 0 0 0 12 35 
43 15 0 48 0 0 0 0 0 0 0 0 0 17 0 10 0 0 19 0 0 0 0 0 33 0 0 12 0 0 0 0 0 0 0 0 0 0 0 0 0 0 0 0 0 20 
0 26 0 22 0 0 0 0 0 0 0 0 0 0 0 0 16 0 0 5 0 0 0 0 0 0 36 0 0 0 0 0 0 0 0 44 0 0 0 0 7 0 0 0 0 
0 0 2 17 0 0 0 0 24 9 0 0 0 0 0 0 27 0 0 0 0 0 0 44 0 0 17 0 22 10 0 0 0 0 40 0 0 28 50 0 0 0 0 0 
0 0 0 29 40 0 0 0 41 0 45 16 0 0 0 0 0 0 0 0 0 0 41 0 0 2 0 0 0 0 0 0 0 0 27 0 42 0 0 42 0 0 0 
38 11 0 7 0 0 0 0 0 50 0 0 0 0 0 12 0 0 0 0 0 0 0 0 0 0 0 0 0 29 0 0 0 48 47 31 0 0 0 34 0 0 
12 35 38 0 0 17 41 0 32 13 0 0 0 0 14 0 31 8 0 0 0 0 0 4 0 41 0 0 0 0 0 0 38 0 32 29 0 0 0 0 0 
0 33 0 0 0 49 0 0 0 36 29 0 0 0 0 0 0 0 0 0 0 0 11 28 0 0 0 0 0 0 0 0 0 0 8 45 0 0 0 0 
0 0 0 2 0 0 0 0 39 0 36 34 0 0 0 0 0 0 0 0 0 32 0 0 0 0 50 0 0 31 0 0 0 48 0 0 0 0 0 
0 0 0 0 0 0 0 0 0 0 0 0 0 43 0 0 0 0 34 0 0 0 0 0 35 0 0 0 0 0 0 0 26 0 0 38 27 0 
39 0 1 0 0 0 0 0 0 0 0 0 37 0 48 0 0 0 0 0 2 0 43 0 0 0 0 0 0 0 0 8 0 0 0 0 0 
0 3 0 0 0 0 0 0 0 41 0 0 9 0 48 0 0 0 0 0 10 0 41 0 0 22 36 0 0 0 0 0 0 0 0 0 
34 0 0 38 46 0 0 0 46 12 13 0 0 0 0 9 0 0 0 37 15 0 0 15 0 0 0 0 0 0 0 0 0 0 0 
44 0 0 34 27 25 24 0 0 0 0 20 0 0 0 0 0 0 50 0 0 0 0 0 0 3 42 0 0 0 35 0 0 37 
0 21 0 0 0 0 0 0 0 0 0 0 0 30 0 43 0 0 27 0 0 0 0 0 0 0 0 0 38 0 0 14 0 
0 0 0 0 0 0 0 23 25 0 0 0 38 49 0 0 0 3 0 0 0 11 0 31 42 0 0 0 50 0 0 0 
9 24 0 0 25 0 0 34 39 0 26 9 0 0 0 0 0 0 0 0 0 0 16 0 0 0 0 0 0 0 0 
0 0 0 20 0 0 15 0 0 0 50 0 0 0 29 45 0 46 0 0 0 0 33 0 0 0 0 32 0 0 
0 0 0 0 0 46 0 0 8 47 26 0 0 0 0 37 18 0 0 0 0 0 0 0 0 25 0 0 0 
0 0 0 37 0 0 0 37 0 30 0 38 0 0 0 0 0 0 21 0 24 0 0 0 5 0 41 30 
0 0 5 0 0 0 0 0 0 0 0 0 0 0 40 0 0 0 0 0 0 0 0 0 0 0 14 
0 0 50 0 0 0 0 0 0 0 41 0 47 27 0 0 0 9 0 12 7 0 0 0 0 0 
0 16 43 0 0 0 0 11 42 0 0 0 0 0 0 0 0 0 0 0 0 0 0 40 13 
0 0 0 0 0 0 0 0 0 36 28 29 0 0 0 0 0 0 0 0 0 0 0 0 
0 0 19 11 0 15 5 36 0 0 12 0 0 0 0 0 0 0 0 0 45 0 0 
0 0 0 0 18 0 0 0 38 0 0 28 15 0 0 36 0 0 0 0 0 48 
0 0 28 0 0 0 0 0 0 0 0 0 0 28 0 0 0 0 0 18 45 
0 0 0 0 0 0 0 0 0 0 1 0 0 0 0 0 0 0 0 0 
37 0 0 0 0 0 39 0 0 0 16 0 0 0 4 0 0 0 0 
42 0 0 0 0 0 0 0 0 0 0 0 0 0 0 14 0 0 
0 2 0 0 0 0 0 0 0 0 0 0 50 0 0 0 0 
0 0 0 0 0 0 0 31 5 0 0 0 0 0 0 0 
46 48 0 0 26 0 6 16 0 0 21 37 0 0 40 
31 0 47 0 0 0 0 0 0 21 4 0 0 0 
0 45 0 0 0 47 14 0 29 0 0 0 36 
0 1 43 0 0 0 2 0 23 0 0 0 
0 44 0 0 0 49 0 0 0 18 5 
43 0 0 0 0 0 0 0 0 0 
28 0 0 0 0 0 0 0 0 
0 0 0 0 0 0 0 0 
0 0 42 0 3 0 0 
0 30 0 11 28 0 
0 0 0 0 0 
0 18 0 0 
0 0 24 
0 36 
0 

1 18
1 19
1 50
1 130
2 9
2 56
2 116
2 126
3 19
3 23
3 35
3 52
3 72
4 22
4 72
4 110
4 112
4 138
5 21
5 37
5 82
5 100
5 143
6 67
6 73
6 77
6 88
6 109
6 114
6 122
6 140
6 142
7 14
7 59
7 66
7 77
7 79
8 9
8 50
8 122
8 149
9 38
9 62
9 64
9 119
10 25
10 46
10 73
10 87
10 125
11 31
11 78
11 89
11 143
12 26
12 54
12 137
13 14
13 73
13 94
13 112
14 58
14 74
14 101
14 110
14 120
14 132
15 17
15 65
15 125
15 132
15 134
16 24
16 30
16 65
16 85
16 99
16 102
16 106
16 110
16 144
16 145
17 41
17 68
17 76
17 79
18 28
18 64
18 77
18 81
18 94
18 150
19 39
19 47
19 61
19 64
19 134
19 142
20 42
20 45
20 49
20 51
20 58
20 67
20 97
20 122
21 23
21 35
21 48
21 101
21 107
21 108
22 27
22 42
22 68
22 76
22 99
22 104
22 107
22 109
22 110
23 69
23 103
24 30
24 71
24 83
24 129
25 34
25 51
25 90
25 97
25 124
25 127
25 135
25 146
26 86
26 111
26 129
27 52
27 72
27 73
27 84
27 139
28 120
28 147
29 93
30 35
30 45
30 71
30 76
30 101
30 112
30 130
31 68
31 73
31 76
31 116
31 122
32 40
32 48
32 63
32 73
32 103
32 105
32 115
32 129
33 111
33 119
33 128
33 132
33 139
34 36
34 42
34 93
34 105
34 136
35 58
35 103
35 123
35 139
35 145
36 43
36 50
36 84
36 97
36 140
37 40
37 56
37 58
37 97
37 112
37 120
37 125
38 61
38 63
38 66
38 77
38 80
38 91
39 71
39 90
40 57
40 84
40 85
40 138
41 47
41 48
41 67
41 68
41 69
41 72
41 114
41 125
41 132
41 134
41 145
42 88
43 81
43 103
43 120
43 131
43 132
44 47
44 93
44 97
44 111
44 127
44 128
44 142
45 114
46 65
46 86
46 92
46 114
46 117
47 65
47 103
47 111
48 86
48 106
48 137
49 78
49 98
49 109
49 111
49 113
49 116
50 65
50 77
50 139
50 142
52 67
52 105
52 112
52 135
52 144
53 73
53 97
53 112
53 124
54 104
54 132
55 125
55 141
56 95
56 112
56 118
57 119
57 132
57 148
58 65
58 85
58 105
58 130
58 150
59 67
59 75
59 99
59 147
60 65
60 75
60 114
61 65
61 82
61 116
62 73
62 92
62 96
62 110
63 108
63 147
64 86
64 94
64 134
65 67
65 96
65 125
66 76
66 79
66 92
66 106
66 111
66 134
67 73
67 105
67 116
68 80
68 131
69 79
69 127
69 148
70 140
72 109
72 132
72 142
74 80
74 94
74 133
74 145
75 148
76 78
76 93
76 111
76 132
77 103
77 115
77 116
77 130
77 136
77 144
78 85
78 103
78 104
78 147
79 84
80 109
80 118
81 96
81 99
81 128
81 130
82 92
82 110
82 145
83 100
84 85
84 107
84 120
84 145
84 149
86 90
86 108
86 112
87 130
88 97
88 100
88 114
88 117
89 110
89 135
89 148
90 118
90 130
91 102
91 109
91 121
91 135
91 137
91 145
91 146
92 93
92 114
92 121
93 103
93 104
94 138
94 150
95 103
95 119
95 129
95 133
95 143
96 97
96 101
96 114
96 117
96 129
97 103
97 105
97 110
97 142
97 148
98 124
98 126
98 136
98 141
100 101
100 105
100 129
101 124
101 137
102 137
102 140
103 118
103 132
104 121
106 114
106 137
107 114
107 128
108 116
108 125
108 130
108 133
109 130
110 132
111 116
112 133
114 120
114 122
114 125
114 134
114 150
115 117
115 122
115 132
115 133
117 144
117 150
118 146
119 123
119 132
120 147
124 129
124 130
125 143
128 146
128 147
129 138
130 133
130 147
132 137
133 143
134 147
135 148
137 141
139 142
