150 894 1000

14 56 58 29 64 30 73 110 38 16
104 51 11 80 18 70 79 105 80 93
18 105 93 105 106 73 26 52 71 81
11 62 91 68 106 92 107 97 68 16
47 80 54 65 66 62 41 74 75 103
42 73 80 98 46 30 20 92 81 71
108 103 110 106 50 82 27 57 54 78
19 95 58 51 63 97 70 49 69 18
61 30 12 52 40 28 44 37 41 33
57 85 68 23 36 11 69 103 78 96
17 45 62 49 99 61 74 39 91 42
98 28 19 61 41 102 82 22 64 97
19 58 97 64 90 76 13 108 90 109
50 63 75 71 25 80 30 63 80 48
32 27 88 65 16 91 13 64 102 17

4 46 48 19 54 20 63 100 28 6
94 41 1 70 8 60 69 95 70 83
8 95 83 95 96 63 16 42 61 71
1 52 81 58 96 82 97 87 58 6
37 70 44 55 56 52 31 64 65 93
32 63 70 88 36 20 10 82 71 61
98 93 100 96 40 72 17 47 44 68
9 85 48 41 53 87 60 39 59 8
51 20 2 42 30 18 34 27 31 23
47 75 58 13 26 1 59 93 68 86
7 35 52 39 89 51 64 29 81 32
88 18 9 51 31 92 72 12 54 87
9 48 87 54 80 66 3 98 80 99
40 53 65 61 15 70 20 53 70 38
22 17 78 55 6 81 3 54 92 7

7 0 0 0 0 0 37 0 33 0 0 3 0 0 0 0 0 0 0 0 0 0 34 0 0 9 0 0 0 21 0 46 0 0 0 0 0 0 0 0 0 37 0 1 0 4 14 0 0 0 21 0 0 0 0 0 0 0 0 0 0 0 0 0 5 1 35 0 37 0 0 8 13 4 19 0 0 0 27 0 0 0 0 0 15 0 0 20 0 35 14 0 17 7 32 0 0 0 0 0 0 0 0 0 0 0 0 0 0 0 0 35 0 0 0 0 0 0 43 0 0 0 0 0 3 0 16 0 40 0 0 0 0 0 0 0 1 0 0 0 30 0 0 19 0 0 0 0 0 
0 43 0 0 7 12 0 0 0 0 0 0 24 0 18 0 27 38 0 13 0 15 23 25 0 0 0 16 0 0 0 0 0 0 0 0 0 0 0 0 11 0 0 0 0 0 30 0 26 0 0 0 2 0 0 17 6 16 0 0 15 0 25 11 0 0 0 0 0 0 0 0 0 0 0 31 12 22 0 0 0 0 0 0 0 0 0 0 26 17 0 0 0 0 0 0 0 13 15 0 0 0 0 0 12 0 0 0 0 0 0 17 17 0 41 0 0 21 0 49 33 0 0 0 0 0 0 0 0 0 0 0 0 0 0 0 0 23 0 0 43 0 0 0 0 0 0 0 
0 0 0 0 0 0 0 0 0 0 0 0 0 0 0 0 0 0 18 0 0 0 0 36 0 21 0 49 35 0 0 0 0 0 39 0 0 0 0 0 14 0 0 0 0 0 0 0 15 0 0 0 32 0 0 0 36 0 0 28 43 0 0 0 0 0 0 0 0 0 13 0 0 0 0 37 0 0 0 0 0 0 0 4 31 0 0 42 0 0 0 0 0 0 0 0 0 40 46 0 0 0 0 0 0 0 0 0 0 0 0 0 0 0 0 0 3 47 0 0 0 38 23 0 0 0 0 0 0 0 0 0 24 44 21 0 0 26 42 0 0 0 0 0 0 6 0 
0 0 0 0 0 0 0 0 0 37 4 0 0 0 5 0 0 0 9 0 0 0 0 0 33 0 0 0 0 10 0 0 0 0 0 0 0 0 0 0 0 0 0 0 0 0 0 0 0 0 0 0 0 38 0 0 0 0 0 16 0 0 0 0 0 0 0 0 0 0 0 0 0 0 0 33 0 0 0 11 0 7 0 0 0 0 0 0 0 0 24 35 0 42 46 0 0 0 0 41 0 0 0 0 0 0 0 0 26 1 0 0 0 0 0 6 0 33 47 23 0 20 0 0 0 41 0 0 0 0 0 0 0 0 50 0 0 0 0 0 0 0 0 0 0 0 
0 0 0 0 0 36 0 0 16 0 0 0 0 0 0 0 0 40 0 46 0 23 0 0 0 0 0 26 0 2 0 0 13 5 0 0 0 0 0 0 0 0 11 0 0 0 0 18 28 0 31 0 0 0 0 0 0 0 0 0 0 24 0 0 42 0 27 0 0 0 0 0 0 0 0 47 0 0 0 0 0 0 0 0 45 48 0 0 0 39 0 36 0 0 0 0 50 0 0 0 0 0 3 0 0 0 4 0 0 0 0 36 0 0 0 0 0 0 0 0 0 37 0 0 24 0 0 0 0 10 0 0 0 0 0 0 0 0 0 0 0 35 0 0 0 
0 0 0 0 0 0 36 9 0 0 0 17 15 0 38 0 0 0 0 0 0 0 0 48 0 0 0 0 0 0 0 0 0 0 19 41 0 0 0 0 0 0 0 0 48 0 34 0 0 0 0 0 0 0 0 0 0 0 0 0 0 0 0 0 0 0 0 0 0 0 0 0 0 9 0 0 31 0 0 0 0 0 0 0 0 33 0 0 0 0 50 0 0 0 0 0 0 0 0 0 0 33 0 39 17 0 0 31 0 49 0 22 0 0 39 0 0 24 49 0 0 0 49 0 0 0 0 0 0 1 0 0 14 49 0 0 0 0 0 26 0 0 0 0 
0 0 0 0 0 0 0 0 0 0 0 0 0 0 0 0 34 0 0 0 0 0 0 0 0 0 0 0 33 0 0 0 0 42 0 20 0 0 0 0 0 0 23 0 48 0 0 0 36 0 0 0 0 0 0 0 0 0 0 0 0 0 7 0 0 12 0 0 0 0 0 0 0 27 0 47 0 0 4 0 0 0 0 0 39 37 0 40 0 23 0 0 0 0 0 0 9 0 0 0 0 0 0 0 2 0 0 0 0 0 0 0 0 0 0 12 0 0 19 9 0 47 0 0 0 0 0 35 0 0 0 0 0 41 44 0 0 0 0 35 0 0 42 
0 0 0 0 0 0 0 0 0 45 0 0 0 0 0 0 0 0 0 0 0 8 42 28 0 0 0 0 48 27 0 0 0 0 0 0 0 3 29 0 0 0 47 36 0 0 0 0 0 0 33 0 0 0 0 16 46 0 46 0 0 0 0 15 0 0 0 0 0 32 0 27 0 0 0 0 0 0 0 0 18 0 31 40 0 7 0 0 0 0 0 38 0 47 0 6 0 22 0 0 0 0 0 0 37 19 0 0 0 11 0 0 0 0 0 1 0 34 12 0 0 0 0 0 0 0 0 50 0 0 0 0 10 6 0 0 0 0 30 0 0 0 
0 5 0 0 0 50 0 0 0 0 0 0 0 0 0 28 0 0 0 0 0 0 0 0 0 0 37 0 0 0 34 0 37 0 0 0 0 0 0 0 0 0 0 4 0 16 33 0 0 0 0 0 3 1 21 0 0 0 37 37 0 0 0 0 0 0 0 0 0 0 0 0 31 4 19 0 0 0 0 0 0 1 0 37 2 0 0 0 0 0 0 0 0 0 0 0 0 0 0 0 0 0 0 12 1 40 0 23 0 38 24 0 0 30 0 0 0 0 0 0 0 0 0 0 0 0 0 10 0 24 0 0 0 0 0 0 0 40 0 0 46 
0 0 50 0 0 0 0 0 31 0 0 0 26 38 0 22 0 0 0 0 0 0 0 0 0 1 0 0 0 0 13 0 0 0 0 13 0 0 0 0 1 0 29 47 27 0 0 0 0 0 0 0 0 0 0 0 0 0 0 0 0 0 0 0 0 0 0 0 0 0 0 0 0 0 0 0 0 0 27 0 27 0 0 0 0 0 0 6 0 0 0 33 0 0 0 0 30 0 0 0 0 0 0 0 0 43 0 0 0 20 0 0 0 28 0 0 47 0 0 0 0 0 0 0 7 0 0 0 0 0 0 0 0 1 11 0 0 0 0 0 
0 24 0 0 0 0 0 0 0 0 0 41 0 0 0 0 49 0 0 43 47 0 0 41 0 0 0 0 50 0 0 0 0 0 0 0 0 27 0 0 0 29 0 33 0 0 7 6 0 0 0 0 0 0 0 0 0 0 18 0 33 0 0 0 0 14 0 0 3 11 0 9 0 0 50 0 0 0 0 0 0 0 0 0 0 0 0 11 48 0 0 0 20 43 0 0 0 0 0 0 0 0 0 0 0 34 0 0 0 0 0 0 0 0 0 3 0 12 0 0 0 0 0 10 0 0 39 37 0 0 0 0 37 0 0 0 0 0 44 
0 0 1 3 0 8 0 0 40 0 5 0 0 0 26 0 0 0 0 0 0 0 0 44 21 0 0 0 0 0 0 0 38 26 0 15 0 42 0 0 0 0 0 0 0 0 0 0 39 0 0 0 0 0 0 43 0 0 0 0 0 0 0 37 0 12 0 0 0 0 0 0 0 0 0 0 0 18 0 0 0 0 0 0 0 10 0 0 0 0 0 0 0 0 0 0 43 0 0 12 0 7 0 0 0 0 0 19 0 0 26 0 0 0 0 0 0 0 0 0 0 0 0 0 0 2 0 0 49 0 0 0 0 0 33 5 0 0 
0 0 0 0 27 0 0 0 0 0 0 0 0 0 0 0 0 46 0 14 8 25 0 0 0 0 0 23 0 0 0 0 0 0 0 0 0 0 0 0 39 0 45 25 0 0 0 0 33 0 0 0 0 0 0 0 33 0 0 13 0 0 0 50 0 28 0 0 0 17 0 9 0 0 32 0 0 0 0 34 0 48 47 0 0 0 0 0 0 0 0 36 0 0 14 0 25 0 0 0 0 0 0 0 0 0 5 0 0 13 16 0 0 0 0 0 0 0 0 0 0 0 0 0 0 0 2 48 0 0 0 47 0 0 0 0 0 
0 0 0 0 0 0 0 0 0 0 0 0 25 0 0 0 37 0 0 28 0 0 1 0 0 0 0 0 0 0 0 0 0 0 15 19 0 26 46 0 33 0 0 0 0 0 0 0 0 0 0 0 0 0 47 32 0 0 0 39 0 24 0 0 0 50 0 0 0 0 0 0 0 0 0 6 0 0 9 0 0 0 0 0 41 0 0 0 0 0 0 24 0 18 0 0 0 0 0 0 0 0 41 49 41 0 0 35 0 17 43 0 0 0 0 0 0 0 0 0 0 0 0 0 0 0 14 0 47 3 0 0 0 0 0 0 
19 0 0 0 0 0 0 23 0 0 3 0 47 0 0 0 0 0 0 0 0 0 0 0 0 0 41 0 50 0 0 0 0 0 0 0 0 0 0 14 0 0 0 0 0 0 0 49 0 25 0 19 0 37 0 0 0 9 0 0 0 0 39 11 0 0 0 0 0 29 0 0 0 0 46 41 0 0 0 0 46 3 21 0 0 0 0 0 0 0 0 0 10 25 0 13 0 0 0 0 0 0 0 0 0 1 19 0 0 0 0 0 0 0 25 0 0 41 0 0 0 15 45 0 0 24 0 0 0 0 35 0 0 0 31 
0 2 6 0 0 0 0 0 18 0 0 0 0 48 0 0 0 0 0 0 0 0 0 9 0 0 32 0 0 0 0 0 0 0 0 0 0 0 41 0 0 38 32 38 0 0 0 0 0 0 27 0 22 0 0 8 47 0 0 0 23 24 0 19 0 0 0 0 0 0 37 0 0 0 14 0 0 30 35 0 0 0 7 0 0 0 0 0 0 0 0 0 47 0 21 0 0 0 17 0 0 0 0 0 0 0 0 0 35 0 0 49 0 0 0 0 0 0 36 5 0 44 46 0 0 23 0 0 45 0 0 27 0 0 
0 0 0 0 25 44 0 0 0 0 0 0 0 0 14 0 0 0 0 0 0 9 0 0 0 0 0 0 0 0 0 0 0 0 0 0 0 0 0 6 0 0 0 0 0 47 0 14 0 0 0 0 0 30 0 0 0 0 0 0 0 0 0 43 0 0 0 0 0 1 47 0 0 0 0 0 0 0 0 0 0 0 0 0 18 0 0 0 0 11 0 0 0 24 3 0 0 0 0 0 0 0 0 0 0 0 0 0 0 0 33 0 30 0 0 0 0 8 0 0 0 0 0 0 0 26 39 0 0 0 0 0 30 
0 0 0 0 0 6 0 0 0 0 0 0 0 47 0 0 27 0 0 0 0 0 0 0 0 0 0 43 0 0 0 0 13 6 27 41 0 16 0 3 0 0 42 0 0 0 0 0 0 0 0 0 0 0 0 0 28 0 0 0 0 0 0 0 0 0 0 0 0 0 41 0 0 0 0 0 0 0 19 0 0 23 42 0 10 0 27 0 0 0 0 23 0 0 0 44 0 0 31 23 0 0 0 0 18 0 0 0 0 26 0 0 0 0 0 33 0 0 0 0 0 41 0 7 0 0 0 0 26 0 0 0 
48 0 0 0 0 0 0 26 0 0 0 0 0 0 0 0 0 0 0 0 0 1 0 0 0 0 0 0 0 0 27 0 0 32 0 22 0 0 0 0 0 0 0 0 18 0 0 0 0 0 0 0 0 0 16 0 0 15 0 38 0 0 0 0 0 0 10 0 0 0 43 0 0 22 0 0 0 0 0 0 0 0 0 0 25 8 43 0 17 30 0 50 0 0 0 0 0 15 0 0 0 39 12 0 0 47 0 48 0 0 7 0 0 0 29 0 0 0 39 0 0 0 0 0 0 0 0 26 0 0 33 
0 0 0 0 0 0 0 0 0 13 28 0 0 0 0 0 0 0 0 0 0 0 15 10 0 0 0 0 0 0 35 0 0 0 0 0 0 17 0 0 0 0 0 0 45 0 24 0 0 0 0 0 13 0 0 0 0 0 26 0 0 38 14 0 0 0 0 0 0 0 0 34 27 0 0 0 0 0 35 0 0 24 0 0 0 0 0 0 0 0 30 44 0 0 0 47 0 0 0 0 0 0 0 0 0 0 0 0 0 0 0 25 0 0 0 0 0 0 0 0 0 0 0 25 0 0 0 0 2 0 
0 0 0 0 0 0 0 49 0 0 17 0 0 29 0 0 42 2 7 0 45 0 0 0 0 4 0 0 0 0 0 31 36 6 0 0 0 0 0 0 27 0 0 0 0 0 0 0 0 0 0 0 25 0 0 0 0 0 12 0 0 38 0 0 0 0 0 0 0 30 0 0 0 0 36 0 0 41 0 0 0 0 23 0 0 0 0 0 0 0 0 0 0 0 0 0 0 11 0 0 0 27 0 36 0 0 0 0 0 0 0 0 0 0 0 2 32 0 0 0 0 0 0 0 0 0 19 0 8 
0 38 0 0 32 17 0 0 0 26 0 24 0 0 0 14 0 20 0 0 0 0 15 0 0 29 0 0 0 22 0 0 13 45 0 0 33 0 0 0 7 0 0 0 0 0 5 0 37 0 0 0 0 0 0 0 0 0 0 0 0 0 0 19 45 0 36 12 48 0 0 0 0 0 0 0 0 0 0 13 18 5 12 0 0 0 0 0 0 4 0 0 0 0 2 0 0 30 0 0 0 0 47 0 0 0 0 0 0 0 0 6 0 33 0 0 0 0 0 34 0 0 16 0 19 0 0 9 
0 0 26 20 0 0 0 0 0 32 0 30 0 0 0 0 0 0 0 50 1 14 0 0 0 0 0 36 0 19 6 0 7 0 0 0 0 0 0 35 0 0 0 0 0 0 0 0 0 30 0 0 0 0 0 2 0 0 11 0 0 39 13 0 0 48 37 0 0 50 0 0 0 31 34 23 17 0 45 0 0 0 0 0 10 0 0 0 0 0 3 2 40 0 0 0 0 0 37 0 48 0 11 0 0 8 0 20 0 0 0 0 0 2 0 48 0 0 0 21 38 0 0 0 0 0 0 
0 0 0 0 0 0 0 0 3 0 0 0 0 35 0 0 0 0 0 0 0 0 0 6 0 0 0 0 0 0 0 24 0 0 0 0 0 0 0 16 0 0 0 29 0 0 32 0 0 0 0 0 0 0 32 0 0 0 15 18 0 30 0 7 19 0 0 0 0 0 0 4 0 43 0 0 0 0 0 0 0 0 0 0 0 0 0 0 46 0 0 0 0 0 42 0 0 0 0 5 0 0 0 0 0 0 45 35 0 0 0 6 0 0 48 0 0 0 0 17 0 0 13 34 14 0 
0 0 0 0 0 0 0 0 0 0 0 19 0 0 14 0 0 0 0 0 0 0 0 0 0 0 0 0 0 0 0 0 0 8 0 33 0 0 0 21 0 0 32 0 0 0 0 0 0 0 0 0 0 0 0 0 0 0 0 0 45 0 22 23 0 0 0 0 0 35 30 0 0 48 0 11 0 0 45 0 33 0 0 0 0 23 16 0 0 0 0 0 0 0 0 0 0 23 0 35 49 0 0 50 0 0 0 20 0 0 0 0 0 0 0 0 0 0 35 0 0 15 0 2 0 
45 0 0 0 0 0 0 0 0 42 0 37 0 0 50 0 0 0 0 0 0 0 0 0 0 0 0 12 0 0 0 0 0 0 3 0 40 24 41 0 0 0 13 0 0 0 0 0 0 0 0 0 0 24 0 0 36 0 0 0 0 0 0 18 0 0 0 28 0 0 0 0 0 0 0 0 0 0 0 0 0 0 0 0 0 0 0 1 0 0 0 0 0 26 0 0 0 0 0 0 48 0 0 0 0 2 0 8 0 0 41 0 0 3 28 1 0 0 39 0 0 9 44 0 
0 26 0 0 0 0 0 0 0 0 28 0 38 43 0 0 16 0 0 29 0 45 0 0 0 0 0 0 0 17 0 0 0 12 0 0 0 0 0 0 0 14 0 0 25 0 0 44 0 0 0 0 0 0 0 0 0 0 0 0 0 0 35 0 0 0 0 0 0 0 0 0 0 7 0 11 0 19 0 0 0 0 0 0 0 29 0 0 0 16 0 0 0 0 0 5 0 0 0 0 0 35 0 0 0 0 0 0 38 0 0 5 0 44 0 0 0 0 0 0 0 0 0 
0 0 0 0 0 0 0 0 0 0 0 0 0 0 0 0 0 0 0 0 0 0 0 0 0 0 0 0 0 0 0 0 0 0 0 0 0 0 0 48 0 0 0 42 0 0 0 0 9 0 11 0 0 0 0 0 41 0 0 0 46 0 0 0 50 0 0 10 0 0 0 0 0 0 0 0 20 0 0 35 0 30 39 0 0 0 0 0 0 0 0 0 38 4 16 0 0 0 0 0 0 38 23 0 0 0 0 0 0 0 39 0 32 0 0 0 0 0 0 0 0 0 
0 0 0 0 0 0 0 0 0 0 0 0 0 0 0 0 0 0 0 4 0 47 0 0 0 0 0 0 0 0 0 40 25 0 0 1 0 0 0 0 6 0 27 0 0 0 0 0 28 0 0 0 0 0 0 0 0 0 30 0 0 0 0 0 47 0 0 0 0 11 0 6 0 0 0 0 0 14 0 0 0 0 13 22 0 7 34 38 0 0 0 0 0 0 0 0 0 6 2 0 0 0 0 0 0 4 0 0 0 0 49 1 0 0 0 31 0 0 0 0 0 
0 0 0 22 0 0 0 22 40 0 0 39 0 0 0 0 0 0 0 0 0 24 0 0 35 0 0 0 0 0 0 0 0 0 33 0 0 0 0 10 0 0 0 0 0 0 0 0 0 0 0 0 0 3 0 46 0 28 0 0 0 0 0 0 33 0 0 0 0 0 0 0 0 0 42 0 11 0 0 8 0 0 0 0 0 0 44 0 28 44 0 0 0 0 0 44 0 0 0 0 0 0 46 0 7 35 0 0 0 0 0 0 17 0 0 18 0 0 0 25 
0 0 22 0 0 0 0 0 0 0 0 18 0 0 0 0 0 0 0 0 0 0 0 0 8 36 0 0 27 0 0 0 2 0 45 0 0 0 3 0 0 22 0 0 0 0 0 0 0 0 31 0 0 0 0 5 0 0 0 39 0 0 0 39 0 0 0 0 0 0 0 0 0 0 0 0 0 0 0 12 19 0 0 0 0 0 0 33 0 36 0 0 0 0 0 0 0 46 0 0 0 0 0 0 0 0 24 33 0 0 0 0 0 0 27 22 0 41 0 
0 0 0 0 0 25 0 0 0 0 0 0 0 0 28 0 8 14 0 40 43 44 4 2 0 0 0 0 0 17 0 0 0 0 0 27 0 32 42 0 25 0 0 0 0 9 36 0 0 0 0 0 0 0 0 0 0 0 0 0 0 0 0 0 0 0 0 0 35 0 0 0 39 0 0 0 0 0 0 0 30 9 0 0 30 24 0 0 0 0 0 0 0 25 0 44 0 0 0 0 0 0 0 0 0 0 0 0 0 0 0 0 40 0 0 0 0 44 
0 0 0 0 0 0 41 0 47 26 0 0 0 0 0 0 0 0 1 40 0 0 0 36 1 6 0 0 46 28 0 0 0 0 0 49 0 37 0 0 0 0 24 0 0 0 15 14 45 0 0 46 0 0 0 49 0 27 21 0 0 0 0 0 0 0 0 0 0 0 43 0 0 0 0 0 0 28 22 0 0 0 0 0 0 0 0 0 0 0 0 33 0 0 0 0 0 18 0 0 0 0 0 0 0 0 0 0 17 0 0 0 0 0 0 2 0 
0 0 0 40 0 0 0 0 40 0 0 0 0 0 0 0 0 0 0 0 0 0 0 0 0 0 0 0 21 5 0 21 0 0 44 0 0 0 0 0 0 21 0 0 0 0 0 0 0 0 0 0 0 0 0 0 0 0 0 0 0 0 0 0 0 25 0 13 11 0 0 0 0 0 0 0 25 0 43 0 7 0 0 35 33 0 0 47 0 0 49 0 1 32 0 0 0 0 0 0 0 0 0 0 0 0 0 0 0 0 0 0 0 0 0 0 
0 0 0 13 0 0 0 16 0 0 5 9 0 0 0 0 0 6 0 0 0 0 14 0 0 0 0 0 0 49 0 0 0 0 0 0 0 0 7 0 0 0 0 35 0 0 9 0 0 0 0 0 0 0 0 0 37 40 0 0 0 0 0 0 0 0 47 0 0 0 0 0 22 26 0 0 0 0 0 0 0 0 0 0 0 0 0 0 0 25 0 0 0 0 38 0 0 0 10 0 0 0 35 5 0 0 0 0 0 0 0 0 1 0 0 
44 0 0 0 0 0 0 0 0 0 38 0 0 0 0 0 16 0 0 12 0 0 0 0 0 0 0 0 0 0 0 0 43 1 0 0 32 0 0 0 0 0 0 0 0 0 0 0 0 0 24 0 0 31 0 0 11 0 0 0 33 0 4 0 0 0 0 0 41 0 0 0 0 0 0 0 0 38 0 34 1 0 37 46 0 0 0 1 0 0 0 0 0 0 0 0 0 42 0 0 0 17 0 0 0 0 0 0 0 0 0 0 0 0 
0 0 25 8 0 24 0 9 0 0 0 0 27 0 0 7 0 0 49 0 0 0 0 0 6 40 0 21 0 0 0 0 0 0 41 0 0 10 0 0 0 0 0 28 0 10 0 41 2 0 0 0 0 0 37 0 0 0 0 0 0 0 0 0 20 0 0 0 24 0 34 0 15 0 13 0 0 0 50 0 0 0 0 0 0 24 0 0 0 0 43 16 49 0 39 0 7 0 1 19 0 0 0 0 0 31 9 0 0 0 0 0 0 
0 0 0 0 0 0 0 0 0 43 0 47 0 0 0 0 0 0 42 0 0 0 0 0 0 0 0 0 0 0 0 0 17 0 0 0 0 0 0 0 0 0 47 0 41 0 0 0 0 0 0 0 0 0 0 0 0 0 0 0 0 0 0 45 35 0 4 0 0 0 0 0 0 0 0 0 0 22 13 0 0 0 0 0 0 0 0 0 0 0 0 0 5 0 0 38 0 0 0 0 0 0 42 0 0 0 0 0 0 0 0 0 
0 27 25 37 0 9 0 10 0 0 0 29 42 0 0 4 4 0 0 0 0 21 0 0 0 0 41 0 17 0 0 0 0 0 0 0 19 0 0 0 0 0 0 0 0 0 0 0 0 0 0 0 0 47 0 13 0 0 0 0 0 0 0 0 35 0 0 0 0 49 3 47 34 0 0 33 46 0 13 48 0 0 0 0 0 0 0 0 0 44 0 40 0 0 0 0 46 0 0 0 0 0 0 12 0 0 0 0 0 0 0 
0 0 0 38 0 0 0 0 0 24 0 0 0 0 0 0 23 0 0 3 0 39 18 0 0 6 0 0 0 0 0 0 0 0 39 0 0 0 23 0 0 0 0 31 0 0 0 36 0 0 30 0 0 0 0 0 0 0 0 0 0 14 0 0 33 0 0 0 0 0 0 0 0 46 0 0 0 0 0 0 0 0 0 11 0 0 0 37 0 23 0 0 0 0 38 26 0 0 0 0 0 2 0 19 46 0 0 0 0 0 
0 0 6 0 0 0 0 22 0 0 0 0 0 0 0 0 10 40 0 23 0 24 24 0 44 0 0 0 23 0 0 41 0 0 0 24 41 0 18 0 0 0 0 0 22 0 0 0 0 46 0 0 0 38 43 0 0 0 0 13 0 0 0 23 37 0 0 0 0 0 0 0 0 0 0 0 0 0 0 0 0 0 27 6 0 0 0 0 0 0 0 17 32 0 0 0 0 0 0 0 8 0 0 0 0 0 17 0 0 
0 0 0 0 0 16 0 26 5 0 0 0 0 0 0 0 0 0 0 0 0 0 0 0 0 0 0 0 0 0 0 0 0 0 0 27 0 0 0 0 6 0 0 21 0 0 0 0 33 0 37 0 0 0 0 9 0 0 0 0 48 0 0 43 0 0 0 0 0 0 0 0 16 0 0 25 9 19 39 0 0 0 35 0 0 0 6 0 0 23 0 37 14 0 0 0 0 0 0 0 0 39 0 0 0 0 0 0 
0 0 0 0 0 0 0 0 0 0 0 0 27 0 0 0 37 0 0 0 50 0 0 0 0 23 0 0 0 0 0 0 12 0 0 5 0 0 0 0 0 0 0 0 49 0 0 0 2 0 0 22 49 12 0 0 32 20 5 0 0 0 0 0 18 0 0 0 0 0 0 0 0 0 5 0 0 0 0 31 0 0 0 0 0 48 28 0 10 0 0 0 0 0 0 43 23 0 0 0 5 0 0 0 0 0 0 
0 0 0 1 0 0 0 0 0 0 0 0 0 0 36 20 0 0 0 0 0 46 0 0 0 5 0 11 0 0 50 48 0 41 0 30 0 0 29 29 0 2 0 0 0 0 0 0 0 0 10 0 29 0 0 19 0 0 0 0 0 0 0 0 0 0 11 0 13 9 0 0 0 36 0 0 0 38 0 0 0 0 0 0 0 0 0 0 0 0 33 0 0 0 0 0 0 15 0 0 0 0 0 18 3 0 
0 0 0 0 0 0 0 15 0 0 0 0 32 0 0 0 0 0 35 0 0 0 0 0 0 0 50 0 50 0 48 0 0 0 19 1 0 0 23 31 0 50 0 38 0 0 0 0 0 0 18 0 0 0 0 0 21 37 0 5 0 0 21 0 0 44 0 0 0 0 15 0 0 13 25 0 0 7 0 0 0 0 0 40 0 42 0 29 0 0 0 8 0 0 0 0 0 0 0 26 33 0 0 0 0 
0 0 0 0 48 0 0 0 13 33 47 0 0 0 0 0 46 0 7 22 43 18 41 0 0 0 0 21 0 0 0 0 0 0 0 0 0 0 0 25 0 0 48 0 6 18 2 0 50 30 23 0 0 21 0 0 0 1 0 0 0 49 18 0 49 0 0 7 0 0 0 0 0 0 0 36 0 0 0 2 0 0 0 0 0 39 0 0 0 0 18 30 0 0 0 0 42 0 0 1 7 0 0 0 
10 0 0 3 0 33 29 0 35 0 48 0 0 0 0 0 0 0 0 0 0 0 0 23 0 0 0 0 0 0 0 39 0 0 16 31 0 0 0 0 0 0 0 0 0 49 2 0 27 42 0 0 0 20 0 0 0 0 0 0 26 0 0 0 0 0 0 0 0 0 0 0 16 0 0 0 37 0 0 5 0 0 6 0 0 0 25 0 4 0 0 0 0 35 0 0 41 0 11 0 28 0 0 
0 35 0 0 0 0 0 0 7 0 0 0 43 0 0 0 5 0 13 45 0 0 0 0 0 24 0 0 0 0 16 0 0 0 0 48 45 0 29 0 0 0 0 0 0 0 0 0 0 0 0 0 0 0 0 0 0 0 0 0 0 0 0 44 0 49 0 0 29 0 0 0 0 0 20 0 0 28 0 0 0 0 0 0 0 11 41 37 0 47 0 21 0 0 0 0 0 13 0 0 0 0 
0 0 0 0 0 0 0 0 0 0 33 0 0 0 0 32 0 0 0 0 0 0 0 41 0 0 25 0 0 0 22 32 0 0 0 0 0 0 0 0 0 0 0 0 0 12 0 8 0 27 0 30 0 0 0 0 0 0 48 0 0 49 0 0 46 0 0 0 0 0 0 0 0 0 0 0 0 42 0 0 0 0 0 13 0 44 0 3 0 0 26 0 0 0 0 0 0 12 0 0 0 
0 17 0 0 0 0 3 0 0 47 0 0 35 0 0 0 0 0 0 0 0 0 0 0 0 0 0 0 0 0 0 0 0 0 0 23 0 0 0 0 0 0 0 0 0 0 0 0 0 0 49 0 0 0 0 0 4 0 0 0 1 41 1 41 43 0 0 0 0 0 0 0 0 36 0 0 0 0 0 0 0 0 0 0 0 32 4 15 0 0 0 0 0 0 0 0 0 21 0 0 
0 33 0 0 0 0 0 38 0 0 0 0 0 0 0 0 0 0 0 0 0 0 0 0 0 0 0 35 0 0 0 0 0 0 0 0 0 0 0 47 0 0 0 0 0 0 0 0 0 0 42 0 0 0 0 0 0 38 0 0 0 0 0 0 0 0 0 0 0 0 0 0 0 0 0 0 0 0 0 0 0 0 0 0 0 0 0 35 0 0 0 0 0 0 2 27 0 0 0 
35 0 50 0 0 0 1 0 50 0 0 0 0 0 0 0 30 24 0 26 0 0 0 0 0 0 0 0 0 0 0 36 0 0 0 0 0 0 0 0 0 0 0 0 10 11 0 0 0 47 0 0 0 0 0 0 0 0 0 0 0 0 0 0 0 0 0 0 0 0 0 0 0 26 0 0 0 0 0 0 0 0 0 0 0 40 34 0 0 0 0 0 47 0 0 44 38 0 
0 3 0 0 10 0 0 35 30 0 0 0 0 22 0 0 0 0 0 0 0 0 0 0 0 0 29 0 0 0 10 31 0 0 33 0 0 31 1 4 0 0 0 0 4 0 0 0 21 0 0 0 0 0 0 0 30 0 21 0 0 0 0 0 0 0 0 0 0 0 0 0 0 0 0 0 0 6 0 0 0 0 0 0 0 0 14 0 0 0 0 0 0 0 33 0 0 
31 0 0 0 43 38 0 0 0 20 0 0 0 0 0 0 20 0 0 32 0 0 0 0 0 0 0 0 0 0 0 0 0 0 0 0 0 47 0 0 0 0 0 0 0 0 0 0 0 0 15 11 0 0 0 0 0 0 0 0 0 0 0 0 21 0 0 0 0 29 0 0 0 10 6 0 0 0 0 0 0 0 24 33 23 0 0 0 0 0 13 0 0 0 0 0 
11 0 0 0 0 0 0 0 0 0 0 0 0 42 0 0 0 0 0 0 0 18 0 22 0 0 0 5 1 0 0 0 0 42 0 0 0 1 20 0 0 0 6 0 0 0 14 0 25 0 0 0 0 0 0 22 0 0 0 0 0 0 0 0 50 0 0 40 0 0 0 0 0 48 0 14 0 0 0 0 0 36 50 0 0 0 0 0 24 0 0 25 0 0 0 
0 0 0 0 0 0 0 0 0 0 0 0 0 0 7 2 0 0 0 0 0 0 0 0 0 0 33 0 0 17 50 0 0 0 0 0 0 31 0 2 0 0 0 0 0 0 0 0 3 0 0 0 0 0 0 0 0 0 0 0 0 0 0 0 24 0 34 0 0 0 0 0 0 29 0 34 41 0 0 48 45 0 0 0 0 0 0 0 0 22 0 0 0 0 
0 0 0 0 0 0 0 0 0 0 40 0 0 0 0 0 31 0 0 0 44 0 0 0 0 0 0 0 0 25 0 0 0 0 21 0 0 39 0 0 0 0 0 0 40 0 0 49 0 0 0 1 0 0 0 0 0 0 0 0 0 27 0 0 27 0 0 26 0 0 0 0 45 11 31 38 0 0 10 0 0 0 0 37 0 0 0 0 0 0 0 0 0 
7 35 0 0 0 0 0 0 0 26 0 0 0 0 7 0 0 0 0 44 0 4 40 0 12 0 31 0 23 0 32 0 0 0 0 34 0 0 0 0 0 0 26 9 6 0 40 0 0 0 0 0 0 0 0 0 0 0 18 0 30 0 4 21 47 0 0 0 0 0 45 19 0 0 0 6 0 0 0 0 0 15 0 0 0 19 0 40 0 0 0 0 
50 0 0 0 1 0 0 7 0 0 0 0 48 0 49 46 0 0 0 0 0 9 50 0 0 0 47 0 37 0 31 0 0 5 0 0 0 0 0 0 0 0 0 13 41 0 0 0 0 0 0 0 18 0 0 38 0 0 29 0 0 0 0 0 0 0 6 0 0 0 0 0 0 32 0 0 35 22 0 11 26 43 33 0 0 0 21 0 15 0 26 
0 0 0 0 0 0 0 0 0 9 12 0 0 0 0 0 8 0 48 26 0 6 0 28 6 0 0 46 25 31 0 38 0 0 0 0 0 0 0 0 0 0 0 0 0 33 0 19 0 0 11 0 0 0 0 0 0 0 0 0 0 0 10 0 0 0 0 0 0 0 35 0 9 0 0 0 0 0 3 5 0 0 0 0 0 0 0 0 38 0 
0 0 0 29 0 0 0 2 20 30 29 0 12 11 0 0 0 0 0 0 42 0 43 0 50 0 38 0 0 0 0 30 0 0 0 0 2 11 27 0 0 0 0 0 0 49 0 38 1 0 0 0 0 0 0 0 0 0 0 43 0 0 0 0 44 0 0 30 0 0 0 25 0 0 0 11 41 0 0 0 50 0 0 0 0 0 0 0 0 
0 0 0 0 0 39 0 0 0 0 0 23 0 0 0 0 0 0 17 6 11 9 0 0 17 0 0 0 0 0 0 26 33 0 0 36 0 0 0 0 48 19 23 0 0 0 0 0 4 0 0 0 22 0 0 0 34 0 0 0 0 0 0 0 38 0 0 0 49 0 0 12 0 0 0 0 2 35 0 10 0 0 50 0 0 0 0 0 
0 0 0 0 29 0 0 0 0 0 0 0 0 36 0 32 0 0 0 0 33 41 3 0 0 0 0 0 0 0 21 42 0 0 0 0 0 48 0 24 0 0 0 0 30 0 0 0 0 0 0 0 33 18 0 0 0 0 0 0 0 0 0 0 0 0 0 0 0 0 0 0 0 0 0 0 50 0 0 34 0 0 0 0 47 0 0 
0 0 0 0 0 0 0 17 0 0 0 0 0 0 3 0 0 0 0 0 24 46 45 0 0 49 10 0 13 30 0 0 0 0 0 18 0 0 0 0 21 0 0 0 0 48 0 0 0 0 0 0 0 48 0 0 49 0 0 0 40 0 0 7 0 1 0 0 0 0 45 0 0 0 0 0 0 0 0 25 0 0 0 0 0 0 
30 0 0 0 0 0 0 0 0 0 0 0 0 0 0 7 0 0 0 0 0 0 0 0 0 0 0 0 0 0 0 0 0 0 34 0 0 0 0 0 48 39 0 0 0 40 0 0 0 2 0 0 0 8 0 0 0 49 0 0 0 0 0 0 0 0 19 0 0 0 0 0 0 0 0 0 0 0 0 0 0 0 0 0 2 
17 0 0 0 0 0 0 0 0 0 23 0 2 0 0 0 0 0 42 0 6 0 0 0 0 0 36 43 37 0 0 0 0 0 0 0 0 0 0 0 0 0 21 0 38 0 0 0 0 0 36 0 0 0 0 0 0 24 0 0 0 0 0 0 35 0 0 36 0 0 37 0 8 0 0 0 0 0 0 0 0 7 0 0 
0 15 0 0 0 20 0 15 34 0 15 42 0 0 0 34 0 0 0 0 0 46 48 41 0 24 0 0 27 22 0 0 0 8 0 0 18 0 40 0 0 0 0 0 0 0 10 0 0 13 0 0 0 0 0 0 36 17 0 0 0 0 0 0 0 0 0 0 0 0 0 0 0 20 0 0 0 23 0 49 0 8 0 
0 0 0 0 6 0 0 28 27 0 42 41 9 0 0 0 0 0 0 0 25 0 32 10 15 0 46 0 24 33 0 0 0 0 0 0 0 0 0 28 0 0 41 0 0 0 0 0 0 48 25 25 19 0 5 0 0 0 0 49 0 0 0 0 0 0 0 34 0 0 0 19 0 32 23 0 28 0 0 0 0 27 
0 24 0 0 0 0 0 0 0 42 0 0 0 5 0 0 6 0 0 0 0 0 0 0 0 14 0 0 0 0 0 0 0 0 0 0 0 0 0 0 0 0 9 0 0 0 0 50 0 0 0 0 0 0 0 0 0 49 38 0 0 0 0 0 0 0 0 0 43 47 0 4 26 29 11 0 0 0 0 4 0 
38 0 0 0 0 0 0 0 0 0 0 0 0 0 19 0 35 0 0 0 45 25 0 8 0 0 0 0 0 28 0 0 49 0 1 0 0 0 0 0 0 0 0 24 0 0 0 0 0 0 45 0 44 0 0 5 0 0 0 24 0 6 0 0 0 27 0 0 0 0 0 0 0 29 0 37 2 0 0 32 
0 0 0 14 0 0 0 0 0 0 0 0 22 0 0 0 0 0 0 0 0 40 0 0 0 0 0 0 0 0 0 0 11 0 21 0 0 0 0 0 0 0 0 0 0 40 41 0 0 0 0 0 0 0 0 0 0 0 40 0 0 0 0 0 0 0 0 0 0 0 0 0 0 0 0 0 0 0 0 
0 0 0 0 15 24 26 0 0 0 0 0 49 0 0 4 0 0 0 0 0 0 19 11 0 0 0 0 33 0 0 0 0 0 0 0 15 0 0 0 0 7 0 0 0 20 3 0 36 0 0 0 0 0 0 9 0 43 29 0 0 0 15 0 13 0 0 0 0 0 0 0 0 0 40 0 16 0 
15 0 0 36 0 25 0 0 50 42 0 46 0 0 0 0 26 0 0 0 22 0 0 0 0 0 0 0 0 0 12 0 10 38 0 0 0 0 0 0 0 0 32 0 14 0 0 12 0 39 0 0 0 15 0 0 26 0 35 0 0 0 0 17 0 0 0 0 13 22 0 32 0 50 0 0 1 
0 0 3 0 47 0 0 0 50 0 0 0 0 0 0 0 3 0 0 22 0 0 0 0 0 0 0 0 0 0 0 0 26 0 0 0 0 0 11 14 29 0 0 0 0 0 0 0 34 0 44 0 0 0 43 0 0 0 0 0 0 0 0 0 21 0 0 0 2 0 0 18 0 39 0 0 
0 0 0 0 39 5 26 0 0 0 0 0 0 0 19 0 0 0 0 14 0 0 0 0 0 0 0 9 0 0 0 0 0 24 0 27 0 0 0 0 0 0 0 7 38 0 16 0 9 0 16 0 0 0 0 0 0 0 0 0 0 7 32 0 0 0 0 0 0 2 3 0 0 11 0 
0 0 0 0 0 0 0 0 0 10 15 0 0 0 0 0 0 0 0 17 0 0 0 15 0 0 0 0 0 0 20 0 5 0 0 32 0 0 47 0 0 0 0 0 0 22 2 0 0 0 0 0 0 0 0 0 0 27 0 34 0 0 0 0 0 48 0 0 0 0 0 0 9 0 
0 0 0 1 0 0 0 0 0 0 0 0 0 0 0 0 0 0 0 0 0 0 0 0 0 0 0 7 0 0 0 0 34 0 0 0 12 0 0 4 0 0 0 0 12 0 0 0 0 0 0 0 0 21 0 0 40 0 0 0 0 7 0 0 10 0 0 0 0 0 0 35 0 
0 0 0 0 44 4 14 0 0 0 0 0 1 0 0 0 0 0 22 0 37 0 0 0 0 0 0 0 0 0 0 0 0 4 0 45 2 0 0 32 0 11 3 48 0 0 0 0 0 0 0 19 0 0 0 0 25 0 0 34 0 0 32 0 0 0 0 0 0 0 0 0 
0 0 0 15 0 17 42 22 0 0 0 0 22 0 0 0 0 0 0 32 0 0 0 0 0 0 1 0 0 0 49 0 39 0 0 0 0 0 0 0 0 0 0 0 35 0 0 0 0 0 0 0 0 0 25 0 0 0 0 27 0 0 0 0 0 0 0 25 0 0 49 
27 0 0 0 0 0 0 0 0 29 0 0 0 0 0 0 0 20 0 25 0 47 0 11 0 0 0 0 0 7 0 0 0 0 0 24 0 0 15 0 0 0 0 0 0 0 0 0 0 0 0 0 0 0 10 0 0 0 0 0 0 0 38 0 39 0 0 0 0 0 
0 0 0 0 0 16 0 0 0 14 0 0 0 0 0 0 0 0 0 0 7 0 0 0 0 0 0 16 5 0 0 0 0 0 0 43 0 36 5 0 24 31 0 0 0 31 0 26 0 0 0 0 0 36 0 0 0 0 36 0 0 0 0 0 0 23 31 14 37 
34 0 32 0 0 0 50 0 0 0 0 37 0 0 18 0 0 0 0 0 10 0 41 7 0 0 0 0 20 0 0 0 46 0 44 0 0 0 0 0 0 50 31 32 0 0 0 0 0 0 0 0 0 0 0 0 7 0 0 0 0 0 0 0 0 0 0 0 
0 0 0 0 0 0 0 0 0 0 0 0 0 0 40 0 0 14 0 0 0 0 0 2 0 0 0 0 43 0 42 0 0 9 0 0 0 0 0 38 0 0 0 0 0 0 0 0 0 0 0 16 0 0 0 0 0 0 0 27 32 0 0 0 0 0 0 
0 0 8 0 18 0 2 0 0 0 0 0 0 0 0 41 0 0 0 0 0 0 0 0 0 46 35 0 0 0 0 0 0 0 0 0 0 0 0 0 0 0 0 44 0 45 0 0 0 41 0 16 0 3 43 0 0 0 0 8 0 44 0 3 0 3 
36 0 0 0 0 0 0 15 49 0 0 0 0 0 0 0 0 0 0 0 0 0 0 0 0 0 0 0 0 0 0 30 0 42 0 0 0 0 0 0 0 0 0 27 0 47 0 0 0 0 0 0 0 0 0 0 0 0 0 0 27 0 0 0 0 
0 0 0 0 0 0 11 0 17 0 0 0 0 0 0 0 0 0 0 0 0 0 0 49 0 0 0 0 0 0 0 0 0 0 0 0 0 30 0 0 0 38 0 0 0 23 0 0 0 0 0 0 0 0 0 0 41 15 0 37 0 0 0 12 
0 0 0 0 0 0 0 49 0 0 40 0 0 49 0 0 0 0 0 0 33 0 0 0 0 0 17 0 0 26 0 0 28 0 44 0 0 0 0 0 0 9 12 0 0 38 34 0 0 0 0 0 0 0 26 0 0 0 0 0 0 0 0 
0 32 23 0 50 0 16 0 0 0 49 0 45 0 0 4 0 16 23 13 0 0 9 0 0 0 40 0 10 0 0 0 44 0 0 31 0 0 0 0 0 34 6 0 0 30 0 0 0 40 0 0 12 0 7 0 0 0 0 0 0 0 
19 0 40 0 0 28 0 0 0 0 45 0 0 0 0 0 0 0 0 0 43 0 0 0 29 0 0 0 0 48 40 0 0 0 0 0 0 0 0 0 0 0 0 0 0 0 29 0 0 0 0 0 0 0 48 0 0 0 0 0 0 
0 0 0 0 0 0 0 0 39 0 0 0 0 0 0 0 5 0 0 0 0 0 39 0 0 0 0 0 0 0 0 0 0 47 10 0 0 0 0 0 0 0 0 4 0 0 0 0 0 0 0 10 0 0 0 0 0 17 0 28 
0 0 0 0 0 0 0 12 0 0 0 0 0 0 0 0 0 0 0 0 0 0 0 0 0 0 0 0 33 0 40 0 0 27 0 0 0 0 42 0 0 0 0 14 0 0 0 0 0 0 41 0 0 44 0 0 0 0 0 
0 0 46 0 0 0 0 0 0 0 0 0 0 0 15 31 50 0 0 0 0 42 0 0 0 0 19 0 0 0 0 0 0 0 0 0 0 0 0 24 0 0 0 0 0 0 0 0 0 11 0 0 0 0 0 0 0 3 
0 48 0 0 0 0 0 0 0 14 20 0 1 0 0 0 48 0 0 0 0 0 0 38 0 0 0 0 0 0 30 0 0 0 0 39 27 0 4 0 0 0 0 0 0 13 0 0 0 0 0 0 0 0 0 0 0 
0 0 0 0 0 11 0 47 0 0 0 0 0 0 0 0 16 33 0 0 0 19 0 0 0 0 0 0 0 0 34 0 14 0 0 0 0 0 0 0 34 0 0 0 0 19 0 0 36 34 0 0 0 45 39 0 
0 0 0 7 0 0 0 0 0 0 40 0 8 0 0 0 0 19 49 0 0 0 28 0 0 0 0 0 0 0 0 0 0 0 0 0 0 0 0 0 0 0 0 0 17 18 15 0 0 0 0 0 0 0 0 
0 0 0 47 0 18 0 4 0 2 0 0 0 0 24 0 0 0 21 5 0 0 0 1 0 0 0 0 40 0 0 40 0 0 18 0 36 5 0 0 0 0 0 0 0 0 27 0 0 0 0 0 0 46 
0 0 0 0 0 0 0 0 0 38 24 13 0 0 0 20 0 21 0 49 11 0 48 0 0 0 0 0 0 5 0 0 0 41 0 28 0 30 0 0 0 0 0 0 0 0 0 9 0 0 0 0 26 
11 0 5 0 5 7 0 0 0 0 0 0 0 0 0 0 0 0 0 0 0 0 0 20 0 0 7 15 0 0 0 0 0 0 0 6 0 0 0 0 0 0 0 0 0 0 0 0 0 23 0 0 
0 0 0 7 10 0 0 0 0 0 0 0 0 0 0 0 0 0 0 0 0 0 0 0 0 0 0 0 0 0 0 0 0 18 0 0 0 41 0 7 0 0 0 44 0 0 43 0 0 0 0 
0 0 0 32 0 0 0 0 0 0 0 0 1 0 1 0 0 42 16 0 0 8 0 0 0 0 0 13 0 0 0 0 0 0 0 0 10 0 0 0 0 17 27 0 0 0 0 0 0 0 
0 0 0 0 0 44 0 0 0 0 0 0 0 48 0 10 18 0 0 43 0 0 0 0 0 0 8 3 22 0 0 20 0 0 0 0 0 0 0 0 0 0 0 40 30 0 46 0 0 
0 0 0 0 0 0 0 0 0 0 25 0 0 14 15 25 0 0 45 14 0 0 28 31 5 0 0 0 20 0 26 6 0 0 0 0 0 0 0 31 0 0 0 0 0 38 0 22 
35 0 0 0 17 12 45 0 0 0 19 0 0 34 0 0 0 0 15 0 0 0 0 0 0 0 0 0 0 0 0 0 0 45 0 0 14 42 0 11 0 0 0 39 40 0 0 
16 20 0 0 0 0 0 0 0 0 0 0 0 0 0 0 0 0 0 0 7 47 0 0 0 2 28 40 40 0 19 0 0 0 0 36 0 6 0 0 0 0 0 0 37 0 
0 39 0 0 0 0 44 0 0 0 0 0 0 50 0 0 0 3 34 0 0 0 0 0 0 0 0 0 0 0 0 0 0 0 0 0 0 0 0 18 9 0 0 0 0 
24 0 0 9 0 0 0 0 0 0 0 47 0 37 12 0 0 0 4 0 18 27 48 0 0 0 0 0 0 0 0 0 0 39 0 0 0 0 0 0 0 0 25 0 
0 0 0 0 0 0 0 0 38 0 0 0 0 0 0 32 0 0 0 0 0 0 0 9 0 0 0 0 0 0 0 0 0 20 0 0 0 0 17 47 0 0 0 
5 0 0 0 0 0 0 0 0 0 8 0 0 9 0 0 0 33 11 3 0 37 0 0 0 0 16 0 0 0 24 0 37 0 0 0 24 0 0 0 0 0 
0 0 0 0 0 0 0 0 33 0 0 0 0 0 0 0 0 0 0 0 20 0 0 0 38 0 0 0 0 0 0 0 0 0 38 0 0 48 0 0 5 
37 0 18 0 0 0 0 8 0 0 28 0 0 0 0 0 0 0 0 8 0 0 15 0 0 0 0 0 0 48 2 0 0 0 48 0 0 0 0 0 
25 0 0 0 0 0 34 0 0 0 0 0 0 0 0 0 0 0 0 0 0 0 23 0 0 28 0 0 35 0 0 0 0 0 0 0 0 36 42 
0 0 0 0 0 0 9 34 0 0 10 0 0 0 0 0 0 0 20 3 0 0 0 0 0 0 0 30 0 0 0 0 44 0 0 0 0 0 
0 0 0 0 0 27 0 0 0 0 0 0 27 0 0 0 0 35 41 41 9 0 0 0 0 0 0 0 0 33 0 0 45 0 0 42 0 
0 24 32 0 0 4 0 32 33 0 0 33 0 0 0 0 0 0 0 0 0 13 0 0 0 32 0 0 0 0 0 0 0 1 48 0 
44 25 0 0 0 0 0 0 0 47 31 0 0 0 0 0 0 0 38 0 0 14 20 0 0 0 0 0 0 39 0 0 0 32 0 
48 0 0 0 0 44 1 34 0 0 0 0 0 0 40 0 0 0 36 0 0 0 0 22 0 18 3 0 0 0 0 0 0 0 
0 0 0 6 0 0 0 0 0 0 0 42 0 5 4 0 0 0 0 0 0 0 0 0 0 0 17 0 0 0 0 0 0 
0 0 22 0 1 0 0 0 0 0 0 0 0 0 5 0 0 21 47 0 0 0 0 0 0 0 45 0 50 0 47 7 
42 0 0 0 0 0 15 12 0 32 0 0 0 37 0 1 33 0 0 0 26 0 0 0 28 0 0 0 0 0 0 
0 0 0 37 0 7 0 0 0 0 17 0 0 0 0 0 0 0 0 0 38 0 0 0 0 0 0 0 35 0 
0 0 0 0 22 0 0 0 0 0 34 0 0 0 0 0 0 0 0 0 42 0 28 29 0 10 0 0 0 
0 0 0 0 0 0 0 22 0 21 0 0 0 0 0 0 7 0 0 0 0 0 0 0 0 0 18 0 
0 10 23 0 0 0 8 0 0 0 34 0 0 0 0 0 0 0 0 0 0 0 0 0 0 0 0 
0 0 0 0 46 28 0 0 3 0 0 35 24 27 0 0 0 16 0 0 0 0 48 0 0 0 
0 47 0 0 0 0 0 0 0 0 34 5 0 0 0 33 0 0 0 0 0 0 0 0 0 
0 0 44 0 40 0 0 16 0 0 0 0 0 0 0 0 0 0 0 0 0 0 0 0 
0 10 18 0 31 46 0 44 0 0 0 0 2 0 0 42 8 0 0 34 0 0 0 
0 0 0 0 0 0 0 0 33 0 0 0 0 0 0 0 0 0 0 0 7 0 
0 0 27 7 0 0 0 0 0 0 0 0 0 33 0 0 0 0 0 0 0 
0 6 39 0 0 0 0 4 0 44 0 0 0 0 0 0 0 46 0 0 
0 0 25 0 0 0 2 0 11 9 0 0 0 0 15 0 15 0 0 
18 0 18 0 0 4 32 6 42 0 0 0 0 14 32 40 0 0 
46 0 0 0 0 0 0 0 0 14 0 42 0 11 0 0 0 
21 0 0 0 0 0 47 0 0 0 0 18 0 0 0 0 
0 0 0 0 14 0 0 0 0 12 25 0 0 0 37 
0 0 0 6 0 0 0 0 0 0 0 0 0 0 
0 32 0 0 0 0 0 0 0 0 0 10 0 
0 0 0 0 0 15 0 0 0 0 0 1 
0 0 16 0 0 40 0 0 49 0 0 
0 0 0 0 0 0 0 0 0 0 
0 0 0 0 0 0 0 21 20 
7 0 0 0 0 14 0 0 
0 0 26 0 37 0 0 
0 0 0 0 0 0 
0 0 0 0 0 
0 0 0 0 
0 0 0 
0 0 
0 

1 3
1 28
1 42
1 54
1 62
1 77
1 100
1 101
1 104
1 121
1 148
2 23
2 41
2 44
2 50
2 56
2 72
2 76
2 83
2 97
2 105
2 112
2 127
2 138
3 20
3 47
3 58
3 65
3 78
3 124
3 130
3 147
3 148
4 38
4 51
4 56
4 72
4 75
4 93
4 101
4 134
5 16
5 18
5 24
5 29
5 37
5 44
5 58
5 65
5 74
5 83
5 85
5 111
5 122
5 124
5 126
5 133
5 140
6 25
6 35
6 62
6 66
6 68
6 76
6 137
6 141
7 25
7 35
7 49
7 65
7 68
7 71
7 76
7 105
7 108
7 124
8 19
8 26
8 71
8 85
8 108
8 115
8 140
8 143
9 12
9 16
9 39
9 41
9 44
9 76
9 89
9 109
9 110
9 118
9 121
9 122
9 126
10 22
10 25
10 32
10 42
10 56
10 71
10 77
10 87
10 90
10 106
10 109
10 113
10 125
10 128
10 129
10 133
10 137
10 139
10 147
10 148
11 30
11 36
11 76
11 87
11 90
11 91
11 106
11 118
11 148
12 24
12 38
12 49
12 63
12 69
12 83
12 92
12 115
12 130
12 144
13 26
13 29
13 50
13 68
13 94
13 97
13 98
13 106
13 129
13 133
14 17
14 19
14 23
14 51
14 68
14 95
14 110
14 120
14 126
14 134
14 136
15 19
15 27
15 29
15 32
15 34
15 59
15 66
15 72
15 76
15 84
15 101
15 112
15 116
15 118
15 129
15 144
15 147
16 26
16 37
16 44
16 45
16 47
16 70
16 74
16 79
16 98
16 104
16 141
17 27
17 35
17 36
17 40
17 46
17 48
17 74
17 86
17 92
17 93
17 114
17 121
17 129
18 21
18 22
18 57
18 63
18 70
18 72
18 73
18 91
18 92
18 93
18 98
18 116
18 131
18 143
19 22
19 37
19 48
19 57
19 72
19 78
19 102
19 103
19 114
19 136
19 139
19 140
20 54
20 64
20 66
20 74
20 88
20 95
20 100
20 126
20 127
20 137
20 146
21 30
21 51
21 58
21 73
21 98
21 101
21 103
21 108
21 136
22 65
22 108
22 121
22 133
22 148
23 34
23 95
23 105
23 119
24 30
24 54
24 55
24 95
24 116
24 120
24 126
25 28
25 42
25 81
25 85
25 110
25 119
25 124
25 136
25 140
26 40
26 76
26 81
26 93
26 105
26 139
26 150
27 28
27 35
27 52
27 65
27 70
27 74
27 99
27 146
28 35
28 47
28 50
28 59
28 62
28 78
28 87
28 88
28 95
28 136
28 137
28 149
29 44
29 82
29 83
29 91
29 93
29 98
29 111
29 126
29 138
29 147
30 31
30 50
30 51
30 59
30 64
30 93
30 102
30 112
30 125
30 130
30 132
30 134
30 137
31 32
31 35
31 44
31 46
31 63
31 71
31 80
31 104
31 105
31 114
32 45
32 69
32 85
32 87
32 98
32 134
32 141
33 35
33 39
33 54
33 70
33 103
33 113
33 116
33 119
33 122
33 128
33 129
34 35
34 93
34 97
34 104
34 112
34 130
34 140
35 42
35 44
35 60
35 61
35 80
35 83
35 88
35 112
35 119
35 133
35 141
35 146
36 58
36 64
36 75
36 76
36 77
36 82
36 88
36 89
36 98
36 100
36 110
36 132
37 55
37 57
37 58
37 60
37 69
37 103
37 109
37 117
37 125
37 149
37 150
38 46
38 61
38 63
38 69
38 76
38 89
38 92
38 104
38 114
38 120
38 137
38 143
38 147
39 58
39 80
39 81
39 117
39 125
39 137
39 142
40 77
40 90
40 103
40 143
41 50
41 62
41 74
41 104
41 119
41 144
41 149
42 46
42 55
42 57
42 71
42 100
42 108
42 112
42 126
42 147
43 45
43 55
43 58
43 68
43 86
43 93
43 113
43 116
43 146
44 53
44 63
44 65
44 108
44 129
44 133
44 140
44 144
45 51
45 52
45 59
45 122
45 127
45 134
45 135
45 140
45 143
46 75
46 79
46 84
46 87
46 102
46 107
46 117
46 144
47 65
47 78
47 89
47 98
47 100
47 107
47 109
47 122
47 123
47 139
47 150
48 63
48 73
48 83
48 108
48 118
48 131
48 132
48 133
48 144
48 149
49 57
49 58
49 82
49 119
50 53
50 55
50 78
50 92
50 94
50 95
50 99
50 120
50 134
50 142
50 143
50 147
51 68
51 78
51 86
51 93
51 108
51 119
51 124
51 141
52 57
52 63
52 75
52 81
52 94
52 99
52 128
52 135
53 54
53 68
53 69
53 96
53 114
53 122
53 132
54 56
54 75
54 85
54 87
54 103
54 116
54 122
54 131
54 132
54 150
55 61
55 62
55 63
55 75
55 80
55 95
55 103
55 107
55 108
55 121
55 132
55 150
56 62
56 78
56 113
56 125
56 129
56 135
56 142
56 144
57 62
57 86
57 93
57 114
57 117
58 67
58 72
58 76
58 77
58 86
58 111
58 136
58 148
58 150
59 101
59 108
59 113
60 68
60 75
60 98
60 103
60 104
60 124
60 142
60 150
61 63
61 79
61 80
61 81
61 85
61 91
61 115
61 117
61 125
61 127
61 136
62 69
62 96
62 100
62 106
62 107
62 133
62 147
63 88
63 91
63 109
63 118
63 122
63 129
63 137
63 139
64 65
64 80
64 88
64 103
64 104
64 108
64 111
64 116
64 140
64 142
64 149
65 69
65 73
65 75
65 84
65 96
65 112
65 118
65 140
65 149
66 90
66 113
66 115
66 116
66 121
66 149
67 71
67 74
67 112
67 119
67 131
67 139
68 69
68 90
68 114
68 149
69 82
69 90
69 104
69 108
69 109
69 114
69 131
69 134
70 83
70 84
70 108
70 133
70 141
71 79
71 102
71 111
71 115
71 133
71 148
71 150
72 80
72 83
72 120
72 136
72 145
73 76
73 96
73 111
73 131
73 138
74 75
74 80
74 85
74 141
75 83
75 84
75 88
75 93
75 94
75 96
75 107
75 114
76 78
76 81
76 82
76 83
76 98
76 117
76 125
77 98
77 107
77 136
78 86
78 107
78 110
78 113
78 116
78 117
78 119
78 123
78 137
79 113
79 126
80 91
80 111
80 113
80 117
80 124
80 125
80 130
80 139
80 142
81 136
82 92
82 96
82 116
82 127
82 134
82 148
83 90
83 119
83 127
83 148
84 113
84 118
84 135
84 147
85 103
85 104
85 105
85 107
85 115
85 149
86 90
86 102
86 130
86 138
86 142
86 147
87 93
87 109
88 92
88 133
88 144
88 145
89 99
89 134
89 135
89 141
89 142
90 106
90 109
90 123
90 127
90 144
91 97
91 138
91 140
92 113
92 141
93 138
93 146
94 98
94 106
94 146
95 102
95 128
95 133
95 150
96 110
96 127
96 148
97 104
97 138
97 139
98 109
98 111
98 120
98 124
98 133
99 101
99 108
99 109
99 110
99 122
99 123
99 148
100 131
100 132
100 138
100 139
100 148
101 108
101 110
101 127
101 137
101 140
102 104
102 110
102 129
103 106
103 126
103 130
103 131
104 109
104 112
104 116
104 120
104 121
105 118
105 138
105 140
106 115
106 122
106 131
106 133
106 139
106 147
106 150
107 121
107 122
107 139
107 140
108 110
108 120
108 131
108 142
110 122
110 131
110 135
111 116
111 128
112 114
112 117
112 122
112 129
112 130
112 136
112 138
112 142
113 114
113 123
113 130
114 130
114 137
114 141
115 144
115 147
116 139
116 141
117 120
117 150
118 119
118 134
118 135
118 146
118 148
119 123
119 125
120 121
120 146
122 129
123 137
123 140
123 148
124 125
124 141
125 138
125 144
126 128
126 133
126 148
127 137
127 142
127 146
127 148
128 138
128 142
128 145
128 147
128 148
129 136
129 137
129 140
130 142
130 144
132 137
133 137
133 138
133 141
134 140
138 148
147 150
148 149
