150 1788 1000

95 104 36 16 58 26 31 102 32 59
105 47 53 67 55 25 65 56 62 32
19 101 11 69 32 77 104 108 48 17
84 54 25 44 92 76 77 104 94 103
109 43 43 41 92 38 82 110 84 27
48 84 66 30 55 29 105 104 39 106
109 107 87 26 107 18 29 49 52 17
17 79 32 47 80 41 108 36 110 97
55 82 77 23 82 91 105 53 23 68
58 13 97 74 33 46 39 34 84 99
50 89 64 52 77 49 56 51 20 106
63 104 101 76 34 34 40 18 98 21
100 110 50 24 59 99 106 11 75 76
88 99 80 43 46 35 32 54 61 59
33 23 41 89 18 71 95 75 63 96

85 94 26 6 48 16 21 92 22 49
95 37 43 57 45 15 55 46 52 22
9 91 1 59 22 67 94 98 38 7
74 44 15 34 82 66 67 94 84 93
99 33 33 31 82 28 72 100 74 17
38 74 56 20 45 19 95 94 29 96
99 97 77 16 97 8 19 39 42 7
7 69 22 37 70 31 98 26 100 87
45 72 67 13 72 81 95 43 13 58
48 3 87 64 23 36 29 24 74 89
40 79 54 42 67 39 46 41 10 96
53 94 91 66 24 24 30 8 88 11
90 100 40 14 49 89 96 1 65 66
78 89 70 33 36 25 22 44 51 49
23 13 31 79 8 61 85 65 53 86

0 0 0 0 0 39 0 0 0 0 9 0 0 40 0 0 0 0 37 0 0 0 0 18 0 0 42 0 0 0 0 0 0 0 0 0 0 0 0 0 0 44 0 0 30 0 0 0 0 0 0 10 0 47 0 0 16 0 0 0 0 13 0 0 6 0 0 18 0 0 0 0 0 0 0 3 23 0 0 0 0 0 0 0 0 0 0 0 0 0 0 0 10 0 0 0 0 23 3 0 0 18 0 0 0 0 0 0 0 0 0 0 0 0 0 0 0 30 30 0 0 0 0 20 0 0 0 37 0 0 35 0 0 0 0 0 0 0 0 0 0 0 0 0 0 0 0 0 0 
0 0 10 0 0 0 0 0 0 0 0 0 0 0 0 0 0 0 0 0 0 37 0 0 9 0 0 15 0 35 0 0 0 10 41 0 26 0 0 0 0 0 0 0 0 12 0 0 0 0 0 18 0 0 0 0 0 0 26 0 0 0 0 0 0 0 25 0 0 0 0 0 0 32 0 0 2 37 9 0 0 0 0 22 0 0 0 0 0 11 0 0 0 25 0 0 0 0 0 0 16 0 0 0 0 0 14 0 0 0 0 2 22 0 31 0 0 0 50 0 0 0 0 0 0 0 0 0 0 0 41 31 0 0 0 0 0 0 0 0 0 0 0 0 0 0 0 0 
16 0 0 0 0 0 0 0 11 0 0 0 0 0 0 0 43 0 0 0 0 0 0 1 0 0 0 0 0 0 0 0 0 0 0 0 0 0 0 0 36 0 0 0 2 13 0 0 0 0 0 0 0 0 0 50 21 0 0 37 38 0 0 0 0 0 0 10 0 0 0 40 0 0 0 0 36 0 0 0 0 9 0 0 0 0 0 0 0 0 0 33 0 0 0 0 0 0 8 0 0 27 0 10 0 0 0 0 0 0 0 40 0 0 0 0 0 0 0 14 0 0 0 0 0 0 0 50 0 0 0 0 0 0 0 0 0 0 0 0 0 0 0 0 0 0 0 
12 0 0 0 0 45 0 47 0 19 0 0 0 47 21 0 0 0 0 0 0 0 0 16 0 0 27 0 0 0 0 0 0 13 0 0 0 0 0 0 0 0 0 9 0 0 0 0 0 0 0 0 0 0 0 42 0 28 0 0 0 0 5 0 0 0 0 0 0 0 0 0 0 42 0 0 0 0 12 0 0 0 0 0 0 0 0 0 14 0 0 0 0 0 0 0 0 0 0 0 0 0 35 0 0 0 0 0 0 0 0 0 0 0 0 0 0 0 29 9 0 0 0 0 0 0 0 7 0 0 0 9 0 0 0 0 0 42 0 0 40 3 0 0 0 0 
0 0 0 0 0 0 0 0 0 0 17 0 0 0 0 0 0 20 0 0 0 0 49 9 0 46 0 0 0 0 0 0 0 30 0 0 0 0 0 0 0 0 13 0 0 0 0 9 0 37 0 0 0 38 0 45 0 0 0 3 0 0 0 0 0 0 0 0 0 0 0 0 49 0 0 0 0 0 0 0 0 0 0 0 0 48 0 0 0 0 0 0 0 0 0 0 0 0 0 0 0 0 44 0 0 0 0 0 0 0 0 44 0 0 0 0 0 0 0 0 2 0 0 41 35 0 0 0 0 0 6 0 0 0 0 0 47 0 0 12 0 0 12 3 15 
0 0 0 7 37 0 0 0 0 0 0 0 0 0 0 0 0 0 0 0 0 0 0 0 0 0 0 0 0 0 0 0 0 0 17 0 0 0 0 0 35 16 0 0 0 0 0 0 0 0 0 0 0 0 0 0 0 0 0 44 0 0 0 0 0 0 0 0 2 4 0 20 0 0 29 0 11 0 22 0 17 0 0 0 0 0 0 0 0 0 0 0 0 0 0 0 0 0 0 0 0 0 0 0 0 0 33 0 10 0 0 34 0 0 0 0 0 0 0 0 0 0 0 0 0 0 0 0 0 0 0 0 0 0 0 0 0 0 0 0 0 0 0 26 
0 0 49 50 0 0 0 0 32 0 43 0 2 36 2 44 0 0 0 0 0 0 0 32 0 0 0 0 0 0 0 0 0 0 0 0 28 0 0 0 0 49 0 0 0 0 0 0 0 39 0 0 0 0 0 0 0 0 0 0 0 0 0 0 0 40 0 40 0 0 0 0 0 0 23 0 31 0 35 0 0 0 0 0 0 0 0 0 0 0 0 22 22 0 0 48 0 0 0 0 0 0 46 0 0 0 0 0 0 30 0 0 0 0 0 0 0 0 0 46 0 22 0 24 0 16 0 27 0 0 0 40 0 27 0 0 0 11 0 0 31 0 0 
0 0 0 0 0 0 0 0 36 0 0 2 0 0 0 32 0 0 0 0 0 0 0 0 0 19 0 0 30 0 0 0 0 0 9 0 0 0 45 0 0 0 7 0 0 44 27 0 0 0 0 48 0 0 29 0 0 0 0 0 0 0 0 39 44 0 0 0 0 0 0 0 0 0 0 0 0 47 0 0 0 0 0 49 0 0 0 0 0 0 0 12 3 0 0 0 0 0 0 2 0 0 0 0 0 0 0 0 33 25 0 0 0 0 0 21 44 0 0 0 0 18 46 19 0 0 0 21 0 0 0 0 27 0 0 1 0 4 0 0 0 0 
0 0 0 0 0 0 0 0 0 45 0 32 0 0 0 0 34 0 0 0 0 0 0 38 34 20 0 0 0 0 0 0 0 0 0 0 0 0 0 33 0 0 24 0 0 6 0 46 0 0 11 0 0 0 0 2 0 0 0 0 0 0 0 0 0 0 0 0 0 0 20 0 0 0 0 50 0 0 0 34 0 26 0 0 0 0 0 0 0 0 0 0 6 0 16 0 0 0 0 0 0 0 0 30 0 0 0 0 0 0 0 26 0 0 0 0 0 0 0 0 0 0 0 0 0 0 0 0 0 0 0 44 0 0 0 3 0 0 0 0 0 
43 0 48 0 0 0 0 0 0 0 0 0 0 48 0 0 0 32 0 0 0 0 0 0 0 0 0 0 32 5 42 0 0 0 0 0 0 0 0 0 0 0 0 0 0 46 30 0 0 0 0 0 0 0 11 0 11 15 2 0 0 0 0 0 0 0 0 0 0 0 0 0 2 0 0 0 0 0 0 32 0 0 0 0 0 0 0 0 0 0 0 0 0 0 0 0 0 0 0 20 20 0 0 13 0 0 35 0 0 0 0 0 7 0 0 0 0 0 0 0 0 0 8 0 0 0 0 0 0 0 0 0 28 0 0 0 4 0 37 0 
0 0 20 0 0 0 0 0 0 0 0 0 24 2 0 11 0 0 0 0 0 0 0 0 0 0 0 0 0 0 0 0 0 0 0 0 0 0 0 15 0 0 0 33 0 26 0 0 0 8 49 0 0 0 0 0 0 0 0 0 0 0 0 46 4 0 0 0 0 0 0 0 0 0 0 0 0 0 3 0 0 0 0 0 29 0 0 0 0 0 0 0 0 0 0 0 0 0 0 0 16 0 0 0 0 11 0 0 0 0 0 32 0 0 0 0 0 42 0 0 0 41 0 0 0 0 0 24 13 0 0 0 0 0 0 0 14 6 0 
19 0 0 0 0 13 0 0 0 0 29 0 0 0 0 0 33 0 0 0 0 22 0 30 0 41 0 0 26 0 0 0 0 8 0 0 0 0 5 3 0 0 0 0 0 0 0 0 0 0 0 0 0 0 0 0 31 0 0 0 0 0 0 0 0 0 0 0 39 0 0 0 0 0 0 0 0 0 0 0 0 0 0 0 35 0 0 0 0 0 0 0 0 0 0 0 0 0 0 47 0 0 16 0 0 0 0 34 0 0 0 0 0 0 0 0 0 42 0 0 33 25 0 0 0 4 0 0 0 0 0 0 0 0 0 23 28 0 
0 0 0 0 0 0 44 0 38 11 0 0 0 0 0 0 0 0 0 0 0 0 0 0 0 0 44 0 0 0 15 0 0 0 47 0 0 0 0 44 0 0 44 0 35 46 0 0 0 36 0 0 14 0 0 0 36 0 0 0 24 0 0 0 0 0 0 37 0 0 0 0 0 0 19 0 0 0 26 0 0 0 0 0 0 0 0 42 0 0 35 0 0 0 0 21 0 0 0 0 0 0 0 0 0 0 0 0 0 0 0 0 0 18 0 0 0 0 0 49 0 0 0 0 0 0 16 0 0 0 0 0 0 0 0 34 0 
0 0 0 0 0 0 0 0 0 0 0 0 0 0 0 0 0 0 0 0 0 0 0 0 43 0 0 0 0 0 0 0 0 0 0 0 0 0 0 0 0 40 0 0 0 23 0 0 0 0 0 0 12 0 0 0 0 0 0 0 0 0 0 0 9 0 0 0 0 0 0 0 0 0 0 0 0 0 0 0 0 0 0 33 0 0 0 0 0 0 6 0 45 0 0 0 0 19 49 0 13 0 0 0 0 0 40 0 0 45 0 10 0 0 0 0 29 0 0 0 0 0 47 0 0 28 0 0 0 0 0 31 0 0 0 0 
0 0 0 27 43 47 9 0 0 0 6 0 0 0 26 0 0 0 0 0 0 0 0 0 0 0 0 0 39 0 0 0 0 0 6 0 0 0 0 0 0 0 0 10 0 0 0 0 0 0 0 0 0 0 0 0 48 37 0 0 0 0 0 0 0 0 0 0 0 0 0 0 0 0 0 0 23 0 0 0 0 0 0 0 0 0 0 0 0 0 0 22 0 0 0 14 41 0 0 0 23 0 0 33 5 0 0 0 0 0 0 17 0 0 0 31 0 0 0 0 0 0 0 0 0 0 0 0 24 0 0 0 0 0 0 
0 0 0 0 30 31 0 0 0 0 0 0 0 0 0 0 0 0 0 0 47 0 0 0 0 0 0 0 48 0 0 0 0 0 0 0 28 0 0 29 0 0 0 37 0 6 0 0 0 0 0 0 41 0 0 0 0 0 0 0 48 0 0 0 0 47 0 0 0 0 0 30 0 0 0 0 0 0 0 0 41 0 0 0 0 0 0 24 0 0 33 0 0 0 0 0 0 3 0 0 0 0 0 0 0 0 0 0 0 4 10 0 0 0 0 42 0 0 0 0 0 0 0 0 0 0 0 0 0 5 0 0 47 0 
0 0 27 0 0 1 0 4 36 0 0 0 0 43 0 0 48 0 0 0 0 0 0 0 0 0 0 0 0 27 0 0 0 16 0 3 0 41 0 33 35 40 0 0 0 0 0 0 23 0 0 0 0 0 0 0 0 20 0 0 0 0 0 40 19 0 0 0 0 0 38 0 0 0 0 19 0 0 0 0 0 0 0 11 0 0 0 0 0 0 0 0 11 16 0 0 0 0 23 0 0 0 0 0 0 0 0 0 0 0 27 0 0 29 0 33 27 0 0 0 24 15 0 0 0 0 47 0 36 0 0 8 7 
21 0 20 0 0 0 0 0 0 0 0 0 4 0 0 0 33 0 0 0 0 0 0 44 0 0 5 37 0 0 0 27 0 0 0 42 0 13 0 0 13 0 0 0 0 0 0 0 0 0 44 0 0 0 0 0 0 0 0 0 42 39 0 0 0 0 0 0 0 0 0 0 0 0 0 0 47 0 0 0 0 0 25 0 0 0 0 0 0 2 0 0 0 0 0 0 0 0 0 0 0 0 0 0 0 0 0 24 0 0 14 0 0 0 0 0 0 35 37 0 0 0 0 0 27 0 0 0 0 17 0 0 
3 0 0 0 0 0 0 0 0 0 48 0 0 0 0 0 0 0 0 0 0 0 0 37 0 0 0 0 45 0 0 0 0 0 0 0 0 38 14 0 0 0 0 0 0 0 0 0 0 0 0 29 0 0 0 0 0 0 0 48 0 0 0 0 0 0 0 0 0 0 21 0 0 0 0 0 0 0 0 6 0 0 0 0 3 0 0 0 0 0 0 34 0 0 0 0 0 10 0 0 0 41 0 0 0 0 0 0 0 0 0 0 0 43 0 49 0 13 0 0 0 5 0 49 0 11 0 0 0 0 0 
0 0 0 0 0 42 0 25 35 0 0 0 0 9 0 15 0 0 0 0 0 0 0 0 0 0 0 0 0 27 0 39 0 0 0 0 22 0 0 0 0 0 0 0 0 0 0 0 0 0 32 0 0 0 0 0 0 0 46 13 48 0 0 0 0 0 9 0 0 0 0 37 0 0 0 40 0 0 0 0 0 36 28 0 0 0 0 0 11 0 0 0 0 0 48 0 0 0 0 0 0 0 0 0 0 0 0 0 0 0 0 0 0 0 0 0 0 0 46 0 29 0 35 0 0 0 0 0 0 0 
0 0 0 0 25 9 0 0 0 0 0 14 0 0 0 0 0 16 0 0 0 0 0 0 0 0 0 0 0 26 0 0 0 48 0 0 0 0 0 36 0 0 0 0 0 0 48 50 0 0 0 0 0 23 0 0 23 0 4 0 0 20 0 0 13 0 0 0 0 0 13 0 0 32 0 0 0 0 0 0 49 0 0 0 0 0 0 0 0 0 14 0 0 3 0 0 0 0 0 0 0 0 0 0 0 0 1 42 0 0 0 0 0 0 0 0 7 0 0 0 0 27 0 22 0 0 0 0 0 
0 0 0 33 0 16 0 0 39 0 0 44 0 0 0 11 5 0 0 0 0 0 0 0 41 0 43 0 0 0 0 0 0 40 0 32 0 0 31 0 0 0 0 0 43 0 0 50 0 46 0 11 0 0 0 0 0 0 0 22 0 0 0 27 0 0 34 0 0 0 0 0 0 0 0 0 0 0 0 0 0 0 33 0 0 0 0 0 0 0 0 0 0 0 28 0 0 0 0 0 0 0 0 0 0 29 0 0 48 35 45 0 0 49 6 0 0 0 0 29 0 0 0 0 0 0 0 0 
31 9 0 0 0 0 37 0 0 0 40 32 0 0 0 0 0 0 17 0 0 0 0 0 0 0 0 34 42 21 0 45 0 0 0 31 9 0 0 34 3 0 30 0 8 0 13 31 0 0 35 0 36 0 0 0 0 0 0 0 0 0 20 0 0 0 0 0 0 0 0 39 0 4 0 0 0 0 0 0 8 0 0 0 0 12 0 0 0 0 0 0 32 0 0 0 0 0 5 0 0 0 0 25 4 0 0 20 44 0 0 0 0 0 0 0 0 0 0 0 0 0 0 0 0 31 0 
0 0 0 28 0 0 0 0 0 0 0 0 16 0 0 0 0 0 0 0 0 11 0 0 0 0 6 0 0 19 14 37 0 0 0 0 0 50 0 2 0 0 0 0 0 0 0 0 0 5 0 0 0 0 0 40 0 0 0 0 0 50 0 0 0 5 32 0 0 0 19 0 21 49 0 0 0 0 48 0 0 10 0 40 0 19 31 0 0 29 0 0 0 0 0 0 0 14 0 47 0 0 0 0 0 0 3 0 0 0 24 49 14 0 49 0 0 33 0 0 0 0 0 0 0 12 
0 27 0 0 0 0 0 0 0 0 0 35 38 0 1 7 0 43 0 26 0 0 0 11 0 0 0 0 0 50 0 0 0 0 0 0 0 0 0 0 0 0 0 0 0 0 0 0 0 0 0 0 0 0 0 1 0 0 0 15 0 0 0 0 0 44 2 0 0 1 0 0 0 0 0 33 0 0 0 39 0 0 0 0 0 21 0 0 0 0 0 0 0 0 0 0 0 0 0 0 0 0 26 0 0 31 0 0 30 0 0 0 0 0 0 0 9 0 20 0 0 0 0 0 0 
0 0 0 0 0 12 0 0 0 0 9 0 0 0 0 0 0 0 0 0 0 0 0 0 0 0 0 0 0 0 0 0 0 0 0 0 0 0 0 0 0 0 22 0 0 45 0 0 0 29 0 35 0 0 31 0 39 0 0 0 0 0 0 0 0 0 0 0 0 0 0 31 0 0 0 0 0 0 0 0 0 0 0 8 0 0 0 0 0 0 0 0 0 0 0 0 0 25 0 0 0 0 0 0 0 0 0 0 0 39 0 0 0 24 0 10 0 0 0 47 0 0 0 0 
0 0 0 0 35 0 0 0 6 0 0 0 0 48 0 3 0 0 34 0 0 0 0 0 0 0 0 0 0 0 0 0 0 0 0 0 0 36 0 36 0 0 0 0 0 0 0 0 0 4 0 0 0 0 0 0 0 0 0 23 0 22 0 0 0 0 26 0 0 0 0 0 0 0 0 0 0 0 0 22 0 0 50 39 0 0 3 0 35 0 0 42 0 0 22 0 0 9 0 0 0 0 0 1 0 0 0 40 0 0 0 0 26 0 24 0 0 0 0 0 0 42 0 
0 0 0 0 0 0 17 0 0 0 0 0 0 0 0 7 0 0 0 0 46 0 30 0 0 0 0 0 0 0 0 0 11 0 30 21 10 0 8 0 0 0 0 0 0 14 0 0 0 0 0 7 12 36 0 0 31 0 15 0 0 0 0 0 0 11 0 0 0 0 38 0 0 33 0 12 23 0 0 0 15 0 0 0 2 0 31 0 0 0 0 0 0 0 34 0 0 0 0 0 0 0 0 0 21 0 0 0 12 0 0 0 0 0 0 0 0 0 0 0 0 0 
0 0 0 0 0 0 0 0 8 0 33 0 0 0 0 0 0 8 0 0 0 0 0 0 0 0 0 0 0 0 0 29 0 0 0 0 0 38 0 0 0 0 0 11 0 45 25 29 0 0 0 0 19 49 0 0 0 0 0 0 0 0 0 0 41 0 0 0 31 0 0 0 0 0 15 0 11 0 0 0 0 11 0 0 0 35 0 0 0 0 17 0 0 0 0 0 0 24 0 0 0 0 0 0 0 0 0 42 49 0 0 0 0 0 0 0 0 0 0 27 0 
0 0 0 0 0 0 0 0 0 0 0 38 0 0 0 0 18 0 0 4 0 0 0 0 0 0 5 0 0 0 0 0 28 0 0 39 0 0 0 0 0 0 0 0 0 0 0 0 0 0 2 0 0 48 0 0 0 0 0 19 0 27 0 15 0 0 0 0 0 0 0 0 0 44 0 0 0 0 0 0 0 0 34 0 0 0 0 0 0 0 0 0 39 0 0 0 0 0 0 0 0 0 21 16 0 0 0 0 0 0 0 0 0 0 31 0 0 23 0 0 
0 11 0 0 0 0 0 0 41 0 0 0 0 29 0 0 0 32 0 0 0 0 0 30 49 40 0 0 0 0 17 0 0 0 0 0 0 0 0 0 0 0 0 0 0 0 0 0 0 0 0 0 0 0 0 0 8 0 0 0 0 0 1 0 0 0 36 0 12 0 0 48 0 0 0 0 0 0 0 0 0 0 0 0 0 0 0 0 0 0 0 0 0 16 0 0 0 0 43 0 0 14 4 0 0 12 0 0 0 0 0 0 0 32 0 0 0 0 13 
26 0 0 7 12 0 4 0 0 0 17 0 0 0 0 0 0 0 40 25 0 0 0 0 0 44 0 0 0 0 0 38 0 0 0 0 0 0 0 0 0 7 46 7 0 0 0 0 0 32 0 0 0 0 0 0 0 0 0 37 0 0 0 13 0 47 0 0 0 34 0 0 0 29 0 0 0 0 0 0 0 0 0 0 0 0 0 39 24 0 0 0 39 0 21 0 0 50 0 3 0 24 0 0 9 0 1 0 0 0 48 0 0 0 0 0 0 0 
0 0 19 0 0 0 0 0 0 0 0 0 0 0 0 0 0 48 0 35 6 0 28 0 0 0 23 0 0 0 0 0 37 0 0 28 0 0 0 0 0 0 5 0 0 35 0 0 0 36 1 0 0 0 0 0 15 0 0 42 0 0 0 45 35 0 0 0 0 47 0 0 43 0 31 0 32 0 0 0 0 0 0 0 0 0 12 23 0 0 0 0 0 0 0 0 0 0 0 0 0 0 0 0 0 0 0 0 0 0 0 34 25 0 0 39 0 
0 0 0 0 0 6 0 0 0 0 0 0 0 0 0 0 35 0 0 0 0 0 5 33 0 0 0 0 0 19 0 0 0 0 0 0 0 0 0 0 7 0 0 0 0 0 0 0 0 0 0 0 0 0 0 0 47 0 0 0 0 0 0 0 0 0 0 0 0 0 0 0 0 0 0 0 25 0 0 0 17 0 0 0 0 27 37 0 24 0 0 0 0 0 0 25 0 0 0 19 46 0 0 0 0 0 0 0 0 0 39 0 0 0 0 11 
0 0 0 29 0 0 22 0 0 0 0 0 0 0 16 0 0 0 0 0 0 0 0 19 0 0 0 0 0 0 0 0 0 0 0 0 0 25 0 0 0 0 0 45 0 0 0 0 0 0 0 0 21 0 38 0 0 0 0 15 0 0 0 15 0 0 0 0 0 15 0 0 0 0 0 0 0 0 0 0 0 0 0 0 31 0 0 0 0 0 38 15 0 0 38 0 0 0 48 0 17 0 0 0 0 0 36 0 0 0 0 0 5 0 0 
0 0 0 0 0 0 0 0 18 0 0 3 38 0 0 0 10 0 0 0 0 0 0 0 0 0 50 0 0 14 0 32 0 0 0 0 14 0 0 43 19 0 0 0 0 0 0 0 11 0 10 0 0 19 0 0 0 0 0 0 0 0 0 0 0 15 0 0 0 0 0 4 0 0 0 0 0 0 0 0 0 2 0 0 0 0 0 0 0 6 44 0 0 0 0 0 0 0 0 0 0 0 0 0 0 0 0 0 0 37 0 0 0 0 
7 0 0 0 0 0 0 0 0 0 30 0 0 0 40 0 0 0 0 49 0 0 0 0 0 0 0 0 2 0 0 0 0 0 0 0 0 39 16 0 0 0 44 0 0 0 0 0 0 0 21 0 0 0 0 0 0 0 0 0 0 0 0 0 29 0 0 0 0 0 0 0 0 0 0 0 0 25 13 35 50 0 0 0 0 0 0 0 0 0 21 0 0 31 0 39 0 30 11 7 0 0 31 0 0 7 0 0 0 0 0 0 0 
0 0 0 0 0 0 0 0 0 0 0 0 0 0 0 0 0 0 0 6 0 37 0 0 0 0 0 0 0 0 25 0 0 0 0 0 0 0 0 0 0 0 0 0 0 11 0 0 0 0 0 30 0 0 0 0 0 27 0 0 0 0 0 0 0 0 24 0 0 0 0 0 0 0 35 0 0 0 0 0 0 0 0 0 0 0 0 0 0 0 0 38 0 27 0 0 0 0 0 0 38 16 0 0 0 0 0 0 0 0 0 0 
47 0 0 2 0 0 0 0 13 0 0 0 0 0 0 0 0 0 0 0 0 0 0 0 0 0 41 0 0 0 0 0 0 50 0 0 0 0 0 31 0 10 2 0 0 0 0 0 0 0 0 0 0 0 0 31 0 0 0 0 0 9 0 0 27 0 0 0 0 0 0 0 0 0 0 0 0 40 0 0 0 0 0 0 28 0 0 12 0 0 0 0 0 0 0 28 0 0 30 5 0 0 2 18 0 1 0 0 33 0 0 
0 45 0 0 44 0 0 0 0 0 0 0 0 0 39 0 0 0 0 0 0 0 0 0 0 0 0 0 0 0 0 0 18 0 0 49 0 0 23 0 0 0 0 0 0 7 15 0 0 0 0 33 0 0 0 18 0 0 0 0 0 0 0 12 0 0 41 0 0 0 0 50 0 10 0 23 31 0 0 0 0 0 0 33 0 0 7 0 0 0 0 0 0 0 0 0 0 0 0 0 41 0 0 0 0 0 0 0 0 27 
0 39 0 0 0 0 0 0 0 0 0 0 0 0 2 0 0 22 0 0 0 0 41 0 0 0 0 0 0 0 0 0 0 0 0 0 0 19 0 0 0 0 0 0 49 0 0 0 44 0 0 0 0 0 0 0 0 0 0 0 0 0 0 0 0 0 0 0 0 0 0 0 0 0 0 12 0 0 0 0 0 0 0 0 0 0 0 0 0 0 0 0 0 0 1 0 0 0 40 0 0 0 0 0 0 0 0 0 0 
0 0 0 0 0 0 0 18 0 37 0 0 0 44 0 0 0 0 0 0 0 0 0 0 0 0 0 0 0 0 0 0 0 0 0 0 0 0 0 0 0 0 0 0 0 0 0 0 41 0 0 0 0 37 2 3 11 0 0 0 0 41 0 0 12 0 0 15 3 0 0 0 0 0 0 13 0 0 19 14 21 0 0 0 0 0 0 0 0 0 0 0 0 38 0 0 0 0 0 0 0 0 0 0 0 0 0 11 
0 0 0 37 0 0 0 0 0 0 0 0 0 43 0 1 0 0 0 0 0 0 0 0 0 0 0 23 0 0 46 0 0 0 0 0 0 0 0 0 0 0 0 0 0 0 0 0 0 0 12 0 0 0 0 0 0 0 0 0 0 0 0 37 18 0 0 0 27 0 36 0 0 0 0 10 0 0 0 47 0 0 0 0 10 49 25 0 0 0 32 0 0 0 0 0 29 0 0 0 15 0 0 0 0 0 0 
0 29 0 0 0 0 0 0 0 0 0 0 0 0 11 0 0 0 0 0 0 0 0 0 22 0 38 0 0 0 8 0 0 0 0 0 0 0 0 8 19 0 0 39 0 0 0 0 0 0 0 0 0 33 0 0 0 0 32 0 0 0 0 0 0 0 0 0 0 22 0 33 0 0 0 22 32 9 0 0 14 41 0 0 0 15 0 29 28 0 0 0 0 0 0 9 0 0 0 0 0 3 0 16 0 0 
0 0 7 0 0 0 0 0 0 9 0 0 0 0 0 0 0 0 36 0 0 0 0 0 0 0 34 0 0 0 12 0 0 0 0 0 0 0 0 0 0 0 26 0 0 0 0 0 0 0 37 0 0 0 0 0 0 0 0 0 13 0 10 0 0 17 0 0 0 39 0 0 0 0 0 0 0 0 0 0 4 0 16 8 11 0 0 0 0 0 0 0 0 0 17 0 0 39 35 3 46 0 0 40 0 
0 0 1 0 0 0 0 0 24 0 0 0 0 0 0 0 37 0 0 0 0 39 0 0 0 8 13 0 0 29 0 0 27 0 0 0 0 44 0 0 0 0 0 14 17 0 0 0 0 0 35 0 0 0 0 0 25 0 0 0 0 0 0 31 0 0 0 0 0 0 0 17 15 0 0 0 0 0 31 0 0 0 0 0 23 0 0 0 0 0 0 0 0 0 0 3 0 38 0 0 23 0 0 0 
0 0 0 0 0 0 31 0 0 0 0 0 8 3 0 0 0 0 48 0 0 0 8 0 50 0 0 0 0 0 0 0 0 0 28 0 0 21 28 0 0 34 0 20 0 0 0 0 0 0 31 0 0 0 34 0 0 0 16 38 0 0 0 0 18 36 33 0 0 0 0 0 0 0 15 0 0 19 0 0 0 0 30 0 24 0 0 0 0 0 0 0 0 0 0 0 0 24 0 0 0 0 0 
0 0 0 0 0 0 0 0 0 0 36 0 0 0 0 0 0 0 7 0 0 0 0 27 0 0 0 0 0 0 0 0 46 0 0 0 0 0 0 23 0 0 27 25 0 0 0 0 7 0 0 8 0 0 0 0 0 0 42 0 0 0 34 0 0 0 0 0 0 0 0 0 0 0 31 9 8 8 0 0 8 0 0 0 0 0 0 0 0 0 0 0 34 0 39 0 0 0 0 0 0 0 
0 0 0 0 0 0 0 0 0 0 0 34 0 0 0 0 0 0 0 0 0 0 0 0 0 0 0 0 0 0 0 0 0 46 0 0 0 0 0 0 0 39 0 0 0 0 43 0 0 0 0 0 0 0 0 0 0 0 0 0 0 0 0 0 0 0 0 0 0 0 0 1 0 0 0 12 0 31 2 0 0 0 20 0 43 0 0 0 0 0 0 0 0 0 0 0 0 0 0 0 0 
0 0 0 0 21 0 0 0 0 0 0 0 0 9 0 37 0 0 33 0 0 0 0 0 28 0 0 32 0 0 0 0 0 0 0 0 0 27 29 0 0 0 0 0 0 0 16 49 0 0 0 0 0 0 0 0 0 0 0 37 0 0 0 0 0 0 0 0 0 7 0 0 0 0 18 0 47 0 13 0 0 0 0 0 49 0 0 0 0 0 0 0 0 0 0 0 0 0 0 0 
0 0 0 0 0 0 0 0 6 0 0 0 0 0 0 0 0 0 0 0 0 16 0 0 30 0 0 0 0 0 28 0 0 0 0 0 0 0 0 0 0 8 0 0 0 0 34 46 0 0 0 32 0 0 0 5 0 0 0 0 7 0 0 0 0 0 0 0 27 0 0 0 0 0 39 0 0 0 0 0 0 0 0 0 0 0 0 0 0 27 0 0 0 0 0 25 46 0 13 
0 0 0 20 0 0 0 50 0 0 0 0 0 0 0 0 0 0 0 37 12 4 0 0 0 1 0 0 35 12 0 45 0 0 0 0 0 0 0 0 0 33 0 0 0 0 0 3 0 0 0 41 0 17 0 0 0 0 47 0 0 0 0 0 0 0 0 0 0 0 0 0 0 0 0 0 37 0 29 0 0 0 0 15 0 0 0 0 0 0 0 0 0 0 0 0 0 0 
0 0 0 0 35 0 0 0 0 0 0 0 36 0 30 0 0 0 0 0 0 25 0 0 0 0 0 0 0 0 0 31 0 35 0 0 0 2 0 0 38 0 0 0 0 0 47 0 7 18 0 0 0 0 0 0 7 0 0 0 0 0 0 0 0 25 0 0 0 0 0 0 0 0 0 0 0 0 0 0 0 0 0 0 0 0 0 0 0 0 0 0 0 0 0 0 0 
0 0 0 40 0 0 0 0 24 0 0 29 0 15 0 0 0 0 0 0 0 0 0 0 0 0 0 26 0 0 0 40 0 31 0 0 0 30 0 0 0 0 0 0 48 0 0 16 0 0 1 0 0 0 0 0 0 0 0 0 0 0 0 26 3 0 0 0 0 0 0 0 0 0 0 33 0 0 0 0 0 0 0 0 0 45 0 0 0 38 44 0 0 0 0 23 
0 25 0 0 0 0 0 0 0 0 0 0 9 0 6 0 0 0 0 0 0 0 0 0 0 9 16 11 0 0 47 0 21 0 0 35 0 0 0 3 0 0 0 0 0 0 0 0 0 0 4 0 0 0 0 0 0 0 0 0 0 41 42 0 0 0 0 0 0 0 0 0 0 0 0 0 0 0 0 0 0 0 0 0 0 0 0 0 0 0 0 0 0 0 44 
0 35 0 0 0 0 0 34 0 6 0 0 0 0 0 0 0 0 0 0 0 0 0 32 0 0 0 0 0 32 0 0 0 0 36 0 0 19 0 0 0 0 0 0 0 42 0 0 0 0 0 0 0 0 0 0 0 0 0 0 0 0 15 0 0 0 0 0 22 0 50 0 0 0 0 0 0 41 0 19 0 0 0 0 4 0 0 0 0 0 30 24 38 0 
0 34 0 0 0 0 3 0 0 0 0 18 0 0 0 0 40 0 0 13 0 0 0 0 0 0 44 0 0 28 0 0 0 0 0 0 0 0 0 0 0 0 0 0 0 0 26 0 0 0 0 0 0 0 0 0 0 0 0 0 0 0 0 10 0 0 0 0 0 0 0 0 0 0 0 0 0 0 0 0 0 0 0 0 0 0 0 0 0 0 0 46 0 
0 0 0 0 27 0 0 0 0 11 0 0 0 0 0 0 0 0 0 0 0 0 0 0 0 0 0 0 0 0 9 0 0 0 0 0 0 0 3 0 0 27 0 0 0 0 0 0 0 0 0 0 0 0 0 2 0 0 0 0 0 11 0 0 33 0 0 40 0 0 50 0 0 0 0 0 0 0 0 0 0 0 0 0 0 0 0 12 0 0 0 0 
0 0 0 0 0 0 0 0 0 0 37 0 0 0 0 0 0 0 0 0 0 0 0 0 29 0 0 0 27 0 0 0 0 0 0 0 0 0 0 0 0 0 0 0 50 0 0 0 0 17 0 12 0 0 0 36 0 0 0 0 33 0 0 0 0 34 0 0 0 0 10 23 0 6 0 0 0 0 0 0 0 25 0 0 0 0 23 0 25 0 0 
0 45 0 0 0 0 0 0 0 0 0 0 0 0 0 0 0 0 2 0 0 39 0 0 0 0 20 0 0 0 0 32 0 0 45 0 0 9 0 0 0 0 14 24 0 42 0 0 0 44 0 45 0 0 0 30 0 0 0 0 0 0 0 0 0 33 0 43 0 0 0 0 0 0 0 26 0 0 24 29 18 0 0 49 0 0 0 0 0 0 
0 5 0 0 13 5 0 0 20 0 0 0 0 0 0 0 0 0 0 6 0 15 18 23 45 0 0 41 0 0 0 0 0 0 0 0 0 18 0 0 0 19 0 0 0 0 42 0 0 0 0 0 0 0 0 0 0 0 0 0 0 11 0 0 36 27 0 0 0 13 0 0 0 15 0 0 0 23 0 0 0 44 0 0 0 49 20 0 31 
0 0 0 0 0 0 0 0 0 18 0 0 29 0 0 0 26 0 0 0 0 0 0 0 22 49 0 0 0 0 0 0 0 0 0 0 0 0 0 0 0 0 6 0 0 0 0 0 0 0 38 0 0 0 0 0 0 0 0 0 0 0 0 0 0 0 0 26 0 29 0 0 0 10 0 0 4 0 5 0 0 0 0 0 0 0 0 18 
0 26 31 0 0 45 33 0 0 0 0 0 0 0 0 48 1 0 0 0 16 0 0 38 0 0 37 0 0 19 0 0 16 0 0 0 0 0 0 46 0 33 0 30 0 0 30 0 6 0 0 0 0 44 37 0 44 50 44 0 0 0 0 0 0 0 0 3 0 0 37 0 16 0 0 0 0 0 50 12 17 0 0 0 0 0 0 
0 0 0 0 0 10 16 0 31 0 0 0 0 0 0 0 0 0 0 0 32 0 0 0 0 0 0 0 0 0 0 0 0 0 0 0 0 44 0 0 0 0 0 0 10 0 0 0 0 40 23 0 0 11 0 0 22 0 0 0 0 0 0 0 0 0 0 19 0 0 0 0 0 28 0 25 20 0 0 0 0 0 22 0 9 0 
17 0 47 46 0 9 0 43 0 0 9 0 0 0 0 0 17 0 0 0 0 0 0 0 0 0 0 0 0 0 0 0 11 0 0 36 0 0 0 0 0 0 15 0 0 14 0 0 15 0 0 0 0 0 0 0 0 0 50 0 0 0 26 0 5 0 0 0 0 0 0 0 0 0 0 0 0 0 0 0 0 8 0 0 0 
0 44 0 0 0 0 0 0 0 0 45 0 0 0 0 0 0 48 0 0 0 0 0 0 0 0 50 0 0 0 39 0 0 0 0 0 0 0 0 0 0 0 0 0 0 0 0 0 43 50 0 0 0 0 50 0 0 0 0 0 41 0 0 30 0 0 9 0 0 0 0 0 0 0 0 0 0 42 0 0 0 0 0 0 
0 0 0 0 16 0 0 32 0 0 0 0 0 0 2 0 0 0 11 0 0 0 39 0 0 3 42 46 0 0 0 11 0 0 0 0 0 0 0 0 0 0 31 0 0 0 0 0 0 0 0 0 14 0 39 6 0 0 18 0 0 0 0 0 0 0 0 4 4 0 0 0 0 0 0 0 0 0 0 0 0 0 0 
0 0 0 0 0 0 0 0 0 0 0 0 0 0 20 0 0 0 0 4 0 0 0 42 0 0 0 16 0 0 0 0 0 0 0 0 0 29 0 0 10 33 0 0 0 0 0 0 0 0 0 0 0 0 35 0 4 0 0 0 0 33 0 0 0 0 0 0 0 0 35 0 0 0 0 0 0 0 0 0 0 0 
0 39 0 12 0 0 0 33 0 0 0 0 0 0 0 0 0 0 0 0 0 0 0 0 0 20 0 0 0 0 0 0 0 0 0 0 0 0 0 0 0 43 0 0 0 0 0 0 0 0 0 0 45 0 0 12 0 0 0 0 0 0 0 0 0 0 0 0 0 6 0 19 0 0 0 0 0 0 0 0 19 
0 0 0 0 0 0 0 0 0 2 4 0 0 0 0 0 0 0 20 0 0 0 0 0 0 0 45 0 0 0 0 0 0 0 0 0 0 0 13 0 0 0 0 0 0 24 0 0 0 0 0 0 0 0 26 0 0 0 19 0 0 16 0 0 0 0 0 0 0 0 44 0 0 0 30 0 0 0 0 0 
0 0 0 0 19 39 0 0 0 48 0 0 7 0 14 0 0 7 0 0 0 0 0 47 0 0 0 0 0 0 0 7 0 50 1 38 35 0 0 15 0 48 0 0 0 0 12 8 0 0 0 0 0 0 0 0 0 0 0 0 0 28 0 0 0 0 0 0 0 0 0 0 24 0 9 0 0 0 0 
0 0 0 0 0 0 47 0 0 0 0 0 0 0 0 0 23 0 0 0 25 0 0 37 0 0 0 5 0 5 0 0 0 0 0 0 0 0 0 0 0 0 39 0 40 0 0 0 19 5 0 1 0 0 0 0 0 0 25 0 0 0 39 18 0 0 0 32 0 0 0 0 0 16 0 48 0 0 
0 0 0 0 0 0 0 0 34 0 0 0 0 0 0 0 0 0 0 5 0 0 0 0 0 21 0 0 32 0 0 0 0 0 0 0 0 0 33 0 0 0 0 0 0 0 0 0 45 0 0 2 0 12 0 0 10 34 0 0 20 0 0 0 0 0 12 0 0 0 0 0 0 5 0 0 37 
0 5 0 32 0 0 0 0 29 0 0 27 28 0 0 0 45 41 0 0 0 0 0 0 0 0 0 0 29 0 0 0 10 0 0 0 30 0 44 0 0 0 0 0 0 0 0 0 11 0 0 0 0 0 0 0 0 0 0 46 0 0 0 0 0 0 0 0 0 0 0 0 0 0 0 0 
0 30 0 48 0 0 0 40 0 0 0 0 0 0 0 0 24 0 0 0 0 0 31 0 0 0 0 49 45 0 0 0 45 0 0 0 2 0 0 0 0 0 0 0 20 30 0 0 0 35 0 0 0 0 0 0 0 0 0 9 0 0 0 0 0 0 0 0 0 0 0 0 0 0 0 
0 0 0 0 0 0 0 0 0 0 0 38 0 0 0 0 0 0 0 0 0 0 10 0 0 12 0 21 0 0 0 0 32 13 0 0 0 0 0 0 0 0 0 0 15 5 0 6 0 0 0 0 0 44 0 0 0 0 0 0 0 43 0 0 0 0 0 0 0 0 0 0 0 0 
0 0 24 0 0 0 0 0 1 0 0 0 0 0 0 0 9 0 0 0 0 0 14 40 29 0 0 0 0 0 0 42 0 0 0 0 0 0 0 0 0 0 0 32 0 0 0 0 0 0 0 35 0 0 16 0 0 0 0 0 0 0 0 0 0 0 0 0 0 18 26 0 30 
0 0 0 0 43 0 0 0 0 0 30 0 0 0 0 0 0 0 0 0 0 0 0 0 0 0 10 0 0 0 13 0 0 0 0 0 0 0 0 0 0 0 44 0 0 0 0 0 0 30 28 19 43 0 0 0 0 0 0 0 0 0 0 0 0 23 12 0 0 0 0 0 
0 50 0 0 0 0 0 0 0 0 0 0 0 0 49 0 0 0 16 0 0 0 0 0 0 0 15 0 16 0 0 0 0 0 23 0 0 0 0 0 0 0 0 0 0 0 0 0 0 0 0 0 0 7 0 48 0 0 50 0 0 32 0 0 42 0 0 0 0 0 0 
13 0 11 0 0 0 0 0 0 0 0 0 0 0 0 0 0 0 0 0 0 0 0 25 46 44 0 0 0 0 38 0 0 0 10 0 46 0 0 18 0 44 0 0 0 21 0 0 0 0 11 0 4 0 0 0 0 0 0 0 0 0 0 0 0 0 0 0 29 44 
19 11 0 45 0 40 0 0 0 0 31 0 33 4 0 0 0 0 25 0 35 0 0 0 0 0 0 0 0 45 0 0 0 43 0 0 0 0 0 0 0 0 0 0 0 45 0 0 0 5 0 0 31 0 19 0 0 0 13 0 30 0 0 0 4 0 0 0 0 
0 0 0 0 0 0 0 0 0 0 0 0 26 0 0 0 2 0 0 0 0 0 0 26 0 0 30 0 0 0 0 0 0 0 0 0 0 0 0 0 0 0 0 25 0 6 50 0 0 0 0 0 0 0 0 0 3 0 0 0 0 46 0 0 0 0 0 34 
0 0 0 0 0 0 0 0 0 0 0 0 0 0 0 0 0 29 0 0 0 0 0 37 49 0 48 44 0 0 0 0 35 0 0 0 0 0 9 0 8 0 0 0 0 0 0 0 0 0 0 0 0 0 0 0 0 0 0 0 0 0 0 0 0 12 0 
0 0 0 0 0 0 0 0 0 0 0 4 0 0 7 0 0 0 0 0 26 0 0 0 0 0 0 0 0 0 10 0 0 0 0 0 0 0 34 0 0 0 0 0 0 0 0 0 0 4 17 0 0 1 0 38 0 0 0 0 0 0 0 0 0 0 
39 0 0 0 47 43 0 0 0 0 0 0 0 0 0 0 37 0 0 0 0 0 0 43 0 0 38 0 0 0 30 0 10 0 37 0 0 30 0 0 0 0 0 0 0 0 0 35 0 30 0 0 0 28 0 0 0 0 0 0 8 0 0 0 19 
0 6 0 0 0 0 0 7 0 39 0 0 0 0 0 0 0 0 0 26 0 0 0 0 0 0 7 0 0 0 0 41 0 16 0 0 45 0 0 0 0 0 0 33 0 0 0 0 0 0 42 0 0 0 0 0 0 4 0 1 38 9 0 0 
0 0 0 0 0 0 0 0 0 0 0 0 0 28 0 0 0 26 0 0 0 0 0 0 0 0 0 0 0 0 0 23 0 0 0 0 0 0 0 0 2 0 0 0 0 0 0 44 0 0 0 0 0 0 0 0 0 15 0 0 0 0 0 
0 0 0 0 0 0 0 0 0 0 0 0 0 0 0 37 26 0 14 0 0 0 0 29 0 0 0 0 0 0 0 0 0 0 0 0 0 0 0 31 0 0 0 0 0 0 0 0 0 0 0 0 0 0 0 0 0 0 0 0 0 0 
0 0 0 0 15 0 0 31 0 0 0 0 0 0 0 31 9 26 0 24 0 0 0 0 0 0 0 50 0 0 4 0 0 41 0 0 22 0 0 0 23 0 0 0 0 0 16 0 0 24 0 0 0 0 0 0 47 0 0 0 0 
0 0 0 0 0 0 0 0 0 36 0 9 0 0 0 0 0 0 0 0 5 0 0 0 0 0 0 0 0 0 0 43 24 0 0 0 0 0 0 0 0 19 0 0 0 0 0 0 0 38 0 0 0 0 0 0 0 0 0 0 
0 0 0 0 0 0 0 16 0 0 0 0 0 0 0 0 18 0 0 0 0 0 0 41 6 17 0 0 0 0 0 0 0 0 0 0 0 0 0 0 24 0 45 0 2 0 0 0 0 0 0 0 0 0 0 0 0 0 0 
0 33 0 0 0 0 32 5 0 0 0 0 0 0 0 0 0 0 0 0 0 0 0 0 0 0 0 0 0 0 3 0 29 0 28 0 0 0 0 30 0 0 0 0 0 0 33 0 0 0 0 0 0 0 0 0 7 0 
0 0 0 0 0 0 0 0 0 0 0 0 0 25 28 23 0 0 0 0 0 0 0 0 0 0 0 0 0 30 0 0 0 0 0 0 0 0 0 0 6 0 0 32 31 0 0 0 0 0 0 0 0 0 0 0 0 
22 0 0 0 7 0 35 0 0 35 0 0 0 0 0 0 0 0 0 0 0 0 0 0 0 0 0 24 0 0 0 0 0 0 0 0 0 0 20 0 0 29 0 0 0 0 0 0 0 0 0 0 0 22 0 0 
0 0 0 17 0 0 0 0 0 0 0 0 27 0 0 0 0 0 14 0 0 0 0 0 0 0 0 0 0 32 0 0 0 0 0 0 0 0 49 0 0 0 0 37 0 0 0 0 0 0 0 0 0 0 0 
0 0 0 44 0 0 0 0 0 0 0 0 0 48 0 0 0 0 0 0 0 0 0 0 0 0 47 0 0 24 24 0 0 38 0 0 0 0 0 26 0 0 0 42 0 0 0 0 0 0 0 0 0 0 
0 0 0 0 0 0 31 0 0 0 12 0 0 0 0 0 0 0 0 0 0 0 0 0 0 0 0 14 0 0 0 4 0 0 0 0 0 0 0 0 0 0 33 25 0 16 0 0 0 0 0 0 0 
14 37 0 14 0 0 0 0 0 0 0 0 0 12 0 0 0 0 0 0 0 0 0 23 0 0 6 0 0 0 0 0 6 0 0 0 0 0 44 0 0 0 0 0 0 0 0 0 17 0 0 0 
0 0 15 43 0 0 0 0 0 0 0 0 0 0 0 0 0 0 0 0 0 0 0 0 0 0 0 23 0 0 0 50 0 46 4 0 0 0 8 29 0 0 0 0 0 0 17 0 0 0 0 
0 6 0 0 0 11 0 4 0 10 0 0 11 0 0 0 0 0 0 0 34 0 0 0 0 0 0 0 0 10 0 36 0 0 0 0 0 0 0 0 0 0 0 0 3 0 7 0 0 0 
4 7 0 0 0 0 0 0 0 5 0 0 35 0 45 0 0 0 0 0 0 0 0 0 0 0 0 0 0 33 0 0 0 49 24 0 0 0 0 24 0 0 0 0 33 0 0 0 0 
33 0 0 0 0 0 0 0 40 0 0 0 0 0 0 0 0 21 0 0 0 0 0 0 0 0 16 0 0 19 0 0 0 0 0 0 0 0 0 0 24 0 3 0 0 0 0 38 
0 0 0 0 25 0 0 0 42 0 0 0 0 0 0 2 0 0 0 0 32 0 0 0 0 0 0 41 0 0 0 0 2 48 0 9 0 0 0 27 21 0 0 10 0 0 35 
0 0 0 0 0 0 0 0 0 0 0 0 0 0 0 0 0 0 0 36 0 0 48 0 0 0 0 0 4 0 50 0 0 0 0 0 0 0 47 0 0 0 0 0 0 0 
0 0 0 22 0 0 0 0 0 0 0 0 0 0 0 0 0 0 0 0 0 0 0 43 0 0 0 0 0 0 7 40 0 0 0 0 0 0 0 0 0 0 0 23 28 
0 6 0 17 6 14 0 0 0 0 0 0 0 0 0 27 0 0 0 0 0 0 0 0 0 0 0 9 0 10 0 23 0 0 0 0 0 0 0 0 0 0 0 0 
0 31 0 29 0 0 0 0 0 0 45 0 0 0 29 0 0 0 42 7 0 33 0 0 0 2 0 0 34 11 0 0 0 0 27 0 0 0 0 0 0 0 0 
0 0 0 0 20 0 0 0 0 0 0 0 0 0 9 12 0 0 0 0 0 0 0 0 0 0 0 0 0 0 31 0 24 0 0 0 0 0 0 0 0 0 
0 0 0 8 0 0 0 0 0 0 0 0 0 0 0 0 0 8 0 0 0 0 0 0 39 0 0 0 0 0 0 0 38 0 0 0 0 0 0 0 0 
0 33 0 0 0 0 0 0 0 0 0 0 0 0 0 0 0 0 0 0 0 0 0 0 0 0 0 0 0 36 0 30 0 0 0 0 0 0 0 0 
0 0 0 2 0 0 0 0 0 0 36 0 0 0 0 0 0 0 0 0 0 0 0 0 0 0 0 0 0 0 0 2 0 0 0 17 0 0 0 
3 5 0 0 0 0 0 0 13 0 21 21 47 0 0 0 0 19 0 33 0 0 0 43 0 0 0 0 0 0 0 0 26 0 0 38 27 43 
0 0 0 0 39 0 0 0 0 50 45 7 0 5 0 0 0 0 0 33 0 0 0 0 0 0 0 35 0 0 0 0 0 9 0 0 0 
0 0 0 0 0 0 0 0 0 0 0 0 0 0 0 0 0 0 0 0 0 0 0 0 0 0 0 0 0 0 10 0 0 0 27 0 
0 0 0 0 0 0 0 0 0 0 0 0 0 1 0 0 0 0 0 0 0 0 0 15 26 0 0 50 0 6 0 0 0 0 0 
0 0 0 0 0 0 0 0 42 0 0 0 0 0 0 0 38 0 50 1 0 0 0 0 0 0 0 0 7 39 0 0 0 0 
0 0 0 0 0 0 0 0 0 0 0 0 9 0 39 0 0 0 0 0 1 0 0 0 0 0 0 0 0 0 0 14 0 
50 0 0 27 0 0 0 0 0 0 18 0 0 49 32 0 22 0 24 0 0 0 0 0 0 0 9 0 0 0 0 0 
0 0 0 0 25 0 0 0 0 0 0 9 0 0 0 18 0 0 0 2 0 0 0 0 14 0 0 0 0 0 0 
0 0 0 0 0 0 0 49 0 0 0 0 0 0 0 0 0 0 0 0 0 28 0 0 0 0 0 0 0 4 
0 0 37 0 0 0 0 0 8 47 0 0 0 0 0 0 0 0 0 0 0 0 0 0 0 0 0 0 0 
0 0 0 37 0 0 0 0 0 0 0 0 0 0 0 0 42 0 0 0 0 0 0 0 0 0 0 0 
42 0 0 0 0 0 0 0 0 0 0 0 0 20 0 24 0 0 0 0 2 0 0 0 0 0 0 
0 0 0 0 0 0 0 5 0 0 41 0 47 27 16 0 14 0 0 12 0 0 0 0 0 15 
17 0 0 0 0 0 0 11 0 0 38 7 0 0 0 0 0 0 23 0 0 0 0 40 0 
0 50 33 0 0 0 14 0 0 0 0 0 0 0 0 29 20 0 0 25 0 0 0 0 
0 3 0 11 0 15 5 36 0 0 0 0 0 0 0 0 3 17 0 0 45 0 0 
0 0 0 45 0 0 0 0 0 0 0 0 15 0 0 0 0 0 0 0 0 48 
0 0 0 0 0 0 0 0 0 0 0 48 0 28 0 0 0 13 0 0 0 
0 0 0 0 0 2 0 0 0 0 0 0 0 0 0 0 0 0 0 0 
0 0 21 41 0 48 0 34 0 18 0 0 0 0 0 23 0 12 0 
0 0 0 34 0 0 0 0 0 0 0 28 22 31 21 0 0 0 
7 0 0 48 0 0 0 0 34 0 0 0 0 0 0 0 0 
0 3 0 0 0 0 0 0 5 0 0 20 0 0 0 0 
0 0 0 0 0 0 0 0 0 0 0 37 0 40 0 
0 0 0 0 0 0 7 0 0 0 0 0 0 34 
0 0 0 0 0 0 0 0 29 0 0 19 0 
0 0 0 0 47 0 0 0 0 0 0 0 
24 0 0 0 0 0 0 0 29 18 0 
0 0 0 0 0 0 2 29 0 0 
0 35 0 0 0 0 0 0 0 
0 0 0 0 0 0 40 0 
0 0 0 0 0 0 0 
0 0 0 0 0 0 
0 0 0 0 0 
0 18 0 0 
0 0 24 
0 0 
0 

1 18
1 19
1 29
1 41
1 50
1 51
1 54
1 74
1 76
1 96
1 105
1 109
1 128
1 130
1 146
1 147
1 149
2 9
2 12
2 15
2 17
2 18
2 25
2 38
2 51
2 52
2 53
2 56
2 60
2 75
2 83
2 87
2 94
2 100
2 116
2 122
2 126
2 147
3 10
3 19
3 23
3 35
3 41
3 52
3 58
3 72
3 79
3 81
3 84
3 90
3 96
3 97
3 99
3 100
3 109
3 110
3 112
3 124
3 125
3 130
3 133
3 140
3 147
4 16
4 22
4 25
4 26
4 32
4 37
4 53
4 55
4 61
4 72
4 73
4 85
4 97
4 98
4 110
4 112
4 113
4 125
4 127
4 130
4 131
4 137
4 138
5 12
5 21
5 27
5 34
5 37
5 41
5 60
5 82
5 100
5 119
5 123
5 124
5 127
5 143
6 15
6 20
6 25
6 31
6 38
6 39
6 43
6 55
6 62
6 63
6 65
6 67
6 68
6 73
6 77
6 79
6 84
6 88
6 89
6 90
6 98
6 101
6 109
6 114
6 122
6 126
6 128
6 130
6 140
6 142
6 145
6 149
7 14
7 19
7 36
7 38
7 39
7 41
7 43
7 47
7 54
7 56
7 59
7 64
7 66
7 67
7 69
7 71
7 76
7 77
7 79
7 91
7 93
7 111
7 120
7 122
7 125
7 128
7 136
8 9
8 19
8 31
8 35
8 36
8 39
8 41
8 49
8 50
8 57
8 70
8 76
8 83
8 85
8 91
8 98
8 106
8 111
8 114
8 122
8 127
8 137
8 138
8 140
8 149
8 150
9 15
9 22
9 25
9 29
9 37
9 38
9 62
9 64
9 75
9 76
9 93
9 96
9 111
9 114
9 119
9 126
9 138
9 144
9 147
10 18
10 25
10 26
10 36
10 45
10 46
10 49
10 59
10 62
10 71
10 73
10 74
10 85
10 87
10 96
10 97
10 101
10 104
10 107
10 108
10 116
10 125
10 127
10 130
10 140
11 21
11 23
11 29
11 31
11 35
11 40
11 45
11 47
11 54
11 58
11 66
11 78
11 81
11 86
11 89
11 97
11 110
11 116
11 122
11 136
11 143
11 145
11 150
12 19
12 22
12 24
12 26
12 43
12 54
12 73
12 94
12 96
12 116
12 117
12 121
12 123
12 137
12 147
13 14
13 19
13 27
13 29
13 37
13 45
13 65
13 72
13 73
13 80
13 94
13 102
13 112
13 114
13 118
13 120
13 126
13 131
13 135
13 137
13 147
14 16
14 20
14 21
14 26
14 40
14 42
14 47
14 50
14 55
14 58
14 59
14 62
14 66
14 70
14 71
14 74
14 75
14 78
14 83
14 85
14 91
14 100
14 101
14 104
14 110
14 118
14 120
14 128
14 129
14 132
14 133
14 150
15 16
15 17
15 31
15 33
15 43
15 47
15 48
15 51
15 55
15 61
15 64
15 65
15 101
15 103
15 109
15 113
15 115
15 123
15 125
15 132
15 134
15 141
15 143
15 149
16 24
16 30
16 50
16 52
16 61
16 65
16 85
16 95
16 96
16 99
16 102
16 106
16 108
16 110
16 113
16 115
16 120
16 122
16 141
16 144
16 145
16 148
17 28
17 32
17 41
17 43
17 46
17 68
17 76
17 78
17 79
17 92
17 96
17 105
17 130
17 141
17 148
18 20
18 25
18 28
18 37
18 43
18 58
18 64
18 65
18 68
18 71
18 72
18 76
18 77
18 81
18 94
18 111
18 113
18 114
18 121
18 132
18 140
18 149
18 150
19 31
19 39
19 47
19 61
19 62
19 64
19 68
19 77
19 94
19 97
19 106
19 115
19 116
19 125
19 129
19 134
19 136
19 142
20 42
20 45
20 49
20 51
20 56
20 58
20 61
20 67
20 94
20 97
20 100
20 105
20 107
20 111
20 113
20 122
20 147
21 23
21 28
21 35
21 48
21 65
21 67
21 71
21 82
21 87
21 90
21 96
21 98
21 101
21 107
21 108
21 116
21 118
21 121
21 130
22 27
22 42
22 64
22 66
22 68
22 69
22 73
22 75
22 76
22 79
22 83
22 84
22 92
22 96
22 99
22 102
22 104
22 107
22 109
22 110
22 118
22 120
22 144
23 27
23 31
23 45
23 69
23 75
23 80
23 91
23 103
23 115
23 121
23 124
23 125
23 138
23 144
23 148
23 150
24 30
24 36
24 40
24 41
24 53
24 63
24 66
24 68
24 71
24 72
24 83
24 93
24 109
24 129
24 143
24 147
25 34
25 35
25 51
25 59
25 61
25 75
25 88
25 89
25 90
25 97
25 102
25 106
25 112
25 124
25 127
25 135
25 146
26 29
26 36
26 40
26 54
26 56
26 59
26 64
26 74
26 86
26 93
26 103
26 107
26 111
26 112
26 129
26 134
26 137
26 144
26 145
26 150
27 35
27 49
27 52
27 60
27 64
27 71
27 72
27 73
27 84
27 98
27 101
27 121
27 127
27 129
27 132
27 133
27 138
27 139
27 141
28 38
28 46
28 47
28 48
28 66
28 70
28 72
28 83
28 91
28 96
28 98
28 106
28 120
28 130
28 131
28 132
28 134
28 147
28 148
29 30
29 32
29 33
29 45
29 48
29 57
29 62
29 70
29 85
29 92
29 93
29 99
29 105
29 109
29 116
29 117
29 122
29 130
29 133
29 136
29 140
30 32
30 35
30 37
30 45
30 48
30 55
30 71
30 76
30 83
30 85
30 91
30 97
30 101
30 103
30 109
30 112
30 124
30 129
30 130
30 137
30 149
31 41
31 46
31 47
31 54
31 66
31 68
31 73
31 76
31 80
31 82
31 84
31 87
31 107
31 116
31 122
31 124
31 142
31 149
32 38
32 40
32 44
32 48
32 54
32 56
32 61
32 63
32 73
32 99
32 103
32 105
32 115
32 118
32 129
32 149
32 150
33 37
33 42
33 49
33 55
33 58
33 67
33 74
33 87
33 107
33 109
33 111
33 112
33 119
33 123
33 128
33 132
33 139
33 150
34 36
34 37
34 41
34 42
34 46
34 47
34 53
34 65
34 74
34 92
34 93
34 95
34 96
34 105
34 116
34 124
34 128
34 136
34 139
35 37
35 38
35 55
35 58
35 65
35 66
35 69
35 75
35 86
35 91
35 92
35 98
35 103
35 107
35 113
35 117
35 121
35 123
35 129
35 137
35 138
35 139
35 140
35 145
36 43
36 47
36 50
36 71
36 75
36 84
36 86
36 91
36 97
36 119
36 123
36 125
36 140
36 148
36 150
37 40
37 49
37 50
37 56
37 58
37 70
37 71
37 73
37 90
37 95
37 97
37 107
37 112
37 120
37 121
37 122
37 125
37 130
38 43
38 47
38 56
38 61
38 63
38 66
38 68
38 77
38 80
38 81
38 91
38 98
38 104
38 123
38 125
38 128
38 150
39 44
39 56
39 71
39 72
39 86
39 90
39 94
39 99
39 108
39 113
39 133
39 140
40 57
40 59
40 71
40 82
40 83
40 84
40 85
40 89
40 97
40 109
40 111
40 120
40 122
40 125
40 129
40 131
40 133
40 138
40 139
40 145
41 47
41 48
41 50
41 58
41 66
41 67
41 68
41 69
41 70
41 72
41 75
41 76
41 77
41 84
41 96
41 105
41 113
41 114
41 116
41 120
41 121
41 122
41 123
41 125
41 128
41 132
41 133
41 134
41 141
41 145
41 149
42 46
42 47
42 49
42 55
42 71
42 85
42 88
42 114
42 115
42 132
42 149
43 44
43 45
43 49
43 72
43 76
43 81
43 84
43 88
43 96
43 99
43 103
43 104
43 115
43 120
43 125
43 127
43 131
43 132
44 47
44 48
44 52
44 58
44 60
44 74
44 76
44 82
44 89
44 92
44 93
44 94
44 97
44 111
44 115
44 124
44 127
44 128
44 129
44 138
44 142
45 47
45 49
45 56
45 59
45 62
45 66
45 67
45 84
45 89
45 97
45 99
45 101
45 105
45 114
45 118
45 119
45 120
45 121
45 122
45 127
45 134
45 137
46 47
46 54
46 56
46 62
46 65
46 69
46 86
46 89
46 92
46 93
46 101
46 107
46 114
46 117
46 140
47 53
47 55
47 64
47 65
47 71
47 74
47 78
47 79
47 80
47 94
47 103
47 109
47 111
47 124
47 128
47 134
47 138
47 149
48 55
48 60
48 61
48 64
48 69
48 80
48 82
48 83
48 86
48 89
48 94
48 95
48 104
48 105
48 106
48 118
48 120
48 137
48 138
49 58
49 68
49 72
49 77
49 78
49 85
49 86
49 89
49 98
49 100
49 101
49 104
49 107
49 109
49 110
49 111
49 112
49 113
49 116
49 123
49 130
49 137
49 139
49 143
49 150
50 51
50 53
50 54
50 59
50 65
50 67
50 68
50 77
50 83
50 107
50 111
50 115
50 116
50 117
50 128
50 131
50 136
50 139
50 142
50 149
51 62
51 84
51 87
51 102
51 105
51 106
51 117
51 127
51 131
51 133
51 138
51 139
51 142
51 146
52 55
52 58
52 64
52 67
52 91
52 103
52 105
52 108
52 110
52 112
52 115
52 135
52 142
52 144
52 145
53 54
53 65
53 73
53 76
53 79
53 86
53 97
53 106
53 112
53 114
53 116
53 120
53 124
53 131
53 143
53 144
53 148
54 56
54 57
54 78
54 79
54 96
54 104
54 108
54 109
54 122
54 129
54 132
54 138
55 56
55 79
55 98
55 100
55 101
55 110
55 112
55 116
55 123
55 125
55 130
55 141
55 149
56 79
56 93
56 95
56 105
56 107
56 108
56 109
56 112
56 117
56 118
56 122
56 126
56 142
56 144
57 70
57 71
57 75
57 88
57 89
57 101
57 107
57 119
57 122
57 123
57 128
57 132
57 143
57 148
58 65
58 67
58 76
58 77
58 80
58 81
58 82
58 84
58 85
58 93
58 99
58 102
58 104
58 105
58 113
58 119
58 122
58 130
58 142
58 150
59 65
59 67
59 72
59 75
59 89
59 99
59 100
59 101
59 102
59 110
59 112
59 132
59 136
59 147
60 65
60 67
60 75
60 76
60 83
60 90
60 105
60 108
60 114
60 118
60 123
60 133
60 135
60 138
60 149
61 65
61 78
61 79
61 82
61 87
61 98
61 101
61 106
61 112
61 116
61 117
61 119
61 125
61 138
62 73
62 80
62 81
62 83
62 92
62 93
62 95
62 96
62 97
62 110
62 114
62 119
62 122
62 137
63 82
63 89
63 101
63 104
63 108
63 114
63 116
63 127
63 147
63 148
64 75
64 86
64 88
64 90
64 94
64 97
64 101
64 105
64 120
64 134
64 135
64 148
65 67
65 96
65 117
65 121
65 125
65 131
65 136
65 141
66 70
66 75
66 76
66 79
66 83
66 90
66 92
66 94
66 99
66 100
66 103
66 106
66 108
66 111
66 134
66 145
66 149
66 150
67 73
67 88
67 89
67 102
67 105
67 107
67 115
67 116
67 131
67 142
67 143
67 144
68 70
68 77
68 80
68 81
68 90
68 94
68 100
68 102
68 120
68 121
68 128
68 131
68 132
68 133
68 146
69 74
69 76
69 79
69 80
69 88
69 110
69 117
69 118
69 127
69 133
69 138
69 148
70 75
70 77
70 78
70 96
70 98
70 102
70 106
70 111
70 126
70 130
70 134
70 139
70 140
71 75
71 85
71 99
71 114
71 116
71 132
71 135
71 142
71 150
72 109
72 110
72 111
72 112
72 113
72 132
72 138
72 142
72 149
73 78
73 83
73 96
73 105
73 118
73 126
73 136
73 137
73 139
74 80
74 88
74 94
74 101
74 102
74 108
74 115
74 124
74 133
74 139
74 140
74 145
74 146
75 84
75 106
75 115
75 137
75 148
76 78
76 93
76 94
76 101
76 111
76 112
76 113
76 126
76 132
76 144
76 149
77 81
77 89
77 103
77 108
77 115
77 116
77 122
77 130
77 134
77 135
77 136
77 144
78 79
78 85
78 95
78 103
78 104
78 106
78 107
78 141
78 142
78 147
78 150
79 84
79 88
79 90
79 92
79 95
79 102
79 103
79 120
79 130
79 132
79 146
79 150
80 86
80 97
80 98
80 101
80 103
80 108
80 109
80 116
80 118
80 138
80 139
80 141
81 88
81 89
81 93
81 96
81 99
81 105
81 128
81 130
81 133
81 148
82 88
82 89
82 92
82 103
82 107
82 110
82 112
82 118
82 119
82 127
82 130
82 135
82 138
82 145
83 84
83 85
83 88
83 97
83 100
83 103
83 121
83 130
83 142
83 145
83 148
84 85
84 86
84 107
84 108
84 118
84 120
84 124
84 137
84 145
84 149
84 150
85 94
85 97
85 103
85 113
85 122
85 128
85 130
85 141
85 142
85 143
85 144
86 90
86 91
86 108
86 112
86 116
86 125
86 129
87 95
87 107
87 108
87 117
87 118
87 124
87 130
87 134
87 147
88 97
88 100
88 113
88 114
88 117
88 118
88 123
88 125
88 130
88 131
88 133
88 134
88 135
88 138
89 101
89 102
89 103
89 110
89 127
89 131
89 133
89 135
89 147
89 148
89 150
90 99
90 105
90 106
90 110
90 118
90 130
91 94
91 100
91 102
91 105
91 109
91 120
91 121
91 128
91 135
91 137
91 145
91 146
92 93
92 95
92 98
92 105
92 114
92 117
92 121
92 124
92 128
93 103
93 104
93 110
93 145
94 102
94 109
94 111
94 115
94 120
94 129
94 138
94 142
94 149
94 150
95 103
95 104
95 110
95 119
95 129
95 133
95 141
95 143
95 149
96 97
96 99
96 101
96 103
96 114
96 116
96 117
96 128
96 129
96 133
96 137
96 139
96 141
96 146
96 150
97 99
97 103
97 105
97 110
97 135
97 142
97 148
97 149
98 104
98 113
98 117
98 123
98 124
98 126
98 132
98 133
98 136
98 138
98 140
98 141
98 146
99 100
99 107
99 128
99 136
100 101
100 103
100 105
100 109
100 111
100 124
100 129
100 133
100 141
100 142
100 143
101 105
101 113
101 119
101 124
101 126
101 137
101 138
101 140
101 143
102 105
102 108
102 113
102 115
102 135
102 137
102 138
102 140
103 104
103 105
103 107
103 110
103 111
103 118
103 126
103 132
103 148
104 113
104 119
104 121
104 132
104 146
104 149
105 108
105 135
105 140
105 146
106 114
106 117
106 129
106 137
106 139
106 140
106 145
107 110
107 114
107 115
107 124
107 125
107 128
107 138
107 139
107 141
107 145
107 147
108 116
108 125
108 130
108 133
108 134
108 142
108 144
108 147
108 150
109 128
109 130
109 132
109 133
109 141
109 143
110 116
110 119
110 127
110 130
110 132
110 136
111 116
111 121
111 124
111 127
111 142
111 149
112 120
112 133
112 138
112 144
113 117
113 148
113 150
114 116
114 120
114 122
114 124
114 125
114 133
114 134
114 137
114 140
114 146
114 150
115 116
115 117
115 118
115 120
115 121
115 122
115 131
115 132
115 133
115 135
115 138
115 141
115 142
115 144
116 138
116 139
117 121
117 128
117 137
117 141
117 144
117 147
117 150
118 130
118 140
118 141
118 146
118 149
119 123
119 132
120 126
120 127
120 132
120 136
120 140
120 147
121 138
121 141
121 142
121 144
121 146
121 148
121 149
122 125
123 127
123 140
123 149
123 150
124 126
124 129
124 130
124 142
124 146
125 129
125 139
125 143
125 147
125 148
126 141
126 149
127 128
127 130
127 136
127 149
127 150
128 130
128 137
128 140
128 146
128 147
129 132
129 138
129 142
129 148
129 150
130 133
130 147
131 133
132 133
132 137
133 136
133 143
133 148
134 135
134 147
135 136
135 145
135 148
136 147
136 149
137 141
137 148
138 148
139 141
139 142
140 141
141 142
141 147
142 143
144 148
144 150
145 147
146 149
