200 1592 1000

14 56 58 29 64 30 73 110 38 16
104 51 11 80 18 70 79 105 80 93
18 105 93 105 106 73 26 52 71 81
11 62 91 68 106 92 107 97 68 16
47 80 54 65 66 62 41 74 75 103
42 73 80 98 46 30 20 92 81 71
108 103 110 106 50 82 27 57 54 78
19 95 58 51 63 97 70 49 69 18
61 30 12 52 40 28 44 37 41 33
57 85 68 23 36 11 69 103 78 96
17 45 62 49 99 61 74 39 91 42
98 28 19 61 41 102 82 22 64 97
19 58 97 64 90 76 13 108 90 109
50 63 75 71 25 80 30 63 80 48
32 27 88 65 16 91 13 64 102 17
67 28 25 12 61 75 47 30 93 78
76 13 32 28 109 16 32 64 36 27
48 87 94 12 50 69 40 94 85 81
107 56 99 12 87 96 82 83 110 82
67 97 27 11 63 14 74 51 38 75

4 46 48 19 54 20 63 100 28 6
94 41 1 70 8 60 69 95 70 83
8 95 83 95 96 63 16 42 61 71
1 52 81 58 96 82 97 87 58 6
37 70 44 55 56 52 31 64 65 93
32 63 70 88 36 20 10 82 71 61
98 93 100 96 40 72 17 47 44 68
9 85 48 41 53 87 60 39 59 8
51 20 2 42 30 18 34 27 31 23
47 75 58 13 26 1 59 93 68 86
7 35 52 39 89 51 64 29 81 32
88 18 9 51 31 92 72 12 54 87
9 48 87 54 80 66 3 98 80 99
40 53 65 61 15 70 20 53 70 38
22 17 78 55 6 81 3 54 92 7
57 18 15 2 51 65 37 20 83 68
66 3 22 18 99 6 22 54 26 17
38 77 84 2 40 59 30 84 75 71
97 46 89 2 77 86 72 73 100 72
57 87 17 1 53 4 64 41 28 65

0 0 0 0 0 0 0 0 0 0 0 0 0 24 0 0 0 0 0 0 45 8 0 0 0 2 0 0 27 20 0 0 0 0 0 0 11 0 0 0 0 26 0 0 0 0 0 0 3 48 0 0 0 0 0 0 41 0 0 13 0 35 0 37 0 0 0 0 0 0 0 8 0 0 0 0 0 0 0 0 0 0 1 0 0 0 0 0 3 42 0 13 20 0 31 0 0 0 30 0 0 0 0 7 12 0 14 0 0 37 4 0 0 0 0 0 38 0 0 21 0 23 25 0 30 0 0 0 0 0 0 0 25 0 2 16 0 8 0 0 0 11 0 0 0 0 0 0 0 0 0 2 0 0 0 6 0 0 38 0 0 0 0 0 0 0 0 0 0 0 0 0 0 0 31 12 0 0 0 0 0 7 0 0 46 0 4 26 0 0 0 0 0 41 0 10 0 0 0 
0 0 0 3 0 0 0 0 0 0 0 0 0 0 0 0 18 0 4 0 33 0 0 0 0 31 0 0 0 0 24 33 1 0 0 0 0 0 0 0 0 10 0 0 0 0 0 0 0 0 0 0 2 0 0 0 0 0 31 0 0 0 0 42 0 0 18 4 0 0 0 0 0 0 0 49 35 0 8 0 0 0 0 15 0 0 0 0 0 0 0 0 0 0 0 0 15 0 0 0 0 0 0 11 0 49 0 0 43 0 0 0 0 26 0 0 4 0 0 0 0 0 0 0 0 0 0 0 0 0 0 0 0 42 0 0 0 0 0 0 0 0 32 0 0 0 46 49 0 0 0 0 0 0 0 4 0 0 0 0 43 25 0 0 0 47 0 0 31 0 0 0 0 0 8 0 0 0 13 0 24 0 0 0 0 26 0 0 39 0 0 0 0 6 0 0 21 0 
11 0 0 0 0 0 0 0 36 0 0 5 46 0 0 9 0 25 0 0 19 33 0 50 46 0 0 40 0 0 0 0 0 0 0 0 0 0 0 0 0 0 0 0 0 0 0 0 0 22 0 0 0 43 0 0 0 0 0 44 0 0 0 0 0 0 0 0 0 0 0 0 0 0 0 0 11 0 0 0 16 24 0 0 0 28 0 0 0 0 42 0 0 0 0 32 0 0 0 0 0 0 26 0 0 0 0 0 0 0 0 40 0 0 0 0 0 0 0 35 34 0 0 0 0 0 6 0 49 38 0 0 0 0 23 0 17 0 0 0 0 0 0 0 0 0 0 0 0 0 0 0 0 0 0 0 3 0 0 48 0 0 0 0 0 0 0 16 0 0 0 0 0 0 42 0 5 0 0 0 0 34 22 13 26 0 0 0 0 0 0 28 0 0 31 46 32 
0 26 0 0 0 6 40 0 19 0 0 0 27 0 0 0 20 0 0 0 0 0 0 46 6 0 0 0 0 0 45 0 0 0 0 0 0 0 0 23 0 0 0 6 0 0 0 0 0 0 27 0 0 0 0 0 0 0 8 0 0 0 0 0 48 0 39 0 0 0 0 0 0 14 0 0 45 35 36 0 0 20 0 0 0 0 0 0 0 0 0 0 0 41 27 0 0 0 0 0 0 0 0 0 0 0 5 0 0 0 0 44 1 15 0 0 0 0 0 0 0 0 0 29 0 0 0 0 14 0 0 0 0 0 0 0 0 0 0 46 0 0 0 0 0 0 20 0 0 0 0 0 6 0 0 0 0 3 0 0 0 0 0 25 0 0 35 31 0 0 0 0 0 0 0 16 0 0 0 24 0 0 0 0 0 25 0 1 13 0 11 0 0 0 0 0 
0 20 0 0 0 0 0 0 0 0 0 0 0 0 0 0 0 0 0 0 0 0 0 0 0 0 0 0 49 0 0 0 0 0 0 0 0 0 0 0 0 0 0 0 0 5 27 0 0 0 47 10 0 0 0 34 0 0 0 0 0 0 0 16 0 0 0 0 0 11 0 0 42 0 0 0 47 18 0 0 0 0 0 0 22 0 0 0 0 11 0 0 0 0 0 23 0 0 0 0 0 0 0 0 12 37 0 0 22 41 0 0 0 0 0 0 0 0 0 0 11 0 2 0 0 0 0 0 0 0 0 3 23 24 0 0 0 0 0 24 0 42 0 0 0 0 0 25 0 0 0 0 0 0 12 0 0 19 0 0 0 0 0 0 33 0 0 0 0 0 0 18 41 0 41 0 0 0 0 0 0 42 0 40 0 0 0 0 23 24 0 0 0 0 0 
0 0 0 0 0 0 49 17 8 0 28 0 0 0 0 0 0 0 0 0 0 0 0 0 0 29 0 0 0 0 0 0 0 0 26 0 0 0 0 37 6 6 0 46 37 0 28 41 0 0 15 0 0 0 3 0 32 0 0 19 0 0 0 33 0 0 0 0 0 0 0 0 0 0 40 0 0 0 0 48 0 0 0 0 22 0 9 0 0 8 0 0 19 0 0 0 11 0 0 0 0 0 0 0 0 0 0 0 38 0 0 0 0 0 0 29 14 0 0 10 0 0 0 0 39 0 0 0 0 0 5 0 0 0 0 0 0 0 2 0 8 0 40 0 0 0 9 0 0 0 29 0 0 0 0 37 0 35 0 0 0 0 0 0 0 0 0 0 0 0 17 0 0 0 0 0 32 0 0 0 0 0 0 0 0 0 9 0 0 0 0 22 0 18 
0 0 33 34 0 0 20 0 0 0 35 21 6 11 12 13 0 0 0 0 0 21 49 0 41 0 0 0 0 39 0 7 0 0 0 47 0 42 0 1 0 0 0 0 0 0 0 0 0 0 0 0 0 0 0 0 0 0 0 0 0 35 10 0 0 0 0 0 0 0 0 35 0 40 0 0 0 0 0 0 0 0 0 0 0 0 0 0 0 0 0 0 0 0 0 0 47 0 0 0 31 0 0 14 0 0 0 0 0 0 0 0 0 0 33 0 0 0 0 47 0 7 0 0 0 21 0 0 0 0 18 0 0 0 0 0 0 0 0 35 0 41 0 0 0 0 0 0 0 0 0 0 20 0 0 0 0 0 0 0 0 0 0 0 0 0 0 0 0 0 0 0 0 0 48 0 0 3 0 0 0 0 0 0 0 20 5 0 0 0 0 0 0 
20 0 0 0 0 0 25 7 0 0 0 0 0 0 28 0 0 0 0 0 20 0 26 0 0 0 0 0 40 28 19 34 0 0 0 3 24 0 9 0 0 0 43 0 0 0 41 0 0 0 0 0 0 0 0 0 0 0 18 0 0 0 0 0 0 0 0 0 0 0 0 0 0 0 0 0 0 0 0 0 0 0 0 0 0 0 0 12 0 0 0 0 0 0 0 0 0 0 0 0 1 0 0 0 0 0 0 0 0 33 0 48 29 24 0 0 0 4 46 0 0 38 0 0 5 0 0 0 0 0 0 0 0 0 0 0 0 0 0 0 0 0 0 0 0 0 0 0 0 0 0 0 0 0 0 37 15 0 0 0 17 0 0 0 0 0 0 0 0 0 0 0 0 0 3 0 0 0 18 0 0 0 0 0 0 0 0 0 0 0 40 0 
0 0 0 26 0 0 43 0 0 0 0 0 0 0 0 0 0 0 0 0 0 0 0 0 0 0 0 0 30 19 24 0 0 0 39 0 48 0 0 0 0 23 0 0 0 0 0 0 0 0 21 0 0 0 0 0 0 5 0 50 10 0 10 0 15 0 0 0 0 0 0 7 0 0 0 44 44 0 0 0 0 0 0 0 0 25 10 0 0 25 0 0 0 0 44 0 0 0 0 0 0 0 0 0 0 0 0 0 0 0 0 38 27 39 0 0 0 0 0 41 0 0 5 0 0 0 0 14 0 0 0 0 0 0 0 23 0 26 0 0 0 0 0 0 44 0 32 0 0 0 0 0 0 0 0 0 0 0 0 28 0 0 0 0 33 42 0 0 40 41 0 0 0 0 0 0 42 0 0 0 0 0 0 0 0 0 0 0 0 0 0 
0 11 0 0 0 0 0 0 0 0 48 14 12 0 0 0 0 0 8 0 10 16 17 0 0 0 0 16 0 0 0 0 0 44 0 0 0 0 0 0 0 0 0 0 48 0 0 0 47 0 0 0 0 0 0 0 37 0 0 33 0 0 0 0 0 0 0 0 0 0 0 0 0 28 0 0 0 0 0 0 0 0 0 0 47 0 0 0 0 0 0 26 0 3 0 0 0 0 0 0 37 0 5 0 0 0 31 0 0 32 0 0 0 0 0 0 0 0 0 0 0 0 0 42 0 14 0 0 0 6 10 20 0 11 0 0 0 0 0 0 0 0 0 0 0 0 0 0 0 37 0 0 0 0 0 23 0 49 0 0 18 0 0 0 0 0 0 0 23 0 0 0 0 46 3 35 0 0 0 0 0 0 0 0 0 0 0 31 0 0 
0 0 0 0 0 0 0 0 0 0 0 0 0 0 0 0 0 0 0 0 0 0 17 0 0 0 0 0 0 0 9 0 0 25 48 0 0 23 0 0 0 0 0 0 3 0 7 49 0 0 0 0 0 0 0 0 0 0 38 0 20 0 0 11 0 0 0 0 0 29 0 0 0 0 0 0 0 0 0 0 0 3 21 0 0 45 0 48 0 0 0 0 0 0 5 0 0 48 0 35 0 0 0 0 0 0 19 0 0 10 0 0 2 0 25 0 0 0 0 0 0 0 0 0 20 0 0 0 24 0 0 0 0 0 0 0 2 0 0 36 0 0 0 0 0 0 0 0 0 45 0 0 2 39 0 0 0 0 0 0 0 0 22 17 0 0 0 0 0 23 0 10 1 0 13 0 0 32 0 34 0 0 4 0 16 0 0 0 0 
0 8 47 0 0 0 23 0 0 0 0 0 0 0 11 0 0 0 0 0 14 0 3 0 0 25 0 0 0 0 0 0 0 0 15 0 0 0 0 0 21 0 0 27 0 0 0 0 0 0 44 0 0 0 0 32 0 0 32 0 0 0 9 14 0 0 16 0 0 43 0 23 0 0 0 0 0 0 0 0 14 0 3 0 0 0 0 0 0 0 35 0 0 0 0 0 0 0 0 0 0 0 0 0 0 0 0 2 0 0 0 22 0 4 0 0 0 38 0 0 0 12 0 0 0 0 0 0 0 0 0 0 4 30 0 6 0 12 0 0 0 31 0 0 32 0 5 0 40 0 0 0 0 0 0 0 0 31 0 0 39 0 0 0 0 0 30 0 0 11 0 0 0 24 0 0 0 0 0 0 0 24 0 0 0 0 0 0 
0 41 0 0 0 0 0 24 20 8 0 0 0 0 18 0 0 0 0 0 0 0 27 0 30 34 0 18 0 26 0 20 40 0 0 0 0 0 0 0 0 0 0 11 0 0 0 0 0 0 0 0 0 0 0 14 0 0 0 0 0 0 0 0 0 34 46 0 0 29 0 33 0 0 14 0 0 0 0 0 0 0 44 0 0 0 0 0 0 33 11 1 0 0 0 0 3 0 2 0 0 0 0 0 0 1 23 0 32 0 0 27 0 0 28 29 0 0 0 0 44 45 9 0 0 22 7 0 0 0 0 0 0 0 0 0 0 0 0 0 0 0 0 0 0 0 0 0 0 0 0 0 0 26 24 18 0 0 0 0 0 0 0 0 0 0 0 0 0 0 0 12 0 28 43 0 0 0 1 0 0 0 0 0 42 0 0 
27 42 0 0 0 0 9 44 0 0 0 0 22 0 0 3 0 33 0 0 26 21 0 0 0 0 2 0 22 0 0 0 0 0 0 0 0 0 0 24 43 0 0 0 2 0 20 0 0 42 0 0 0 40 0 0 0 0 0 0 0 50 0 50 0 0 0 0 0 0 0 0 0 0 0 0 0 0 26 0 0 0 0 8 0 0 23 40 0 0 0 0 0 0 0 0 0 0 0 18 0 0 0 14 0 0 0 25 0 0 0 0 0 0 0 0 5 0 23 0 0 26 0 0 0 0 0 28 0 0 0 35 26 0 0 0 40 0 0 0 29 20 0 0 0 0 0 0 0 0 0 0 0 0 0 0 0 2 0 0 0 0 0 0 0 0 0 0 0 0 0 0 34 0 0 0 0 4 0 35 4 36 0 0 0 44 
15 0 0 0 0 0 0 0 0 0 0 0 0 0 0 0 8 0 0 0 0 0 22 0 0 0 0 0 0 0 42 0 0 0 0 0 9 0 0 0 0 42 0 2 23 0 0 0 0 0 0 0 49 0 0 0 0 0 29 0 0 0 0 0 0 0 0 0 18 0 0 0 11 0 0 0 31 0 0 0 0 0 0 0 0 27 0 0 0 0 0 0 0 0 32 0 0 0 0 49 0 0 50 12 0 0 38 0 0 0 37 0 0 0 0 0 0 6 0 0 0 0 0 26 0 0 0 0 0 0 0 0 0 0 0 0 0 6 0 0 0 0 0 0 0 0 0 0 36 0 0 0 0 0 22 0 0 0 0 0 0 0 0 0 0 0 0 0 0 42 0 0 0 0 0 0 30 0 0 0 27 45 0 0 0 
0 0 0 0 14 0 20 0 0 0 0 0 0 0 0 0 0 0 22 0 0 13 0 0 0 0 34 0 0 0 50 48 0 0 0 5 0 37 0 0 0 0 0 0 0 0 0 0 0 0 0 0 19 0 0 36 12 48 0 0 5 0 0 0 0 0 17 0 0 0 0 0 0 0 22 0 15 0 4 0 0 0 0 0 0 0 0 0 0 0 0 0 0 0 0 0 0 0 0 40 0 0 0 0 0 0 0 0 0 46 30 0 0 0 0 0 9 0 20 0 0 0 0 0 0 0 0 30 0 0 0 9 0 0 0 0 0 0 0 0 0 0 0 0 0 0 19 0 0 0 0 0 0 0 50 0 0 0 0 0 0 0 0 0 0 0 0 40 0 0 0 0 0 0 0 0 0 39 0 0 48 0 0 37 
0 0 50 0 0 0 0 0 0 0 0 0 0 0 0 0 0 0 0 0 0 0 0 0 0 40 45 0 0 0 0 0 15 0 0 0 0 0 0 0 20 0 0 0 0 0 0 20 0 0 20 0 0 38 12 0 0 0 0 0 23 0 0 19 0 0 0 0 0 0 0 0 0 0 0 26 0 0 0 0 0 0 0 6 0 0 0 48 0 0 0 24 0 0 0 0 0 0 32 0 0 0 0 0 0 0 0 39 0 39 0 0 37 0 0 0 0 0 0 0 0 30 0 0 0 0 0 0 11 0 0 0 0 0 0 0 0 27 31 0 0 7 0 0 0 0 0 9 0 35 0 0 0 0 42 0 27 9 0 5 0 0 0 0 0 0 0 0 0 0 0 0 0 0 0 0 0 0 0 0 0 27 0 
0 14 0 0 0 0 0 46 0 0 0 0 39 0 0 0 0 0 0 0 0 0 0 0 0 0 0 47 32 0 0 0 20 0 40 0 0 0 0 38 0 0 21 0 0 32 0 0 0 0 0 0 14 0 0 0 9 0 0 0 48 0 0 45 0 0 0 0 0 0 0 0 0 0 4 10 0 0 0 0 0 0 0 33 20 0 0 0 0 0 0 45 0 0 0 0 0 0 0 0 0 0 0 0 0 13 0 49 0 0 0 0 0 27 1 0 0 0 37 0 36 0 0 0 15 28 0 0 0 29 21 13 0 0 0 0 37 42 0 0 0 0 0 41 0 0 0 0 16 0 0 0 31 0 0 0 0 0 0 0 33 0 0 0 0 0 0 0 26 0 0 0 0 0 0 12 0 0 0 0 45 0 
0 0 0 0 4 0 32 0 13 0 29 3 0 0 0 0 26 12 39 0 0 0 0 0 0 0 0 30 0 0 0 0 0 0 0 0 0 0 33 26 0 0 0 4 0 0 0 0 0 0 0 0 2 0 0 0 0 0 39 0 28 0 0 0 0 0 0 9 44 0 0 26 0 0 0 25 0 0 0 0 0 0 38 0 0 0 0 45 0 0 0 0 41 0 0 0 35 0 0 0 0 0 0 0 0 0 0 0 50 0 0 0 0 0 0 0 40 0 0 26 16 0 0 0 0 0 0 0 0 0 0 0 35 0 16 0 0 0 0 0 21 0 0 0 0 0 0 0 0 0 0 0 0 25 48 0 0 34 0 0 0 0 0 50 7 5 0 0 0 0 41 0 0 19 0 23 0 26 0 0 0 
5 39 44 0 0 0 0 0 32 0 0 25 0 0 0 0 0 0 0 0 0 43 0 0 28 0 0 0 0 0 0 27 0 27 0 0 0 0 0 0 0 0 0 0 0 0 5 20 0 0 0 0 0 19 0 0 0 0 39 0 0 0 0 0 11 0 0 0 0 0 0 0 0 17 0 0 0 0 9 0 0 0 0 0 0 0 0 0 20 0 0 0 0 0 0 0 0 0 0 0 29 0 0 0 0 0 0 0 0 0 0 4 0 0 0 31 0 45 0 15 30 0 39 0 32 0 0 0 0 0 33 0 0 0 0 0 4 0 0 20 0 0 0 9 0 0 13 15 41 30 24 24 5 4 0 0 0 0 0 0 0 47 0 0 36 0 0 0 0 0 0 0 0 0 0 0 0 42 0 0 
0 0 0 0 0 0 0 0 26 0 0 0 30 0 18 0 0 0 47 45 0 0 0 11 0 0 0 0 33 0 0 0 0 0 0 17 0 0 0 0 0 0 0 21 0 21 4 0 0 0 0 0 0 0 0 0 0 0 0 0 39 0 0 0 0 0 0 0 0 0 0 0 0 0 24 0 43 10 22 0 0 0 22 0 0 0 0 0 8 0 16 0 25 0 46 38 0 0 0 0 0 0 0 13 0 0 47 0 0 33 0 0 0 0 0 0 0 0 0 0 0 41 0 0 0 31 31 0 0 40 46 0 28 0 0 0 0 36 0 0 0 0 0 0 0 0 0 36 26 0 0 11 0 0 8 0 0 43 12 0 0 0 4 0 0 0 0 0 0 0 44 0 0 0 0 0 0 0 0 
0 0 30 29 0 22 0 0 0 0 0 0 35 0 0 0 18 0 0 0 43 0 50 0 0 0 36 0 0 0 1 49 0 0 40 0 37 0 0 4 0 0 0 1 0 18 0 0 0 0 0 0 0 0 0 0 0 0 0 0 0 0 0 0 0 42 0 0 0 0 0 5 0 0 0 0 18 0 0 0 0 19 0 0 0 0 21 0 0 0 0 0 0 0 0 0 0 0 0 2 0 0 0 33 0 0 43 48 16 0 6 0 0 0 0 11 0 48 0 16 0 0 0 0 0 0 0 0 0 0 0 22 0 0 0 0 0 29 0 0 0 0 0 0 0 0 0 13 0 0 0 0 0 0 0 0 44 0 0 19 0 0 0 0 0 0 0 0 0 4 0 0 0 0 0 0 13 0 
0 30 0 0 0 12 0 0 0 0 0 19 0 0 8 0 40 0 10 0 0 0 23 0 12 0 0 0 0 39 0 0 0 0 0 34 0 30 0 0 0 30 24 31 0 45 0 0 0 22 0 0 0 0 0 0 22 0 0 0 0 0 0 0 0 0 0 44 9 40 0 0 0 20 44 0 30 45 0 0 0 0 0 47 26 0 0 0 0 10 0 0 0 0 40 0 0 0 0 0 0 43 0 0 0 0 0 0 0 0 0 0 0 0 0 0 0 0 0 0 0 0 0 0 0 0 0 0 36 0 0 41 0 21 18 0 0 0 0 0 0 0 0 0 0 43 0 0 4 0 0 0 0 0 0 0 25 0 0 0 0 5 0 33 23 0 0 0 0 0 0 0 0 0 0 0 0 
34 0 0 0 0 0 0 1 0 0 6 0 0 0 47 0 0 0 0 0 0 0 33 0 0 0 0 0 0 0 31 0 0 0 0 0 0 3 28 0 0 0 21 0 5 0 0 36 0 0 0 0 0 0 0 16 21 0 0 0 0 0 0 43 32 0 0 43 47 0 29 0 0 0 0 2 0 0 0 0 0 0 0 0 0 0 0 0 1 0 0 0 3 43 0 0 0 0 0 0 0 0 0 0 0 0 0 0 0 0 0 0 0 0 0 0 0 47 0 0 0 0 0 0 17 0 0 48 0 17 37 0 0 0 13 0 0 16 0 28 0 0 0 0 48 0 0 0 0 0 0 16 0 0 0 0 0 0 0 0 49 0 0 0 0 0 0 0 0 7 0 0 0 0 0 38 
6 9 0 37 0 25 0 0 0 0 49 0 40 16 3 0 0 0 0 0 0 0 0 14 0 0 0 22 0 0 0 0 0 0 7 0 0 0 0 0 0 0 48 0 25 0 18 0 0 0 0 0 0 0 0 0 0 0 5 8 9 0 0 0 0 0 0 0 0 0 44 33 38 0 0 6 13 0 0 0 0 0 0 0 0 37 0 1 0 0 17 0 0 14 16 25 0 0 0 0 0 0 0 0 48 0 32 0 0 0 35 0 0 0 0 0 0 0 0 48 0 0 0 0 0 0 0 0 0 0 0 25 0 0 0 0 0 35 41 0 0 0 0 0 43 0 0 38 0 0 0 0 37 0 24 0 0 1 0 0 0 0 0 12 0 0 0 0 0 6 0 0 0 4 0 
43 7 0 44 0 0 0 0 0 0 0 0 0 0 24 16 0 0 0 28 0 0 0 0 0 0 0 0 0 4 0 0 0 0 0 0 0 0 0 0 0 0 0 0 0 0 0 0 0 0 0 39 0 33 10 0 41 2 0 0 28 0 0 0 24 0 0 0 0 0 0 19 6 0 0 0 0 0 29 0 0 0 0 13 0 0 0 0 20 0 0 22 0 0 0 0 0 16 0 0 0 49 0 0 0 0 14 0 0 0 0 0 0 0 0 0 0 0 0 0 0 46 0 0 11 0 0 0 0 45 0 43 0 0 31 0 50 0 24 0 0 0 0 0 0 0 0 0 18 21 0 0 0 0 0 13 31 0 0 0 0 0 0 0 0 0 0 0 38 0 0 0 0 0 
24 0 0 0 0 21 0 0 0 40 17 0 0 0 0 0 0 48 0 0 0 0 0 0 0 22 13 0 18 33 0 0 17 0 30 0 0 0 0 0 0 0 0 38 0 0 0 0 0 0 0 0 0 0 38 0 0 0 0 0 10 27 25 0 14 0 1 10 0 39 0 0 0 0 4 0 0 0 0 0 0 0 38 0 0 0 0 14 0 2 0 0 0 0 0 0 19 0 0 25 0 0 0 0 0 0 0 50 0 0 0 0 0 0 0 0 0 49 0 0 47 0 0 0 35 22 0 0 0 49 0 47 0 0 0 0 0 0 0 0 0 0 45 0 0 31 0 0 0 0 0 40 0 0 0 0 46 0 16 0 0 0 0 0 14 5 0 0 0 31 0 0 0 
0 0 0 0 0 0 0 0 40 47 0 0 0 0 23 0 0 0 0 0 0 0 0 0 29 0 0 0 0 0 0 0 39 0 0 0 0 0 0 0 0 0 0 0 0 0 0 0 0 0 0 0 0 39 0 0 0 0 43 14 4 0 0 0 0 0 0 0 0 0 0 0 0 0 37 28 0 6 34 0 0 0 0 0 0 0 0 0 0 0 0 1 0 26 0 0 0 0 0 2 0 0 0 0 0 0 0 0 0 0 0 8 0 0 0 0 0 0 0 0 0 0 0 0 10 0 0 0 46 0 24 0 0 35 0 0 23 34 0 41 0 0 0 0 0 31 0 0 0 0 0 0 0 0 0 0 0 0 46 42 0 0 0 0 0 0 0 13 0 47 0 23 
0 0 0 0 48 0 0 0 0 0 0 0 0 0 12 0 0 0 0 0 47 9 0 31 0 45 0 0 32 0 0 0 0 0 11 32 0 0 0 16 46 0 0 0 0 0 0 45 0 29 0 50 0 5 0 0 0 0 0 0 0 0 0 0 0 49 0 3 3 0 0 0 0 0 0 0 34 0 0 0 27 0 0 0 0 0 0 0 0 0 1 5 0 0 32 0 0 0 41 8 0 0 0 0 0 48 0 0 0 0 28 20 46 0 11 0 0 0 10 0 25 9 19 39 0 0 0 0 0 0 0 6 34 0 0 0 0 0 0 0 0 20 0 29 0 0 39 0 45 0 0 0 34 29 0 0 0 27 0 0 0 0 22 49 0 0 15 0 0 0 0 
0 0 0 0 0 0 0 23 0 0 0 0 0 0 0 0 0 0 0 35 0 0 44 0 0 0 0 0 0 3 2 0 0 22 0 0 0 0 0 0 0 0 0 0 0 27 0 0 0 0 0 0 0 0 0 8 5 0 0 0 0 0 0 43 1 0 0 0 0 0 10 0 0 0 0 0 0 0 0 0 0 0 0 1 0 0 0 0 0 0 0 0 1 0 27 0 0 0 0 0 0 0 0 0 0 0 0 0 0 47 0 0 17 50 0 0 0 0 26 50 0 0 41 0 0 0 0 29 29 0 0 0 0 0 0 0 0 0 0 10 0 0 0 0 19 0 32 40 0 0 0 0 25 0 0 11 0 0 9 0 34 17 0 0 0 0 0 24 0 0 
0 0 0 0 0 0 0 0 0 0 24 0 0 0 27 0 0 0 2 0 0 0 0 0 0 0 38 50 0 16 0 47 0 0 0 0 26 0 0 34 0 0 0 0 30 0 0 0 42 43 0 0 0 0 0 0 32 0 0 0 0 0 0 0 0 0 0 0 0 47 0 0 24 33 0 0 0 0 32 0 0 0 37 0 0 0 0 21 0 0 0 0 49 0 0 0 0 0 13 0 0 0 0 0 0 0 0 17 0 31 0 0 0 0 0 7 0 0 0 40 0 28 0 0 26 0 0 0 29 0 0 0 0 0 0 19 49 40 0 0 0 45 0 0 0 0 0 40 0 22 0 0 0 0 0 0 0 21 0 0 0 0 23 0 0 0 0 26 39 
0 1 0 0 0 6 0 0 0 0 0 0 0 0 21 0 47 0 0 0 0 0 0 0 0 0 0 0 0 39 0 0 0 0 21 0 0 0 0 0 0 0 6 31 0 0 0 0 0 0 0 18 0 5 0 0 0 0 0 0 0 0 0 43 49 0 0 0 0 16 0 29 0 0 14 0 0 0 29 15 0 0 41 0 0 40 0 0 0 0 0 24 0 0 0 0 0 0 0 0 0 0 0 0 0 28 0 0 24 0 0 2 32 0 0 0 0 0 0 0 0 0 0 0 0 0 1 0 0 19 0 26 45 37 47 48 45 0 0 0 22 0 36 38 0 0 0 6 0 0 0 0 0 0 0 0 0 2 0 0 0 0 27 0 0 28 0 0 
22 35 0 0 0 31 0 0 0 0 0 0 0 0 0 0 5 21 0 0 2 2 0 0 0 0 0 0 0 0 0 0 3 27 0 0 0 0 0 0 0 0 0 7 29 0 0 34 38 0 0 19 0 12 0 0 0 0 0 0 0 0 41 0 0 0 0 0 0 21 0 0 0 0 0 0 26 28 0 0 40 0 9 0 0 0 0 0 0 47 0 0 0 0 0 0 43 0 0 0 0 0 0 13 0 17 0 0 0 0 0 0 0 0 0 42 0 32 50 0 0 0 0 0 0 0 0 0 0 0 0 14 0 0 6 0 0 0 0 0 0 0 0 0 0 0 8 0 0 0 0 27 0 30 0 46 35 25 4 0 0 0 15 0 0 0 0 
0 0 0 0 0 0 0 0 0 0 0 0 0 0 0 0 16 0 0 26 44 0 3 0 0 26 0 0 0 42 0 0 0 0 0 0 0 0 0 0 0 0 3 31 0 0 0 0 0 0 0 0 16 0 38 0 0 0 0 0 0 0 0 0 0 38 0 24 0 0 0 0 0 0 28 0 0 0 0 0 0 0 0 0 0 48 0 0 0 49 0 0 0 0 9 31 0 0 0 0 0 0 25 0 0 0 0 31 34 0 2 9 0 0 41 0 0 0 7 0 0 0 0 15 42 0 0 0 0 12 47 0 49 21 0 0 0 33 0 0 0 35 0 0 37 43 0 0 0 0 0 31 0 0 0 0 0 0 0 0 0 0 0 0 0 22 
0 0 0 0 17 0 19 0 0 0 0 3 13 4 0 0 0 0 0 8 0 45 0 0 0 49 0 0 0 0 0 0 0 45 17 0 0 0 0 0 0 44 0 5 34 0 0 29 0 0 0 3 0 19 0 0 0 0 0 0 0 23 0 0 0 0 0 0 0 0 44 0 0 0 0 1 0 0 0 0 48 0 0 0 44 0 24 0 0 0 0 0 0 0 0 4 0 0 0 0 0 0 0 16 0 0 0 0 0 0 0 0 0 0 0 5 0 0 0 0 15 0 0 0 0 0 49 0 0 3 0 0 0 0 0 26 44 22 0 0 0 0 0 2 0 0 0 0 0 21 0 11 44 0 0 34 0 45 0 0 0 0 0 12 0 
0 32 15 0 0 0 0 0 0 35 0 0 0 46 0 0 0 0 0 0 2 0 10 0 0 0 0 0 0 50 25 0 0 0 0 0 33 0 48 0 1 0 38 45 0 0 0 0 9 0 0 26 0 9 42 0 0 0 0 0 0 0 0 0 0 0 9 0 0 0 0 0 0 16 38 0 39 0 0 6 0 0 0 0 0 0 0 45 0 0 0 0 0 0 0 0 0 35 48 0 0 0 10 0 0 0 0 0 0 27 7 0 0 0 0 0 49 9 32 0 0 0 0 0 0 0 0 0 0 0 0 0 45 0 0 48 0 0 0 0 19 12 0 0 0 0 0 0 0 0 0 42 42 0 19 0 0 0 0 49 0 0 3 0 
0 0 0 0 0 0 0 0 0 0 0 0 0 0 0 0 0 0 0 0 0 0 0 0 0 0 44 0 0 0 0 0 0 0 26 0 0 0 19 0 0 0 0 0 0 0 0 0 0 0 0 0 18 2 0 0 0 2 0 1 0 29 0 19 0 0 0 0 0 0 1 0 0 0 0 0 0 0 0 0 0 0 0 0 12 26 0 0 0 0 0 0 39 0 0 0 0 0 0 0 0 0 0 0 0 0 14 0 30 0 0 0 0 0 0 0 44 0 18 0 0 0 0 0 0 0 0 0 0 10 39 0 15 0 0 28 47 0 0 0 7 0 0 0 24 0 0 0 11 0 0 0 0 0 0 0 0 0 0 0 0 0 0 
0 36 0 0 0 0 0 0 39 0 11 0 0 13 0 0 0 0 0 0 0 0 0 0 0 0 0 0 18 0 0 30 33 0 0 0 29 0 34 41 0 0 48 0 0 5 38 43 0 0 0 0 0 0 0 4 48 0 0 0 0 37 0 15 28 0 18 0 0 0 0 0 0 31 3 0 0 44 0 0 5 0 0 0 0 0 0 0 0 46 0 21 0 19 39 0 0 42 0 0 0 0 0 25 49 32 0 0 0 0 14 0 43 0 25 7 0 0 0 0 23 0 0 1 0 0 0 49 49 45 0 0 0 0 0 0 0 0 0 0 0 3 0 0 0 0 0 0 0 0 0 0 0 0 0 0 0 45 0 0 0 33 
0 44 0 0 22 0 6 0 0 0 0 0 0 0 31 0 0 0 0 43 10 0 0 0 0 0 0 40 0 0 0 0 0 0 40 0 0 0 44 0 0 0 0 0 0 0 0 0 0 25 0 0 0 15 0 1 25 4 0 0 0 0 0 0 0 0 0 0 0 15 0 0 26 0 0 40 0 0 0 0 0 0 0 0 0 0 0 0 0 0 0 0 0 0 49 0 0 0 25 29 0 0 0 0 0 0 0 0 37 0 0 0 0 0 0 28 0 0 0 12 8 0 0 13 0 0 0 18 19 0 0 0 0 0 0 0 24 28 0 0 0 0 2 0 14 0 0 0 36 0 25 0 42 0 0 0 0 22 0 11 0 
0 0 0 0 36 0 0 0 0 0 0 48 0 0 0 0 0 0 40 0 12 0 0 0 0 17 0 27 0 26 0 0 0 0 0 32 3 0 0 0 0 0 3 0 0 50 0 0 0 0 0 0 0 0 0 0 0 0 0 14 0 50 0 0 0 0 0 0 0 0 0 0 0 0 45 0 0 0 24 0 0 0 0 0 0 9 0 0 0 0 7 0 0 29 0 42 0 0 0 0 22 0 0 0 0 0 0 0 0 0 0 0 0 0 31 0 0 0 0 0 0 41 43 0 0 39 38 0 0 0 0 0 0 0 0 0 0 0 0 0 0 0 0 0 0 0 0 0 0 0 0 0 0 0 45 0 0 0 0 0 
0 0 0 0 0 16 0 0 0 0 0 0 0 0 0 0 0 0 0 0 50 0 47 0 0 0 0 0 17 27 0 0 21 0 0 0 0 0 0 0 23 0 0 0 0 0 0 0 6 0 0 0 0 0 0 0 0 0 31 0 0 0 40 0 36 0 0 0 0 0 0 23 0 0 0 0 0 0 0 0 0 22 49 0 46 0 0 0 50 0 0 0 0 38 0 11 0 0 0 0 0 0 0 0 0 0 0 0 0 0 0 0 13 0 0 0 13 0 0 0 0 0 0 0 32 0 0 0 0 22 0 0 0 44 0 0 0 0 0 3 0 0 0 0 27 0 0 0 0 0 32 0 0 0 0 0 0 0 0 
0 0 0 10 30 22 0 0 0 0 33 0 0 0 0 44 0 0 0 50 0 0 0 0 0 30 1 0 0 0 0 0 0 29 0 0 15 0 0 0 0 17 0 0 0 0 0 0 0 6 0 0 0 0 0 0 0 0 35 0 0 0 0 0 0 0 0 0 0 0 0 10 0 0 30 0 0 0 43 28 0 0 0 0 0 0 0 0 0 0 48 13 0 0 44 28 0 0 48 0 0 0 0 41 0 40 0 0 0 0 0 12 0 0 0 45 0 0 0 0 0 0 0 0 0 0 0 0 0 40 0 0 0 0 13 0 0 3 0 0 39 0 0 0 49 8 0 0 0 7 0 0 0 0 0 10 45 0 
0 41 13 0 0 0 1 0 7 0 31 0 0 0 39 0 0 8 0 0 0 0 0 6 0 0 0 0 0 33 0 0 9 0 0 0 0 0 0 0 37 0 0 0 0 0 40 46 0 0 0 0 29 0 0 24 0 2 0 0 0 0 0 37 15 0 0 34 23 0 0 0 0 0 9 48 42 0 0 0 0 0 0 0 36 0 0 0 0 0 0 0 0 0 0 0 0 0 0 0 0 0 0 0 16 21 0 0 0 46 0 0 0 0 0 0 0 11 0 0 0 40 35 0 0 36 0 0 0 0 0 0 0 0 0 48 0 0 0 0 0 0 0 0 0 0 0 0 0 0 0 0 0 0 0 0 20 
0 30 0 0 0 0 46 0 0 0 0 0 0 0 0 48 0 0 0 46 0 18 0 0 0 0 0 0 0 0 0 0 0 0 13 14 0 0 0 0 0 36 0 0 0 0 0 0 0 50 0 14 0 0 0 45 0 0 0 0 0 0 0 0 0 0 0 0 0 0 0 0 0 0 7 0 0 0 42 0 0 26 16 12 0 0 0 0 0 0 0 0 0 44 0 0 24 0 1 0 0 0 0 0 0 48 0 0 0 0 41 0 0 6 2 0 0 0 0 0 0 0 0 0 14 2 20 0 0 0 0 0 0 0 23 34 0 0 0 19 0 0 0 0 28 0 0 0 0 0 0 0 0 6 0 25 
0 17 0 42 0 0 0 0 0 28 6 0 0 1 0 0 0 0 1 0 0 0 0 34 0 0 0 0 0 0 9 0 0 39 0 0 0 47 0 48 45 0 0 0 0 0 42 0 39 0 0 0 0 0 0 0 0 49 0 0 15 0 0 0 0 0 0 0 11 0 3 0 40 0 0 0 0 0 0 6 2 0 0 0 0 15 0 12 0 0 18 35 0 31 0 0 25 0 0 0 0 0 16 0 0 0 0 0 46 0 0 0 0 0 0 0 0 0 24 26 0 0 0 0 0 0 0 0 0 7 5 0 0 0 0 0 0 0 0 0 0 0 0 0 43 0 0 47 0 0 0 0 0 0 32 
0 17 0 0 0 0 0 0 0 0 0 0 0 0 0 0 21 0 18 17 0 40 0 0 0 0 0 0 0 0 0 0 0 0 0 0 27 0 26 0 0 0 0 0 0 0 0 0 0 0 0 0 0 0 0 0 0 0 0 0 0 0 0 0 0 20 0 21 13 28 5 0 0 0 0 0 0 13 0 0 0 0 0 0 0 0 35 0 38 0 0 0 0 0 4 0 0 0 0 0 0 19 0 0 0 0 0 0 10 0 0 0 0 0 0 0 0 15 0 6 0 0 0 0 20 0 4 0 42 0 44 0 0 0 0 0 43 29 0 0 0 0 0 13 0 0 32 11 0 0 10 0 0 0 
0 16 28 15 0 0 0 0 0 0 0 0 42 0 0 0 0 0 0 0 0 22 14 0 0 0 0 0 0 0 0 0 0 0 0 10 38 0 0 0 0 0 0 6 0 32 23 0 0 0 0 0 0 0 0 14 0 38 0 0 0 0 0 0 2 0 0 0 0 0 47 0 0 0 32 0 0 0 0 0 0 0 0 0 47 36 0 0 50 0 0 0 0 0 0 0 0 0 0 22 0 0 0 0 0 0 0 0 0 0 0 0 0 0 0 37 49 0 11 0 0 0 0 43 43 0 0 0 34 0 44 47 0 0 0 0 0 0 0 0 0 12 0 0 21 0 40 0 0 0 0 18 0 
0 0 0 31 0 0 0 0 5 26 0 0 0 0 0 0 0 0 0 35 0 0 0 0 0 35 3 20 0 0 9 0 0 0 0 0 24 0 0 0 0 0 0 0 5 0 0 0 0 0 0 9 0 0 0 0 0 0 0 0 0 0 47 32 7 0 0 0 0 0 10 0 0 0 0 0 0 0 0 48 0 0 0 0 0 0 47 0 0 0 0 24 0 0 0 21 0 0 0 0 0 0 0 15 0 0 0 0 20 0 0 0 0 0 0 38 0 0 0 0 0 0 0 0 0 17 0 15 0 0 0 0 0 0 0 27 0 34 0 0 0 0 0 0 0 0 45 0 0 8 0 0 
0 13 10 0 0 4 0 33 0 0 0 45 36 0 0 24 0 38 0 0 0 0 0 0 0 0 0 7 0 0 0 5 0 0 0 0 0 0 0 0 0 22 0 0 0 0 30 0 0 33 0 34 46 0 48 18 0 0 0 0 0 7 0 0 0 0 7 0 22 0 0 0 0 0 0 43 0 0 0 0 0 0 0 0 0 0 14 12 0 0 0 22 0 37 0 0 37 42 0 0 0 0 39 0 0 0 4 31 0 0 0 0 32 18 0 0 48 6 0 0 7 0 0 0 0 0 0 0 25 0 0 0 0 20 0 32 0 8 0 0 0 0 0 0 0 0 0 2 15 40 0 
0 0 0 0 0 0 0 0 0 44 0 5 0 0 0 0 35 22 0 0 1 0 0 0 0 0 39 0 0 0 0 0 0 0 0 0 0 0 0 0 0 0 0 0 0 5 0 0 0 0 5 0 0 0 0 0 0 0 0 0 0 0 0 0 0 0 0 0 39 10 0 0 0 0 0 0 0 0 2 0 0 0 0 0 0 23 47 0 0 0 47 0 0 0 7 0 0 0 3 40 0 0 20 0 0 0 46 0 0 0 0 43 0 0 40 0 36 0 0 10 0 0 0 0 0 0 25 0 0 0 0 0 0 0 2 0 0 0 45 0 0 0 0 0 0 20 43 0 33 0 
36 0 0 0 0 0 0 31 0 0 0 0 0 0 0 0 0 0 0 0 0 0 36 5 45 0 0 21 0 0 0 19 0 5 0 0 41 0 36 0 0 36 0 0 0 27 0 0 0 0 0 0 14 0 34 21 0 42 0 0 0 28 0 0 15 0 0 0 0 31 0 0 0 0 0 18 0 0 18 21 0 0 0 0 49 0 0 49 0 0 23 0 0 0 11 50 0 0 0 0 0 0 0 37 8 0 0 0 0 0 7 38 0 0 0 0 0 0 22 0 0 0 36 50 0 0 0 0 0 9 2 0 0 0 0 50 0 40 0 0 0 0 0 0 0 0 0 0 0 
0 0 19 0 43 0 0 0 0 0 0 0 0 0 0 0 0 0 0 0 0 0 0 0 16 0 0 0 0 0 34 0 0 0 0 0 0 0 0 0 0 48 0 0 0 0 0 0 0 0 0 0 0 0 22 0 0 0 0 0 22 0 8 0 30 46 0 0 0 0 0 0 0 0 14 0 24 0 11 0 0 0 22 44 37 0 29 0 0 0 0 0 0 0 0 0 31 17 0 8 0 0 0 0 0 0 0 0 0 0 0 44 0 0 0 0 0 36 0 0 0 11 38 0 0 0 0 36 0 0 0 0 0 0 0 0 0 0 0 0 0 0 0 0 0 36 0 0 
0 0 0 0 29 0 0 0 0 0 0 0 47 7 0 0 0 0 0 0 11 0 0 0 0 16 5 0 0 0 0 17 6 39 0 0 0 0 0 0 0 0 0 42 0 0 0 0 0 0 0 0 0 0 0 4 45 0 0 0 30 0 0 0 0 0 46 0 0 0 0 0 0 49 0 0 0 0 0 0 0 0 37 0 37 8 0 0 0 0 0 0 16 0 49 45 29 0 50 0 0 0 0 0 0 0 0 0 0 0 0 37 0 17 0 0 0 13 0 0 0 0 0 0 0 0 16 0 0 0 50 14 0 0 0 0 0 0 0 45 0 0 31 0 0 0 0 
0 0 30 0 0 23 0 0 0 0 0 0 0 49 22 0 0 37 0 0 0 0 13 0 24 9 0 0 0 40 0 0 0 21 0 0 15 0 31 2 0 0 6 0 34 0 0 0 0 0 0 0 40 0 0 0 0 0 0 0 0 45 32 0 0 0 0 0 0 0 0 0 0 0 0 0 12 0 0 0 0 0 0 0 0 0 0 0 0 0 12 42 0 0 0 40 18 0 0 0 0 0 0 0 7 0 0 0 45 49 36 0 0 0 17 17 0 30 0 0 0 0 36 0 35 0 0 38 0 0 0 0 0 0 39 0 0 0 0 0 0 0 0 0 0 17 
34 0 0 0 0 0 0 0 0 26 19 0 39 47 0 0 0 0 48 0 0 0 0 0 0 0 37 0 6 0 0 0 0 0 0 0 0 17 0 0 3 0 0 9 0 0 48 0 0 0 0 0 0 0 0 0 0 0 22 11 0 42 39 12 22 0 0 0 0 0 0 0 37 0 34 0 0 0 0 0 45 12 5 0 0 0 0 0 0 19 0 0 0 0 0 0 0 0 0 0 0 0 0 0 24 0 0 26 29 0 0 7 0 15 0 0 0 37 0 27 0 0 0 0 0 0 0 0 0 0 0 14 8 0 0 0 38 40 0 14 0 35 34 34 0 
15 12 7 0 42 0 0 29 0 0 0 0 0 0 14 0 0 0 18 0 0 0 0 0 0 0 0 24 0 0 0 0 0 0 0 0 0 0 33 0 0 0 30 0 0 44 0 0 27 0 0 0 0 0 0 0 11 13 0 28 38 0 0 36 33 24 39 0 0 0 0 0 0 0 0 0 0 0 0 0 0 0 0 47 0 0 0 0 12 0 19 0 0 0 0 44 0 0 0 0 0 0 12 0 0 3 38 0 2 34 0 0 0 5 0 0 0 0 0 0 0 0 0 0 0 33 0 0 0 0 0 27 0 22 17 0 0 0 0 0 0 0 0 0 
0 0 0 0 0 0 0 0 0 0 0 0 13 0 0 50 0 0 0 0 0 0 0 0 0 0 0 0 0 0 0 0 0 0 0 4 50 0 0 0 0 18 40 0 0 2 0 0 42 0 24 0 45 0 0 0 0 0 0 1 0 0 33 0 0 0 0 0 0 0 0 50 0 0 0 0 0 0 0 0 0 0 27 0 0 0 0 15 46 0 0 0 0 0 0 0 0 0 0 0 0 0 0 0 0 0 0 0 0 0 0 0 0 0 0 0 0 43 0 0 0 0 0 0 0 0 19 30 0 0 0 0 0 0 0 0 0 0 0 0 0 0 0 
11 12 5 0 0 0 15 0 12 34 0 0 0 0 0 11 48 42 0 0 0 3 0 20 33 0 0 0 0 32 0 0 0 0 12 0 7 0 32 0 0 0 0 0 0 0 35 38 0 23 0 13 0 24 0 7 10 14 0 0 0 0 0 0 0 13 16 31 13 0 0 0 0 0 0 0 0 0 0 19 17 0 0 0 0 0 0 0 29 0 24 0 30 0 0 0 0 0 0 0 3 0 40 17 32 0 0 50 0 7 0 0 7 0 0 0 0 1 0 0 0 0 0 0 0 22 0 0 0 0 0 0 0 0 0 26 0 0 20 0 17 17 
8 0 0 0 0 0 0 0 0 18 0 0 0 0 31 0 0 0 0 0 0 0 0 0 0 0 0 0 0 0 43 0 0 0 0 0 0 0 0 0 0 0 0 0 0 0 44 0 0 0 0 0 0 0 0 0 0 0 0 36 0 0 46 0 0 0 16 0 0 49 0 0 0 0 0 0 0 0 0 0 0 0 0 31 5 0 0 0 0 17 0 0 0 0 0 0 0 9 0 0 0 0 0 0 0 0 0 0 0 0 0 0 0 12 45 46 25 0 19 25 0 0 0 0 0 21 0 0 0 0 0 17 0 0 0 0 0 19 0 0 0 
0 0 0 0 0 0 0 32 0 0 0 0 0 0 0 0 0 0 30 0 0 0 0 0 0 0 0 0 0 0 0 0 0 0 0 47 0 0 46 0 0 0 40 0 0 0 0 0 0 0 0 0 0 0 0 12 42 0 0 0 0 0 37 0 10 0 0 0 0 0 0 22 15 0 0 32 0 0 0 0 0 48 0 0 0 0 0 0 36 35 20 0 26 0 0 0 0 0 0 18 0 0 0 0 0 0 0 15 9 27 0 0 0 0 0 0 0 0 0 12 0 0 0 0 29 0 0 0 40 10 0 0 0 0 0 0 0 0 39 43 
0 50 0 0 0 0 0 0 0 0 0 0 0 0 0 0 0 0 20 45 0 0 0 0 0 0 0 0 7 14 0 0 9 0 0 0 5 0 0 16 0 0 20 0 0 0 0 17 47 0 0 0 5 0 23 0 0 0 0 0 0 0 8 0 0 0 0 0 0 0 0 0 0 0 0 0 0 39 0 14 0 0 24 0 37 36 0 0 24 0 2 0 30 0 0 0 30 0 0 0 0 0 33 0 0 0 0 0 0 0 0 0 0 0 20 25 0 0 0 0 0 0 37 0 0 8 0 0 0 0 0 0 0 0 5 37 28 0 0 
0 0 2 0 0 27 0 0 0 0 0 0 10 0 27 8 0 8 0 0 0 0 0 0 0 0 0 15 0 0 0 0 0 0 0 0 0 0 0 0 0 0 0 0 0 0 26 0 0 0 3 0 0 0 0 0 0 0 23 0 0 0 0 0 0 0 0 0 0 0 0 11 3 0 0 0 0 16 0 0 6 0 0 0 11 0 0 0 0 39 0 0 0 0 0 0 0 0 0 0 0 0 30 0 0 0 0 0 0 37 0 0 0 1 0 0 0 0 0 0 0 0 0 0 0 0 0 27 0 0 35 0 0 0 0 0 0 0 
0 0 18 0 0 0 0 0 0 0 0 0 0 0 0 35 0 0 0 0 0 0 0 33 5 0 0 0 0 0 38 0 29 13 0 0 0 0 0 4 0 47 0 0 0 0 0 0 0 0 0 0 0 0 0 0 0 0 0 0 0 0 0 0 0 38 0 0 0 0 0 0 37 11 0 14 0 39 0 0 0 0 0 0 0 0 0 0 0 0 0 0 0 0 3 47 0 0 0 36 0 0 44 0 0 0 0 0 0 0 22 18 13 0 0 0 0 0 0 30 0 0 30 41 0 0 0 0 0 0 0 0 0 23 0 0 38 
31 0 44 0 0 45 17 0 0 0 24 0 0 0 44 0 39 0 22 0 0 0 0 0 0 40 0 0 0 0 0 0 0 33 0 0 0 0 0 0 36 0 5 47 0 0 0 0 0 48 0 0 12 0 32 0 0 11 0 0 0 0 48 0 0 0 0 0 0 0 0 0 0 0 45 3 0 0 0 0 0 0 0 24 0 0 0 0 0 0 0 0 27 0 0 0 0 0 0 0 0 0 0 0 35 0 0 30 0 0 22 0 0 0 0 22 0 12 0 0 18 36 33 0 29 0 42 0 0 0 0 0 0 0 0 34 
0 0 0 0 0 3 0 0 0 0 0 0 32 0 0 0 0 0 0 3 0 0 0 0 0 18 9 0 10 0 0 0 0 0 0 0 0 0 0 0 0 0 33 0 0 0 0 0 23 7 0 0 12 0 17 37 0 15 0 0 0 0 0 12 0 0 0 0 0 0 0 0 0 0 0 0 0 0 0 0 0 0 22 0 0 0 0 38 0 0 0 0 0 0 0 0 0 0 20 0 0 0 0 22 47 0 0 0 0 0 9 0 0 18 8 0 0 0 0 0 0 0 0 0 25 0 0 0 0 0 0 0 0 0 0 
0 44 9 0 0 0 0 0 0 0 0 0 0 0 0 0 0 0 0 0 0 0 0 0 0 0 0 0 37 0 0 0 32 0 0 0 0 0 0 0 0 0 7 0 0 24 0 41 19 0 0 0 0 6 15 16 0 44 0 0 0 0 0 36 0 36 38 0 0 0 0 0 0 48 0 0 0 0 45 9 0 0 25 0 37 0 2 0 0 0 0 0 49 0 0 0 0 0 27 0 12 0 0 14 0 0 6 0 0 46 0 0 0 0 0 0 0 0 0 0 0 0 0 43 32 0 0 0 0 0 0 0 0 0 
21 0 0 0 0 0 0 0 0 0 0 0 0 0 38 0 0 0 0 7 0 0 12 16 0 0 0 0 0 0 37 0 0 0 6 0 41 44 0 0 0 0 0 0 0 0 0 46 0 0 0 0 0 0 0 29 0 0 0 0 0 49 0 15 0 45 0 21 0 1 0 0 0 0 17 40 0 0 0 0 0 0 14 0 0 0 0 0 0 0 0 0 21 0 0 0 0 0 0 0 0 47 0 0 0 0 0 0 0 0 26 42 37 0 0 0 0 0 0 0 14 0 0 0 0 0 0 0 44 44 0 0 0 
0 0 0 0 0 0 0 0 0 28 2 0 23 0 0 0 30 0 0 0 0 0 0 7 0 0 0 0 0 0 0 0 5 0 0 0 0 0 0 0 0 1 0 34 0 0 0 0 0 36 0 0 0 0 0 0 0 0 0 0 0 0 0 0 0 0 0 0 0 39 0 0 0 0 0 11 0 38 44 0 0 0 0 0 0 0 0 0 36 6 0 0 0 16 0 0 0 0 0 0 0 0 0 0 0 0 13 0 45 0 0 14 0 5 0 8 0 0 0 0 0 0 0 0 0 20 0 0 0 0 0 0 
34 2 27 0 0 0 0 0 0 0 0 0 0 0 0 0 34 0 0 0 0 41 47 0 0 0 0 0 50 0 0 0 18 0 0 0 0 0 0 0 46 0 0 0 0 0 0 0 0 23 6 0 0 0 0 18 0 0 0 0 0 0 0 2 0 0 0 0 0 0 0 42 0 15 0 0 0 0 0 0 22 0 0 0 0 0 13 18 44 29 13 0 0 0 0 0 34 0 0 0 0 8 0 36 32 16 20 0 0 0 0 26 29 0 0 0 0 0 0 0 0 0 0 0 0 0 34 0 0 0 0 
0 0 0 0 0 0 45 0 24 25 0 0 37 0 0 0 15 0 0 0 0 0 0 8 0 0 0 0 5 0 0 0 0 0 0 0 0 31 0 0 40 13 0 0 12 0 0 0 0 37 0 0 19 24 0 0 0 0 0 16 0 0 39 50 0 28 0 0 0 26 0 0 11 0 0 0 0 0 0 0 0 0 0 0 19 0 15 0 0 0 0 1 21 0 0 0 0 0 43 0 0 0 0 47 0 0 0 0 0 0 44 0 0 0 0 0 36 25 0 0 0 0 0 0 43 0 0 0 0 0 
0 0 0 0 28 0 33 0 0 19 0 0 0 0 3 49 0 0 0 45 38 19 0 32 49 0 0 0 0 0 0 0 0 38 0 0 19 0 49 0 0 0 12 1 0 11 0 14 0 0 0 35 42 25 0 0 0 0 0 0 0 0 0 0 0 0 28 0 1 0 0 22 0 0 0 3 0 25 0 0 15 47 0 0 0 0 0 0 10 0 0 0 0 0 0 0 0 0 0 1 0 0 0 0 0 0 0 0 0 0 0 0 0 0 0 0 0 0 0 28 0 0 19 0 0 19 0 0 0 
0 0 0 0 0 0 49 0 0 0 0 0 0 0 0 0 9 0 25 0 0 0 0 0 0 0 0 0 6 0 0 0 48 0 0 0 30 0 0 0 0 0 0 0 0 0 31 43 0 40 9 42 0 0 0 13 33 0 0 0 0 0 0 32 0 0 0 0 0 10 32 18 0 0 5 0 39 0 35 0 0 0 0 0 0 0 37 0 0 0 0 0 0 0 0 20 0 0 0 0 8 0 0 0 0 0 0 5 0 0 0 0 26 0 40 0 0 0 0 2 0 0 0 0 0 0 47 0 
42 14 0 0 19 0 0 1 0 0 0 40 0 0 0 0 0 0 0 50 0 0 28 0 16 0 0 0 30 0 0 0 0 0 17 0 4 47 34 0 0 39 0 0 0 49 0 0 0 0 0 10 0 0 0 0 0 0 0 0 0 0 0 37 0 0 0 0 32 0 0 0 0 0 5 0 0 0 0 0 0 43 37 0 13 0 22 0 0 0 0 0 13 41 0 28 0 0 0 12 0 30 2 5 26 0 0 0 0 0 0 9 0 10 0 30 0 0 0 0 0 0 0 0 35 0 25 
0 0 0 0 19 0 0 12 0 0 49 0 0 12 0 0 0 0 0 0 0 0 0 18 0 0 0 0 0 0 0 0 0 0 12 0 0 0 0 0 0 0 4 0 0 0 42 36 19 28 0 22 0 0 0 0 0 0 0 0 0 0 0 36 0 0 0 0 17 0 14 36 0 0 0 0 31 26 0 0 0 13 0 0 0 0 0 0 0 0 0 8 0 43 2 0 0 0 38 0 0 0 0 1 0 0 0 0 0 0 0 12 0 0 35 0 0 0 0 0 0 45 0 0 5 0 
0 0 27 0 0 22 48 0 8 0 10 28 0 0 0 0 0 0 0 0 0 0 0 0 0 0 48 0 35 0 0 0 0 49 0 0 0 0 0 0 0 0 0 44 0 43 0 0 0 0 0 0 0 0 0 21 0 26 0 4 0 39 44 0 0 0 0 0 0 0 0 0 0 0 0 0 19 0 32 0 0 0 0 38 13 0 0 26 0 21 0 0 8 0 0 0 0 0 0 40 0 0 0 0 0 0 0 0 0 0 0 0 0 50 0 0 0 0 0 27 0 0 4 0 0 
22 0 0 0 0 0 0 0 0 0 0 0 0 10 0 0 0 0 0 0 0 0 0 0 0 0 0 0 0 28 0 4 0 0 0 0 0 0 0 0 0 0 0 7 0 0 0 0 0 0 10 0 0 0 0 0 47 3 0 0 0 19 0 0 0 0 0 0 0 0 0 0 0 0 0 0 0 0 0 18 14 0 0 0 0 0 30 0 25 0 0 0 28 0 0 0 0 0 0 0 0 0 0 0 0 44 28 0 0 0 3 0 0 0 9 3 0 0 0 0 0 0 0 0 
0 0 0 0 0 0 0 0 0 0 0 0 0 0 0 0 0 0 0 0 0 0 0 5 0 0 0 0 0 0 0 0 48 0 42 0 0 9 0 0 0 0 0 48 0 0 0 0 0 0 0 0 0 0 0 0 0 31 0 48 0 1 0 0 0 0 0 0 0 39 0 32 3 0 8 0 38 0 0 0 0 0 0 0 0 0 0 0 44 0 0 17 0 0 35 0 0 0 5 0 0 0 0 0 4 0 0 0 0 0 29 0 0 0 0 0 33 41 0 0 0 34 0 
0 0 0 0 49 0 0 0 0 0 0 26 0 0 44 0 0 0 0 0 0 0 38 4 36 0 0 0 0 0 0 0 0 0 0 0 0 0 0 0 0 0 11 27 0 0 0 30 0 0 30 21 0 0 0 0 0 0 0 0 0 0 0 0 0 0 0 0 0 0 0 0 0 0 50 0 0 0 0 0 0 0 0 0 0 0 0 0 0 0 0 0 41 0 0 0 0 0 0 24 0 0 0 2 0 0 50 10 0 0 0 0 0 0 0 0 0 0 0 0 13 0 
0 0 32 45 0 0 0 0 47 48 0 0 0 0 21 42 0 0 0 0 0 0 0 0 7 0 0 43 34 7 0 0 0 0 0 0 0 0 0 0 0 0 32 0 0 0 0 0 0 0 30 0 0 26 30 0 6 0 0 0 0 0 25 0 0 49 0 0 0 0 0 0 0 0 0 0 0 50 0 0 0 0 0 0 29 0 0 0 0 0 0 0 43 0 0 0 0 0 0 0 21 0 0 0 0 22 0 0 0 0 0 0 0 0 0 6 0 0 23 0 0 
0 0 0 42 0 8 0 0 0 16 0 0 35 0 32 0 0 0 0 0 0 0 0 0 0 0 0 0 0 0 0 0 0 0 0 16 0 29 0 0 0 27 0 0 0 0 0 47 0 0 0 0 0 0 0 0 0 0 0 0 0 0 0 2 0 0 0 0 0 0 0 8 0 0 0 0 4 0 5 0 0 0 0 0 16 0 41 0 0 3 0 0 0 0 11 0 17 0 0 0 0 0 0 26 12 44 0 0 0 0 10 0 0 0 19 0 0 0 0 0 
10 0 40 0 0 0 0 0 0 0 0 1 0 0 26 0 0 0 0 0 0 0 0 31 0 38 14 24 27 0 0 0 0 0 0 0 0 0 0 0 41 0 0 15 0 0 0 10 0 0 0 0 0 0 0 46 0 0 0 46 0 0 0 0 0 0 0 0 4 0 0 0 9 0 0 0 34 5 0 0 48 0 0 0 0 10 0 0 0 0 0 0 0 48 0 0 0 0 13 0 0 0 37 0 0 0 0 0 38 0 7 50 0 0 0 12 0 0 0 
0 0 0 10 0 0 0 0 16 0 0 46 0 0 0 0 0 0 11 0 0 0 30 0 0 41 0 0 0 0 0 0 0 0 0 0 0 0 0 0 0 0 0 0 0 0 0 9 15 39 0 0 36 0 0 0 0 0 0 19 22 0 0 0 50 0 42 28 0 14 0 16 0 19 0 0 0 0 0 0 0 0 0 0 0 0 10 0 0 0 0 0 0 0 0 0 12 0 0 0 0 0 0 0 44 0 0 0 0 0 0 0 0 3 0 0 0 0 
22 0 0 0 0 0 42 0 50 0 25 9 0 0 11 0 0 0 37 5 0 0 24 22 0 0 24 0 0 14 0 0 7 0 8 0 0 0 0 38 0 0 0 0 0 27 0 0 0 0 0 0 0 0 0 34 0 3 7 0 41 0 0 0 42 0 21 0 0 0 0 0 0 0 0 0 0 18 0 0 0 36 0 0 0 28 0 0 0 0 20 0 0 17 8 0 0 0 21 0 0 0 37 43 0 0 0 0 0 0 0 0 0 0 0 0 0 
0 30 0 0 0 47 0 0 0 0 0 0 0 0 0 0 48 29 0 0 33 0 0 0 41 0 0 0 45 0 0 0 0 0 0 16 0 0 0 0 0 0 0 27 0 0 26 0 0 0 0 40 0 0 0 0 0 0 32 0 0 36 0 38 0 31 0 0 0 40 0 0 15 0 0 0 19 0 0 42 0 0 0 35 0 0 0 0 0 33 13 0 43 0 0 0 0 0 0 0 0 0 0 0 39 0 0 0 0 0 0 0 0 0 0 14 
38 0 0 0 0 0 0 0 0 0 0 50 0 0 0 0 0 0 20 0 48 49 0 0 0 0 0 45 45 0 0 0 0 38 0 22 26 0 0 0 0 47 6 0 0 0 0 31 0 0 0 37 0 0 0 43 16 0 0 0 28 0 0 0 0 14 0 0 0 0 0 0 0 43 0 0 35 0 0 0 0 0 1 0 2 0 0 0 0 50 1 21 0 0 0 0 11 0 0 0 30 42 0 0 0 7 0 0 0 34 0 0 6 0 50 
0 32 0 0 0 0 0 33 0 0 0 0 0 0 0 0 0 20 25 50 0 0 46 24 0 0 0 0 0 0 0 0 0 0 0 16 0 0 0 43 0 0 0 0 0 0 0 0 15 0 0 0 0 0 0 0 0 0 0 0 34 0 0 0 0 47 25 0 39 10 20 0 0 12 0 0 0 0 0 0 0 0 0 0 19 19 0 0 32 0 0 0 0 0 0 0 0 0 0 0 0 0 25 0 0 15 0 0 0 8 40 0 27 0 
0 0 0 0 0 0 0 0 0 0 0 0 0 0 0 0 0 0 0 0 0 34 0 0 33 0 0 0 0 0 36 0 0 0 0 0 0 0 37 0 0 40 3 0 0 0 0 0 0 0 0 0 0 33 0 0 0 24 0 0 0 19 0 15 0 14 15 12 0 0 0 0 0 0 0 0 41 0 0 0 0 0 0 0 0 0 0 0 0 0 0 0 0 45 28 36 0 0 0 0 17 0 0 0 41 0 0 0 0 49 0 35 0 
0 0 36 0 0 0 0 0 0 0 0 0 0 24 0 22 0 0 0 28 0 18 10 0 0 0 20 0 0 49 0 2 0 0 0 0 3 0 0 23 35 20 0 44 0 0 0 0 0 0 0 0 0 0 0 46 0 0 0 38 19 34 49 0 6 0 0 0 0 0 0 0 0 0 24 0 0 0 28 0 0 0 0 50 0 1 0 23 31 49 0 0 0 0 13 0 0 0 0 0 0 0 29 0 0 0 34 0 0 0 10 0 
0 0 0 0 0 0 0 0 0 0 0 0 0 0 0 0 14 0 0 0 0 0 0 0 0 0 0 0 0 0 0 0 0 0 16 0 0 0 43 26 0 0 0 0 0 0 0 0 0 0 18 11 0 0 0 27 0 0 14 0 0 0 0 0 0 0 0 17 0 40 0 3 0 0 0 32 21 0 0 0 0 0 0 0 46 0 0 0 0 0 0 0 0 0 0 0 41 27 0 0 0 0 19 0 0 0 0 0 48 0 0 
0 14 0 0 0 0 4 0 0 48 0 0 0 17 0 15 0 0 0 0 0 0 0 0 0 0 46 22 0 0 0 0 0 0 0 0 0 0 0 0 0 0 0 0 0 0 0 0 6 0 0 0 4 0 15 0 22 0 0 26 32 0 38 35 0 0 0 0 0 10 0 0 0 0 0 0 0 0 3 45 36 0 0 0 0 5 0 0 0 0 0 0 0 0 0 16 19 0 0 0 0 0 35 0 0 23 14 0 0 0 
1 0 0 0 38 0 0 0 33 0 0 0 0 0 21 0 13 39 36 0 30 3 0 0 45 0 45 7 0 21 0 0 0 0 0 0 2 0 34 4 0 0 0 0 0 0 44 1 0 49 0 0 0 0 0 44 0 0 0 0 0 18 0 0 0 0 0 0 39 0 0 2 0 0 0 0 15 5 0 0 0 0 0 0 0 0 10 0 0 47 0 0 0 0 0 0 0 0 0 0 0 14 0 0 0 0 4 1 0 
0 0 0 0 27 0 0 40 0 27 0 0 0 0 0 0 0 0 49 0 0 49 0 32 25 0 0 0 11 34 0 0 0 0 15 0 34 0 0 0 0 0 33 0 0 0 50 0 33 0 0 47 0 0 0 12 0 0 0 0 0 0 0 8 0 0 13 0 1 0 0 25 40 0 41 11 0 0 18 0 0 0 29 0 0 0 22 0 0 0 0 0 0 0 8 0 0 0 0 11 15 0 0 0 0 0 36 0 
0 0 0 0 0 47 0 36 0 44 0 0 0 0 0 0 30 0 0 0 0 35 0 8 41 0 41 0 18 0 0 0 0 0 0 19 0 0 3 4 0 0 0 0 0 0 0 0 0 0 0 0 0 0 0 0 0 0 33 0 0 0 0 0 0 0 0 0 0 0 0 0 0 0 0 12 0 1 0 5 0 0 17 28 0 0 0 0 0 0 0 33 0 0 0 0 25 0 0 0 0 0 40 0 0 0 15 
40 11 0 47 0 0 0 0 0 39 35 0 0 0 10 0 0 16 0 0 0 0 0 0 0 16 0 10 7 45 0 0 0 0 47 0 0 0 0 14 12 0 0 0 45 0 0 0 0 0 0 39 0 0 28 0 30 0 0 0 0 0 0 0 0 0 0 0 0 0 0 0 0 0 25 0 0 5 0 0 30 0 0 0 18 0 0 15 0 0 0 0 0 0 0 0 0 0 48 0 0 5 0 0 0 0 
40 0 11 42 0 0 5 0 0 0 0 0 0 0 0 14 0 0 0 0 0 0 35 0 0 0 0 35 0 0 0 0 20 15 0 0 0 46 0 0 0 0 16 0 0 0 0 0 39 0 1 9 18 0 0 27 18 0 0 27 10 0 0 0 0 0 0 0 46 45 0 0 0 0 28 50 40 16 0 0 0 4 0 0 0 0 0 32 0 0 0 0 0 23 0 0 0 0 0 0 0 44 0 0 0 
0 0 0 46 38 0 0 0 0 0 0 0 0 0 27 0 0 0 0 0 0 0 0 0 0 0 0 0 0 0 0 0 0 0 0 0 0 0 48 0 0 0 0 0 0 0 0 0 0 0 0 0 0 45 0 0 0 0 0 36 35 31 0 0 50 0 40 0 18 0 0 0 0 0 0 35 0 0 0 49 0 16 0 0 0 0 0 0 0 0 0 0 0 0 0 0 0 48 10 24 0 0 0 0 
0 0 0 0 0 20 5 3 0 0 0 0 0 0 0 0 0 48 44 0 0 0 0 0 0 0 0 27 0 0 0 0 23 17 0 0 0 0 0 0 0 0 0 0 0 0 0 0 1 0 0 0 0 12 0 0 0 0 0 0 13 0 0 0 48 0 0 0 0 0 0 0 0 0 5 23 0 0 0 0 0 0 32 0 0 0 0 4 0 0 0 0 0 0 0 0 40 0 0 0 0 0 0 
0 42 0 0 20 0 31 48 0 0 0 0 0 0 0 0 0 0 16 0 5 0 47 0 0 0 0 0 0 0 0 0 0 0 33 0 0 0 0 0 0 0 0 0 0 0 0 0 0 0 0 0 0 0 21 0 15 0 0 0 0 0 0 28 0 0 0 0 0 0 0 0 0 0 0 0 0 0 0 0 0 0 0 0 0 24 0 0 0 0 0 0 0 0 0 0 0 0 44 0 0 0 
0 0 0 0 0 1 0 0 0 39 0 0 0 21 0 0 0 0 0 9 0 0 50 0 0 0 0 0 0 23 0 31 0 0 0 0 0 0 0 0 0 11 0 11 29 0 0 0 0 0 0 0 0 0 0 0 0 0 0 0 0 0 0 0 0 38 5 0 0 42 0 0 0 0 0 0 36 40 0 0 0 0 0 0 13 0 0 0 0 36 0 47 39 0 40 0 36 0 0 0 20 
0 0 0 0 0 0 0 0 4 0 0 0 0 0 0 0 30 0 0 24 4 35 0 49 0 0 15 0 0 35 41 0 0 0 0 0 0 21 0 0 0 0 0 0 0 10 0 0 30 0 0 0 13 0 0 0 7 0 0 0 0 0 0 0 0 0 0 44 0 0 0 28 0 0 0 0 0 0 0 0 0 28 0 0 0 0 0 0 39 0 0 0 0 0 0 0 0 0 0 19 
0 0 3 44 0 0 0 0 0 0 0 0 0 0 0 0 30 0 0 0 0 0 0 0 23 0 0 0 0 0 36 0 0 0 0 0 0 0 0 0 0 0 0 0 0 0 0 0 0 41 0 0 45 0 0 0 0 0 0 0 0 33 0 0 0 0 0 0 0 38 0 0 9 0 0 0 46 0 0 6 0 0 0 0 0 31 0 11 0 0 0 0 0 0 0 0 0 0 20 
0 0 0 0 0 0 0 0 0 0 0 29 0 25 0 0 0 0 0 0 34 0 23 0 0 0 0 0 40 0 0 0 0 0 0 42 0 0 0 0 0 0 0 0 0 0 0 37 0 0 0 0 0 0 0 0 0 0 0 0 0 0 0 0 0 0 0 0 7 35 0 0 0 0 0 0 0 9 0 0 0 0 0 0 0 23 2 0 0 0 0 0 0 0 0 0 0 0 
0 25 48 0 0 0 0 47 9 0 18 0 0 0 0 0 0 0 0 0 0 0 0 0 0 0 0 0 30 0 0 0 0 0 0 0 0 0 6 0 16 44 0 0 0 0 0 9 0 26 0 0 37 0 0 0 0 25 0 0 0 0 0 0 0 0 0 0 0 0 0 0 0 0 0 0 0 0 6 0 0 0 0 0 50 0 45 40 0 0 13 0 0 0 27 0 28 
0 0 0 15 0 0 0 0 0 0 48 26 0 0 0 0 0 0 0 0 48 0 0 9 0 0 0 0 0 0 0 0 0 0 0 0 3 0 38 0 42 0 0 0 0 0 0 0 0 0 0 0 0 44 0 0 0 40 0 0 0 0 0 0 34 5 0 0 0 0 0 0 0 0 0 26 0 0 0 0 43 0 0 0 0 40 0 0 15 0 0 0 0 9 0 0 
0 0 5 0 1 38 0 0 0 0 20 0 0 0 0 0 0 0 0 0 0 0 0 18 0 0 0 0 0 0 50 0 0 26 0 0 0 49 0 0 0 0 0 0 0 9 0 0 0 0 0 0 4 38 45 0 0 0 0 0 0 0 0 0 0 0 0 32 0 0 0 0 0 0 0 0 0 0 0 31 0 0 0 0 0 0 0 0 25 0 47 0 0 0 0 
0 0 0 0 38 0 0 0 0 0 0 45 0 3 13 0 0 0 0 0 0 0 0 0 4 38 24 14 0 25 0 0 0 0 0 0 0 8 0 0 0 0 13 0 0 0 0 0 0 26 0 0 0 0 40 0 0 23 0 0 0 0 0 1 19 0 0 0 0 0 0 8 0 0 0 0 40 0 0 0 0 0 0 0 0 0 0 0 21 0 0 0 0 0 
38 0 0 0 0 0 0 0 0 0 0 0 0 0 0 0 0 37 0 29 0 49 0 0 0 0 0 0 0 0 7 0 0 35 0 0 0 0 36 0 0 0 0 0 6 0 20 0 0 0 29 0 0 0 0 0 0 0 0 0 0 0 0 0 0 0 0 41 0 0 0 10 0 50 0 0 0 0 0 0 0 0 32 44 3 0 18 0 0 0 27 0 0 
0 16 0 20 0 12 0 2 0 0 0 24 0 0 0 0 0 0 0 0 0 47 8 0 0 48 0 0 0 0 19 0 0 2 38 0 0 0 0 0 0 0 0 0 0 0 0 0 0 0 13 0 0 0 49 0 0 0 0 0 40 0 0 0 0 0 0 30 17 19 0 0 1 0 0 0 0 21 39 22 0 0 0 0 0 0 0 7 0 0 9 0 
0 30 48 0 0 0 0 0 5 24 29 0 0 0 3 0 0 0 0 21 0 0 0 0 0 0 0 44 0 0 0 0 0 0 0 0 0 0 40 0 0 0 0 0 0 0 36 0 0 0 0 10 35 0 0 0 23 0 0 23 50 0 0 47 9 11 0 0 0 0 6 5 0 0 0 0 0 7 0 0 17 22 0 0 0 0 0 0 5 0 1 
4 0 0 0 0 0 1 0 44 0 44 42 0 0 34 0 0 0 0 44 0 25 2 0 0 0 46 0 0 0 0 0 0 0 15 0 14 0 0 0 0 0 0 4 0 0 0 0 0 16 14 0 0 0 0 0 0 31 0 0 0 0 0 0 0 0 5 0 0 0 0 0 0 0 15 0 15 0 0 0 0 0 0 31 0 44 0 0 45 0 
0 0 0 0 0 2 42 0 0 0 0 0 0 0 0 33 26 0 0 0 0 0 0 0 0 0 0 39 0 11 20 0 0 0 20 0 0 0 0 36 1 0 26 0 0 0 19 4 0 0 0 10 0 35 0 0 39 0 35 0 0 40 0 0 0 0 0 0 0 42 0 0 16 0 0 0 30 0 0 0 0 0 10 49 0 0 31 0 0 
11 0 0 20 0 46 0 0 0 0 0 13 0 0 0 0 0 0 0 0 0 0 0 0 0 47 35 0 5 44 17 0 0 0 19 0 0 0 0 0 0 0 50 37 41 0 0 0 0 0 0 0 33 0 0 0 0 0 0 29 2 0 36 0 50 0 49 0 0 0 0 0 0 47 0 0 24 0 41 0 0 0 0 0 0 0 0 0 
0 0 38 0 0 0 0 33 0 0 34 28 0 0 4 0 0 0 0 0 0 0 0 0 0 0 0 0 0 22 0 0 0 16 0 0 0 0 0 0 0 0 0 13 19 0 10 0 0 0 0 0 0 0 0 0 0 0 21 0 0 0 0 0 0 0 0 0 0 0 0 0 0 0 0 0 0 0 0 0 0 0 0 0 32 0 0 
0 0 0 0 0 28 0 0 40 0 0 0 0 0 0 33 0 0 18 0 0 0 0 0 0 0 0 19 0 0 0 0 0 0 0 0 0 0 0 0 0 1 12 0 0 0 0 0 0 0 20 0 0 0 0 0 0 0 0 0 39 0 0 0 0 0 0 0 0 0 0 37 0 0 0 0 0 0 17 0 0 0 0 0 0 0 
0 27 4 7 0 0 0 16 0 0 0 0 0 0 0 0 0 25 2 0 0 0 0 34 0 49 0 0 0 0 0 0 0 0 0 0 0 0 42 0 44 25 19 0 0 37 0 16 0 0 0 0 0 0 0 32 0 0 0 0 0 0 0 0 0 0 0 0 0 47 0 0 0 0 0 0 0 0 0 0 0 0 0 0 0 
0 0 0 0 0 0 0 0 0 0 0 0 0 12 34 0 0 32 0 0 0 0 41 0 0 17 0 0 0 0 0 17 0 0 0 0 0 0 0 43 0 0 0 0 0 0 0 0 0 0 0 0 41 0 0 46 0 0 0 0 37 24 0 0 0 0 0 0 39 0 42 0 18 0 0 0 0 0 0 13 0 0 0 0 
49 0 0 0 0 35 0 0 0 0 0 0 0 39 0 0 0 0 0 41 0 11 0 0 0 0 0 0 0 0 0 0 0 28 0 0 0 0 0 0 0 10 0 0 0 0 0 24 0 0 0 0 5 0 0 0 0 0 35 0 0 25 22 0 0 0 0 0 0 27 0 0 0 17 24 0 0 0 27 0 0 0 0 
0 38 0 0 3 0 34 0 0 0 0 0 0 0 0 0 0 0 0 0 0 0 0 0 0 0 0 0 0 16 0 2 0 9 10 0 0 0 6 0 0 16 0 0 0 0 0 0 0 0 0 0 34 0 0 0 31 0 0 0 2 0 0 31 0 0 6 2 0 0 0 0 0 0 0 0 0 4 4 16 6 0 
0 0 0 0 25 0 0 0 36 0 0 0 0 0 45 0 0 18 0 0 0 0 0 0 0 16 0 6 0 14 26 44 0 47 0 0 0 0 0 0 0 0 0 0 0 0 0 0 0 0 15 18 0 1 0 50 26 9 0 0 0 27 0 0 0 0 0 0 0 0 0 0 0 0 0 0 19 0 0 10 0 
0 35 0 0 0 0 0 0 0 0 0 0 0 0 0 0 0 0 21 0 0 3 0 0 0 48 0 0 0 0 0 0 0 0 0 0 0 0 0 39 0 0 0 0 0 0 0 0 0 0 0 0 0 40 0 0 28 0 0 0 16 30 0 0 0 0 0 0 47 34 0 0 0 0 47 0 0 0 37 0 
0 0 0 0 0 0 0 1 0 20 25 27 48 0 0 0 0 0 0 0 0 0 0 0 0 0 0 0 0 7 44 41 0 49 0 0 0 16 0 0 27 0 0 0 0 47 24 0 0 0 0 36 0 0 40 0 0 0 0 0 0 48 0 16 0 0 0 0 0 0 0 0 0 0 0 14 6 0 0 
23 0 0 0 0 8 0 0 0 0 0 0 0 0 26 0 33 0 19 0 0 0 46 0 16 0 0 0 12 19 37 25 0 0 14 0 0 0 0 0 0 0 0 16 0 0 25 0 12 32 0 0 0 0 0 0 0 5 0 0 0 0 23 0 0 0 0 0 0 18 0 0 0 0 0 0 0 0 
0 0 32 0 21 45 41 22 0 0 0 0 0 0 0 4 0 0 0 0 0 0 0 0 0 0 0 0 25 0 0 0 37 0 24 0 33 0 39 0 0 0 0 0 0 25 34 0 6 0 0 0 34 0 0 29 0 0 0 0 0 0 0 0 0 3 0 0 0 4 0 0 0 0 0 0 5 
0 0 0 0 0 0 0 0 0 0 0 0 0 0 0 0 32 0 0 0 0 0 0 0 0 33 0 1 49 0 36 0 46 0 50 0 0 0 0 10 0 0 0 26 0 0 0 49 0 0 0 16 0 0 0 46 0 0 0 0 0 0 0 0 36 0 0 30 1 0 0 0 0 0 0 0 
0 42 0 0 1 0 0 7 0 0 0 0 35 1 0 0 0 0 0 0 0 5 0 0 0 32 0 0 0 41 0 0 0 0 0 0 0 0 33 0 4 49 0 0 23 0 0 35 0 0 0 18 0 0 0 0 0 0 0 0 0 0 0 0 13 0 0 0 22 24 0 0 28 0 24 
0 31 0 0 0 0 0 0 0 0 0 46 30 0 0 2 0 0 0 0 0 0 0 7 0 6 0 9 0 4 0 0 0 0 0 25 10 29 0 0 0 20 0 4 39 0 0 0 36 0 0 0 37 3 0 0 0 0 0 0 46 0 0 0 0 0 0 37 0 0 0 50 0 0 
0 32 0 43 0 0 0 0 0 0 0 7 0 0 0 0 0 40 0 10 0 0 47 30 48 4 0 6 0 0 0 0 0 0 0 0 0 0 0 14 0 0 8 0 0 2 7 0 0 0 0 35 0 0 0 0 0 0 0 0 0 0 0 7 0 0 0 0 0 0 0 0 14 
0 43 0 0 0 0 15 0 0 0 23 0 0 0 0 0 0 35 49 0 0 0 0 0 0 10 0 0 0 27 37 13 35 0 0 0 0 38 9 0 0 0 0 0 3 0 0 0 0 0 0 0 0 0 0 0 0 0 0 0 31 0 0 29 24 0 21 0 0 0 34 0 
0 0 0 50 25 11 0 0 45 0 35 0 0 0 33 0 0 0 0 0 0 0 0 0 0 0 0 17 0 0 40 0 0 0 0 0 0 37 0 0 0 0 0 0 2 5 0 0 0 0 18 0 0 0 0 0 23 0 0 0 0 0 0 0 0 19 0 24 0 0 45 
0 0 0 0 0 0 0 0 0 0 0 0 0 0 0 0 31 43 0 0 0 0 0 0 0 0 0 0 0 0 0 0 0 0 0 0 26 0 0 0 27 0 0 0 0 0 0 0 34 0 0 0 0 0 0 0 37 0 0 0 0 0 0 0 0 38 0 28 0 0 
0 0 0 10 1 0 0 0 0 0 0 0 0 0 9 0 0 0 0 0 0 0 0 0 27 0 0 0 0 0 0 33 0 0 0 0 28 0 45 0 0 0 0 0 0 0 7 0 0 0 11 0 0 34 0 0 0 0 0 0 0 0 0 0 0 0 0 0 0 
0 3 0 0 8 23 0 3 0 23 0 7 0 0 0 41 0 0 34 0 20 0 0 0 30 0 0 0 0 0 0 0 0 21 39 0 29 0 0 0 0 38 1 0 0 0 24 1 0 0 0 0 0 8 0 0 6 0 0 0 11 36 0 37 0 0 0 0 
0 0 0 0 49 0 0 0 0 0 0 0 0 0 0 0 0 0 0 47 0 0 0 0 0 37 0 0 0 0 0 0 0 0 0 0 0 47 0 0 0 0 0 0 0 0 0 0 0 0 0 0 0 0 0 0 28 0 0 0 0 0 0 0 18 0 0 
0 0 24 0 0 0 0 0 0 0 0 0 15 0 0 0 0 0 0 0 0 0 0 0 0 32 10 0 0 0 0 4 0 0 0 0 0 40 0 3 26 0 32 0 0 22 0 0 0 0 0 0 0 0 0 0 0 38 0 0 0 0 0 1 18 5 
7 0 0 0 0 0 0 0 0 0 0 0 38 0 36 0 0 0 0 36 12 0 0 0 0 0 0 0 0 0 0 0 0 0 0 29 0 0 46 0 0 0 0 0 0 3 0 0 0 16 0 0 0 0 0 0 0 0 0 0 0 0 15 0 0 
0 0 0 0 0 44 0 17 0 0 0 0 2 0 0 0 45 0 0 0 42 0 0 6 0 45 0 0 0 0 47 0 0 43 0 8 0 0 0 23 41 0 0 0 0 0 0 0 0 0 0 24 27 0 41 0 2 0 34 0 0 0 0 0 
0 0 0 2 50 0 0 0 36 0 2 0 0 50 0 9 0 0 0 0 0 0 0 12 37 0 0 0 0 0 0 45 0 0 0 23 33 0 0 0 0 0 0 0 0 0 0 0 0 0 0 0 0 0 0 0 0 0 42 16 0 12 0 
0 0 35 34 0 36 28 0 0 0 0 9 0 0 0 0 0 0 0 0 0 0 0 0 0 0 0 0 0 0 0 0 0 43 0 0 0 0 0 0 22 22 0 0 0 0 0 0 0 0 0 0 39 0 3 0 0 0 0 0 4 0 
0 0 0 0 10 0 20 0 0 0 0 0 0 0 12 14 38 0 0 0 43 0 0 0 0 0 44 0 0 0 26 5 0 0 42 12 19 0 0 0 0 0 0 19 0 0 19 0 0 5 0 0 0 0 0 0 0 0 45 0 0 
0 0 0 0 0 0 0 0 9 0 29 36 0 0 42 0 0 0 26 0 0 0 9 0 0 0 0 23 0 1 0 0 9 0 0 0 0 0 0 4 0 0 0 5 0 0 0 0 0 0 0 0 0 0 0 0 0 0 39 31 
0 0 0 0 0 0 20 0 20 0 0 0 0 0 31 0 24 0 2 3 0 38 0 0 10 0 7 0 42 0 0 0 0 0 0 0 0 0 0 0 40 40 0 0 0 0 0 0 10 35 0 0 49 0 0 0 0 5 0 
0 0 31 0 0 0 0 0 11 45 0 0 0 0 0 0 0 0 0 0 40 0 6 0 0 8 46 0 0 0 24 24 0 0 32 0 0 44 23 0 0 0 0 0 0 0 0 0 0 0 0 0 0 0 0 50 0 0 
0 0 31 0 0 0 0 27 0 33 0 0 0 0 0 0 0 0 0 29 0 0 0 0 0 45 0 0 39 0 39 36 0 0 12 0 49 49 0 0 0 0 0 0 17 44 31 0 0 0 0 0 0 0 38 12 0 
0 0 0 0 5 25 0 0 0 0 0 32 0 21 0 0 0 0 0 0 0 0 0 0 0 48 0 0 0 0 0 0 0 17 40 0 0 7 0 44 0 0 0 0 0 49 0 0 0 0 0 0 0 0 0 23 
19 0 4 37 0 0 37 0 0 0 0 26 0 0 1 0 24 0 0 0 47 0 0 0 0 0 0 0 0 0 39 0 0 0 11 25 0 42 0 0 0 0 45 0 0 0 0 13 0 0 0 0 0 25 0 
0 0 0 0 0 0 0 0 0 0 0 0 0 0 0 0 0 0 0 0 0 0 0 0 0 0 0 40 0 0 0 0 0 0 0 32 0 0 0 0 31 0 0 0 0 0 24 27 17 41 0 0 17 0 
0 0 0 0 0 0 0 0 0 0 0 30 0 0 9 0 0 0 0 36 4 40 0 0 0 0 0 41 0 0 0 42 0 0 32 17 0 0 10 43 0 0 0 30 0 5 0 43 0 0 0 0 0 
0 42 0 0 0 0 0 0 0 0 18 0 0 0 0 0 0 0 49 0 0 0 0 0 0 0 9 0 15 0 0 0 0 0 0 50 34 41 0 0 0 0 0 9 0 0 8 0 17 0 0 0 
0 0 0 0 0 17 0 0 0 0 0 0 0 0 0 0 0 0 0 39 36 23 0 0 37 0 0 0 0 0 0 0 0 0 0 0 0 0 0 0 0 0 0 0 0 0 0 0 0 0 0 
0 0 0 3 0 28 34 0 0 5 0 20 0 0 0 0 0 0 16 0 17 0 0 0 0 0 0 0 0 0 0 0 0 0 0 0 16 0 0 0 0 40 0 48 0 0 0 9 0 0 
0 49 0 0 0 0 0 0 0 0 0 0 0 0 0 0 0 28 0 0 0 0 0 0 22 0 33 0 0 0 0 0 0 0 0 0 0 0 45 8 41 0 0 0 0 0 0 0 0 
0 0 0 0 0 0 0 0 0 0 0 0 0 0 0 0 0 0 0 0 0 0 0 40 0 22 0 4 3 0 0 0 0 0 0 0 0 0 16 0 0 0 0 0 0 0 0 0 
30 39 0 0 0 0 0 0 9 0 21 12 0 0 0 8 0 7 0 0 0 0 0 39 0 26 20 0 21 0 0 0 0 0 0 40 0 0 0 0 33 0 26 0 0 0 0 
0 0 0 28 0 0 0 0 0 11 0 0 0 0 0 4 0 0 0 0 15 0 31 0 0 34 0 12 0 37 0 0 27 0 0 31 0 0 0 0 0 0 0 0 0 0 
40 0 0 30 0 0 0 39 0 0 0 8 0 0 0 0 25 0 0 20 0 20 0 0 0 0 40 25 0 0 44 0 0 1 43 0 0 0 0 0 0 0 0 0 0 
0 31 43 39 0 0 0 1 3 4 0 0 0 0 0 0 11 40 0 23 0 0 0 5 0 0 0 0 39 0 0 44 47 0 0 0 0 0 0 0 0 0 0 0 
25 0 14 0 0 43 0 0 0 0 0 0 0 0 0 20 0 0 0 26 0 0 0 0 0 0 0 42 10 0 0 0 0 0 0 0 0 0 0 0 0 0 0 
0 0 43 0 0 21 15 0 0 0 0 0 0 0 0 46 0 0 0 27 35 0 0 0 0 5 0 0 0 0 0 0 0 0 0 0 0 38 0 48 0 0 
10 0 15 30 0 7 0 0 0 0 0 20 0 48 0 0 10 43 0 0 0 0 0 0 0 0 0 0 0 0 25 0 0 0 19 0 0 0 0 3 0 
0 0 30 6 0 0 0 0 0 0 21 0 0 0 0 0 0 0 18 0 0 36 0 0 0 0 0 0 0 49 0 0 0 0 0 34 0 0 0 0 
0 0 0 0 0 44 0 38 0 3 0 0 0 0 44 0 0 0 0 35 0 0 41 18 0 29 0 0 0 0 0 0 0 0 0 0 0 0 0 
0 0 0 7 0 14 32 0 14 0 0 0 0 0 0 0 3 0 0 0 0 41 45 0 0 0 11 0 0 0 0 0 0 0 0 0 0 0 
0 0 0 0 0 39 18 21 0 13 0 0 0 0 0 0 0 0 0 0 0 0 0 7 0 0 27 0 0 0 0 0 0 0 48 0 35 
0 0 50 0 0 46 25 19 0 0 8 0 0 0 0 0 0 0 0 0 0 0 23 0 0 0 0 0 0 0 20 0 1 0 0 0 
7 0 0 0 31 0 30 0 12 0 0 0 23 1 0 0 0 0 0 0 0 0 39 20 0 0 42 0 0 38 28 0 0 0 0 
0 12 36 0 0 0 0 0 0 45 0 1 0 14 8 0 25 0 0 0 0 0 38 0 0 0 0 0 0 44 0 0 0 0 
0 34 0 0 0 0 0 0 0 0 25 0 0 0 0 0 0 26 22 0 0 0 42 0 0 0 0 0 0 0 0 0 0 
0 27 0 0 45 34 0 26 13 0 0 46 0 0 0 0 0 0 32 0 8 0 0 0 0 0 0 0 0 0 0 24 
0 0 0 0 2 0 0 0 0 0 17 0 0 0 0 0 46 19 0 50 0 0 50 0 0 8 37 0 0 13 0 
0 0 0 0 0 21 0 0 0 25 38 0 0 0 0 0 21 39 0 0 30 33 6 0 0 18 43 0 0 1 
31 0 0 0 14 0 0 0 0 0 0 21 0 0 0 0 0 0 0 0 16 0 0 0 0 0 0 0 0 
0 0 0 33 0 0 0 0 0 0 0 0 0 0 11 46 0 0 0 0 0 33 0 0 0 0 9 0 
0 0 0 0 0 0 0 35 8 0 0 0 0 0 0 29 23 0 0 0 36 1 0 0 0 0 0 
0 0 0 0 0 0 35 0 0 0 0 26 29 0 0 0 0 0 20 0 12 0 0 0 0 9 
0 43 0 0 0 0 0 0 2 1 0 0 0 15 0 0 0 11 0 0 17 0 28 0 0 
0 0 35 47 14 0 0 0 0 0 0 0 6 0 0 0 0 0 5 0 0 0 0 0 
0 0 0 0 0 0 0 0 0 0 45 0 0 16 0 0 0 0 0 0 2 12 0 
0 30 0 21 0 0 0 0 0 0 0 0 0 0 0 4 0 0 0 0 0 0 
0 0 0 0 44 4 0 0 0 44 23 0 0 0 0 0 0 0 0 13 0 
4 0 0 6 0 7 0 0 0 0 0 0 0 0 0 19 0 26 32 19 
0 45 0 0 0 0 0 0 0 0 12 31 0 0 0 0 0 0 0 
38 18 29 0 0 19 0 0 0 0 0 43 49 0 0 0 0 0 
0 0 0 0 0 0 5 0 0 0 0 0 0 0 0 0 19 
14 32 10 16 0 0 0 0 0 31 26 0 17 0 0 28 
0 0 0 0 0 0 15 0 0 0 23 0 34 0 0 
4 0 0 0 0 0 24 0 0 47 0 0 19 41 
0 0 0 0 0 0 26 0 0 0 0 0 0 
43 0 0 0 0 0 0 0 32 0 0 0 
0 41 0 13 0 0 4 0 0 0 0 
13 0 0 0 5 0 0 0 0 1 
0 0 21 0 0 0 0 0 0 
0 0 8 27 27 28 49 0 
0 0 2 34 31 14 0 
0 0 0 0 0 0 
0 0 0 0 17 
0 0 0 0 
0 0 0 
0 10 
0 

1 11
1 25
1 28
1 40
1 44
1 45
1 46
1 80
1 102
1 109
1 114
1 115
1 119
1 132
1 148
1 149
1 200
2 18
2 29
2 37
2 60
2 72
2 132
2 146
2 159
2 178
2 186
2 192
2 194
2 195
3 26
3 37
3 46
3 50
3 66
3 69
3 96
3 100
3 110
3 152
3 169
3 175
3 181
3 193
4 14
4 16
4 36
4 54
4 84
4 124
4 127
4 131
4 141
4 142
4 147
4 166
4 170
4 178
4 179
4 182
4 188
4 196
5 49
5 53
5 67
5 80
5 87
5 93
5 109
5 118
5 125
5 158
5 167
5 182
6 11
6 38
6 43
6 68
6 89
6 112
6 113
6 124
6 152
6 155
6 175
6 184
7 8
7 16
7 26
7 56
7 67
7 83
7 100
7 145
7 146
7 172
7 174
7 189
8 14
8 43
8 60
8 61
8 64
8 71
8 117
8 137
8 178
8 182
8 184
9 18
9 22
9 31
9 54
9 56
9 61
9 82
9 93
9 98
9 111
9 177
10 14
10 20
10 28
10 42
10 48
10 61
10 66
10 75
10 114
10 129
10 151
10 156
10 167
10 169
10 172
10 175
10 189
10 190
11 27
11 29
11 32
11 61
11 83
11 86
11 88
11 95
11 130
11 154
11 172
11 193
12 13
12 22
12 37
12 51
12 73
12 78
12 99
12 100
12 105
12 111
12 121
12 132
12 139
12 140
12 153
12 165
12 178
12 183
12 185
12 187
12 189
12 191
13 26
13 61
13 67
13 116
13 117
13 149
13 152
13 156
13 160
13 161
13 164
13 171
13 197
13 200
14 24
14 72
14 77
14 82
14 87
14 92
14 100
14 104
14 117
14 119
14 128
14 138
14 140
14 150
14 169
14 171
14 175
14 182
14 184
14 186
14 199
15 41
15 43
15 49
15 124
15 125
15 131
15 135
15 173
15 174
15 176
15 181
15 187
15 194
16 28
16 29
16 37
16 41
16 46
16 51
16 68
16 85
16 88
16 89
16 99
16 104
16 105
16 117
16 134
16 141
16 155
16 161
16 173
16 189
17 25
17 32
17 35
17 36
17 60
17 80
17 83
17 88
17 91
17 95
17 99
17 114
17 117
17 122
17 147
17 152
17 170
17 190
17 200
18 30
18 33
18 36
18 52
18 63
18 74
18 88
18 89
18 114
18 134
18 141
18 142
18 165
18 181
18 182
18 185
18 191
18 197
19 20
19 40
19 56
19 61
19 82
19 111
19 125
19 130
19 141
19 143
19 180
20 26
20 31
20 43
20 70
20 75
20 96
20 97
20 158
20 165
20 186
20 199
21 26
21 31
21 48
21 74
21 81
21 123
21 126
21 137
21 142
21 149
21 182
21 187
21 195
22 27
22 32
22 48
22 63
22 78
22 96
22 111
22 117
22 139
22 187
23 37
23 78
23 82
23 104
23 167
23 170
23 175
23 192
24 26
24 28
24 34
24 36
24 37
24 53
24 54
24 82
24 90
24 110
24 111
24 112
24 119
24 126
24 132
24 135
24 156
24 170
24 175
24 178
24 180
25 52
25 65
25 66
25 77
25 115
25 169
25 179
25 185
26 32
26 92
26 93
26 108
26 122
26 123
26 126
26 138
26 169
26 190
26 192
27 36
27 67
27 68
27 85
27 93
27 96
27 125
27 139
27 149
27 150
27 176
27 181
27 187
27 194
27 196
27 198
28 30
28 46
28 60
28 65
28 102
28 115
28 131
28 137
28 141
28 160
28 178
29 31
29 40
29 54
29 74
29 87
29 88
29 94
29 104
29 108
29 118
29 126
29 132
29 143
29 145
29 146
29 160
29 166
29 199
30 46
30 57
30 59
30 73
30 83
30 103
30 112
30 119
30 133
30 136
30 164
30 166
30 171
30 181
30 184
31 45
31 69
31 73
31 86
31 93
31 94
31 127
31 134
31 182
31 192
31 193
31 197
32 60
32 98
32 103
32 109
32 132
32 140
32 142
32 143
32 147
32 150
32 155
32 172
32 189
33 40
33 43
33 65
33 79
33 83
33 95
33 155
33 157
33 163
33 173
33 200
34 49
34 68
34 71
34 73
34 113
34 132
34 166
34 177
34 194
35 44
35 46
35 60
35 86
35 93
35 94
35 105
35 113
35 117
35 121
35 138
35 143
35 164
35 168
35 170
36 65
36 92
36 149
36 162
36 170
36 182
36 184
36 197
37 60
37 74
37 94
37 111
37 133
37 134
37 141
37 143
37 157
37 160
37 169
37 184
37 187
37 198
38 44
38 45
38 80
38 87
38 89
38 104
38 118
38 135
38 155
38 163
38 175
38 189
38 190
38 191
39 42
39 49
39 69
39 71
39 75
39 84
39 86
39 88
39 98
39 105
39 117
39 132
39 136
39 137
39 142
39 147
39 153
39 157
39 162
39 174
40 51
40 63
40 74
40 88
40 94
40 104
40 138
40 153
40 175
40 183
40 196
40 198
40 200
41 44
41 56
41 58
41 66
41 86
41 98
41 105
41 110
41 114
41 120
41 122
41 128
41 138
41 150
41 161
41 165
41 167
41 197
42 56
42 64
42 73
42 88
42 108
42 116
42 132
42 142
42 144
42 175
42 184
42 190
43 86
43 87
43 116
43 131
43 132
43 138
43 154
43 189
44 77
44 89
44 102
44 108
44 110
44 111
44 178
45 53
45 62
45 68
45 91
45 93
45 101
45 113
45 132
45 152
45 156
45 161
45 169
45 178
46 50
46 59
46 64
46 73
46 86
46 95
46 106
46 111
46 113
46 130
46 139
46 149
46 156
46 167
46 189
46 192
47 48
47 58
47 59
47 64
47 85
47 89
47 107
47 129
47 139
47 159
47 161
47 183
47 184
48 49
48 94
48 107
48 108
48 130
48 160
48 167
48 168
48 183
49 53
49 60
49 78
49 114
49 128
49 135
50 52
50 59
50 83
50 103
50 115
50 143
50 156
50 164
50 187
50 200
51 63
51 77
51 78
51 98
51 114
51 118
51 141
51 149
51 150
51 159
51 191
51 192
51 193
51 198
52 59
52 63
52 98
52 99
52 105
52 125
52 160
52 165
52 166
52 179
53 60
53 62
53 68
53 76
53 100
53 104
53 107
53 145
53 173
53 181
53 182
53 187
53 194
53 200
54 82
54 86
54 87
54 98
54 101
54 108
54 109
54 115
54 120
54 130
54 135
54 144
54 149
54 168
54 181
54 186
55 57
55 62
55 73
55 76
55 77
55 78
55 104
55 111
55 124
55 127
55 134
55 140
55 154
55 177
55 178
55 179
55 181
55 184
55 194
56 63
56 66
56 109
56 118
56 149
56 150
56 173
56 177
56 187
57 65
57 86
57 147
57 158
57 181
57 191
57 193
57 198
58 120
58 123
58 130
58 158
58 179
58 182
58 186
58 196
59 63
59 64
59 65
59 66
59 78
59 79
59 80
59 82
59 83
59 91
59 110
59 118
59 127
59 141
59 146
59 161
59 188
59 192
60 61
60 63
60 70
60 84
60 90
60 100
60 139
60 141
60 146
60 171
60 173
60 183
60 187
60 188
60 197
61 65
61 71
61 73
61 74
61 76
61 78
61 95
61 107
61 151
61 157
61 167
61 181
62 70
62 72
62 85
62 93
62 97
62 100
62 102
62 116
62 149
62 150
62 151
62 159
62 160
62 177
62 185
62 186
62 188
62 194
63 78
63 84
63 91
63 106
63 107
63 110
63 114
63 145
63 150
63 172
63 173
64 97
64 123
64 126
64 137
64 146
64 158
64 160
64 167
64 168
64 178
64 183
65 98
65 163
65 166
65 173
65 178
66 67
66 88
66 110
66 127
66 142
66 152
66 155
66 162
66 195
66 199
67 89
67 93
67 101
67 153
67 157
67 184
67 186
68 70
68 82
68 84
68 96
68 97
68 129
68 170
68 178
68 189
69 80
69 87
69 93
69 96
69 100
69 112
69 114
69 117
69 128
69 139
69 145
69 146
69 161
69 165
69 187
69 188
69 199
69 200
70 71
70 76
70 82
70 97
70 113
70 116
70 117
70 122
70 145
70 171
70 196
70 197
71 109
71 121
71 142
71 179
72 77
72 83
72 88
72 93
72 117
72 118
72 139
72 157
72 171
72 189
73 89
73 99
73 109
73 118
73 123
73 124
73 139
73 164
73 171
73 172
74 81
74 96
74 100
74 102
74 110
74 113
74 160
74 163
74 182
75 91
75 101
75 107
75 111
75 112
75 126
75 161
75 183
75 190
75 191
75 196
76 81
76 85
76 88
76 102
76 111
76 137
76 146
76 158
76 164
76 168
76 176
76 188
77 78
77 85
77 97
77 98
77 102
77 103
77 127
77 140
77 159
77 180
77 183
77 185
77 192
77 200
78 95
78 96
78 99
78 108
78 120
78 123
78 134
78 139
78 145
78 146
78 147
78 151
78 162
78 181
78 188
78 190
78 193
78 194
78 200
79 102
79 103
79 116
79 128
79 139
79 154
79 155
79 162
79 168
80 109
80 110
80 120
80 123
80 124
80 137
80 141
80 155
80 169
80 183
80 188
80 193
81 83
81 104
81 113
81 118
81 123
81 132
81 143
81 153
81 183
81 187
81 188
81 189
82 83
82 99
82 106
82 115
82 128
82 129
82 137
82 140
82 145
82 160
82 178
82 184
82 185
82 190
82 194
83 89
83 99
83 119
83 125
83 138
83 145
84 94
84 103
84 107
84 110
84 116
84 118
84 122
84 123
84 132
84 135
84 141
84 156
84 195
84 196
85 105
85 117
85 124
85 125
85 135
85 161
85 173
85 185
85 189
85 197
86 95
86 103
86 118
86 151
86 173
87 94
87 107
87 113
87 133
87 150
87 162
87 170
87 171
87 187
87 191
88 92
88 100
88 147
88 179
88 200
89 97
89 118
89 119
89 125
89 147
89 149
89 173
90 91
90 93
90 94
90 120
90 134
90 146
90 165
90 173
90 182
90 192
91 103
91 105
91 127
91 140
91 174
92 93
92 94
92 138
92 146
92 172
92 189
93 116
93 125
93 157
93 158
93 163
93 180
93 181
93 183
93 187
93 197
94 108
94 117
94 126
94 136
94 137
94 155
94 186
95 103
95 106
95 110
95 114
95 135
95 163
95 167
95 168
95 192
95 200
96 105
96 122
96 128
96 145
96 190
97 102
97 110
97 128
97 141
97 164
97 167
97 171
97 181
98 107
98 144
98 154
98 166
98 175
98 187
98 190
99 114
99 120
99 124
99 133
99 151
99 154
99 180
99 183
99 188
100 106
100 111
100 116
100 132
100 156
100 162
100 167
100 194
101 108
101 141
101 143
101 148
101 156
101 162
101 165
101 172
101 176
102 105
102 115
102 133
102 139
102 141
102 167
102 178
102 182
102 192
102 200
103 126
103 135
103 164
103 173
103 183
104 111
104 129
104 147
104 167
104 197
105 118
105 121
105 130
105 131
105 138
105 146
105 155
105 169
105 174
106 114
106 124
106 138
106 146
106 163
106 180
106 191
106 194
107 113
107 118
107 134
107 157
107 159
107 174
107 178
108 109
108 123
108 147
108 156
108 192
109 110
109 131
109 133
109 160
109 179
110 120
110 131
110 143
110 152
110 159
110 165
110 166
110 169
110 179
110 180
110 192
110 195
111 115
111 124
111 129
111 137
111 171
111 176
111 183
111 190
111 199
112 115
112 136
112 164
113 133
113 163
113 186
114 147
114 162
114 166
114 173
114 181
114 195
115 165
116 133
116 165
116 173
116 182
116 183
117 119
117 134
117 152
117 155
117 169
117 171
117 175
117 181
117 182
117 194
118 129
118 155
118 192
119 123
119 133
119 143
119 192
119 198
119 200
120 125
120 132
120 169
120 178
120 184
120 194
121 135
121 137
121 154
121 177
121 184
121 192
122 133
122 142
122 146
122 149
122 160
122 188
122 198
123 133
123 136
123 148
123 153
123 163
123 185
123 187
124 133
124 171
124 177
124 198
125 126
125 137
125 153
125 160
125 165
125 171
125 174
125 187
126 130
126 132
126 136
126 141
126 143
126 144
126 174
126 188
126 192
126 199
127 138
127 159
127 186
127 198
128 137
128 143
128 150
128 164
128 178
128 194
129 146
129 147
129 155
129 184
129 190
129 196
129 199
130 133
130 142
130 145
130 150
130 157
130 182
130 199
131 132
131 137
131 155
131 162
131 167
132 159
132 177
132 198
133 143
133 154
133 165
133 176
133 187
134 152
134 155
134 170
134 178
134 179
135 154
135 165
135 196
136 139
136 141
136 146
136 187
137 144
137 150
137 152
137 157
137 170
137 185
137 198
138 151
138 155
138 161
138 169
138 187
138 192
139 153
139 181
139 190
139 194
140 145
140 147
140 186
140 187
140 195
141 164
141 174
141 177
141 187
141 198
142 147
142 148
142 149
142 189
142 193
143 173
143 176
143 186
143 194
144 160
144 192
144 195
145 159
146 154
146 159
146 161
146 166
146 168
146 186
146 200
147 153
147 173
147 190
147 197
148 173
148 180
148 183
149 158
149 167
149 168
149 185
149 190
149 198
149 200
151 158
151 159
151 168
151 174
151 175
151 188
151 195
152 159
152 168
152 169
152 170
152 175
152 185
152 192
153 172
153 176
153 200
154 165
154 168
154 174
154 178
154 186
155 165
155 169
155 181
155 196
156 157
156 182
156 193
156 198
157 161
157 169
157 171
157 183
157 184
157 188
157 196
157 198
158 172
158 175
158 191
159 166
159 182
159 184
159 185
160 166
160 168
160 181
160 193
160 198
161 175
161 178
161 190
162 164
162 180
163 164
163 165
163 177
163 182
163 193
164 173
164 180
164 189
165 167
165 171
165 181
165 184
166 173
166 182
166 186
166 192
166 195
166 199
167 181
167 194
167 198
168 175
168 185
168 192
168 196
169 181
170 182
170 190
171 181
171 182
171 199
172 180
173 186
173 193
174 176
174 185
174 191
175 179
175 180
175 199
176 178
177 182
177 183
177 194
178 184
179 195
180 188
180 192
180 195
181 184
181 189
181 190
181 195
182 196
183 188
183 199
187 190
187 196
189 192
190 194
190 198
192 193
197 198
197 200
