100 198 1000

95 104 36 16 58 26 31 102 32 59
105 47 53 67 55 25 65 56 62 32
19 101 11 69 32 77 104 108 48 17
84 54 25 44 92 76 77 104 94 103
109 43 43 41 92 38 82 110 84 27
48 84 66 30 55 29 105 104 39 106
109 107 87 26 107 18 29 49 52 17
17 79 32 47 80 41 108 36 110 97
55 82 77 23 82 91 105 53 23 68
58 13 97 74 33 46 39 34 84 99

85 94 26 6 48 16 21 92 22 49
95 37 43 57 45 15 55 46 52 22
9 91 1 59 22 67 94 98 38 7
74 44 15 34 82 66 67 94 84 93
99 33 33 31 82 28 72 100 74 17
38 74 56 20 45 19 95 94 29 96
99 97 77 16 97 8 19 39 42 7
7 69 22 37 70 31 98 26 100 87
45 72 67 13 72 81 95 43 13 58
48 3 87 64 23 36 29 24 74 89

40 29 4 42 17 39 46 41 10 46 3 0 41 16 24 24 30 8 38 11 40 50 40 14 49 39 46 1 15 16 28 39 20 0 36 25 22 44 1 49 23 13 31 29 8 0 35 15 3 36 42 36 42 36 25 39 36 24 12 41 9 41 13 40 38 31 0 14 37 17 19 22 11 18 46 19 42 0 11 32 14 6 36 1 30 35 49 2 44 50 49 44 41 37 30 24 48 42 40 
24 25 10 0 0 22 10 16 49 1 19 48 13 35 8 6 4 14 18 33 28 50 37 21 46 7 3 23 21 11 12 16 0 9 41 45 29 43 26 12 47 35 19 10 20 31 34 34 23 3 45 10 18 49 22 41 8 22 33 27 8 9 20 7 33 8 48 20 30 30 19 8 3 11 20 50 9 39 37 22 25 35 30 20 4 39 41 19 29 43 26 22 12 28 39 11 43 38 
16 48 38 47 10 16 6 41 9 38 31 45 4 26 20 46 3 49 25 5 31 43 15 37 38 40 9 14 18 15 33 35 32 14 7 10 0 43 26 13 46 9 27 10 8 11 36 12 34 9 8 10 29 18 40 48 35 15 24 26 26 41 12 0 39 44 21 6 25 40 17 28 1 21 0 32 49 49 2 37 9 37 17 22 6 22 33 48 17 6 16 11 30 35 25 25 30 
23 12 14 16 43 16 32 48 2 41 40 14 26 4 0 0 2 22 4 31 11 43 23 50 3 27 50 17 27 5 20 13 2 13 3 41 31 48 10 9 25 45 19 31 18 25 27 33 12 38 41 23 5 16 0 20 5 15 17 10 29 11 35 22 46 38 7 14 24 43 22 6 40 7 25 39 1 2 41 0 27 10 30 7 32 32 3 37 43 43 15 14 33 36 14 37 
16 2 13 22 37 13 6 1 34 27 40 42 50 21 6 30 37 38 5 10 34 29 48 27 10 48 9 0 40 32 11 39 29 36 10 41 38 15 0 10 7 2 50 3 13 6 20 23 33 3 23 9 27 32 47 8 40 38 27 31 10 0 40 8 8 34 40 11 40 50 6 39 2 43 0 45 14 45 10 10 36 14 43 50 50 12 44 13 6 4 36 8 0 19 36 
25 23 19 34 47 18 44 40 4 12 2 37 11 9 45 46 47 10 19 7 50 45 47 21 43 41 45 21 36 37 42 1 16 15 31 27 24 12 3 24 26 9 13 43 30 36 41 6 33 29 36 16 9 30 25 46 22 8 45 19 47 12 4 11 42 35 28 17 19 26 3 5 45 18 35 3 29 47 21 46 30 46 42 15 28 15 41 12 27 30 30 8 42 15 
5 0 31 14 14 15 9 6 17 22 0 36 13 43 7 19 11 35 8 1 30 22 35 44 41 10 13 10 41 50 40 46 50 29 9 9 31 20 3 26 16 9 7 48 32 24 9 48 32 49 25 35 0 46 33 40 3 47 38 16 39 37 24 47 31 43 28 44 33 38 30 17 2 30 7 5 8 15 20 26 4 14 47 49 9 26 46 21 14 1 7 21 10 
13 30 38 38 29 36 40 3 38 32 13 29 20 30 50 9 22 37 5 23 27 38 3 45 50 42 27 3 18 18 0 34 15 31 13 46 0 39 2 40 49 37 30 47 26 27 16 12 12 19 29 5 10 48 36 39 35 48 16 48 2 49 44 22 8 47 21 20 0 25 44 42 33 14 11 37 14 45 31 44 8 32 15 32 46 19 49 26 2 46 9 41 
35 24 14 25 44 27 6 4 9 8 37 37 47 26 8 12 7 44 12 3 15 1 7 14 7 37 17 2 48 14 18 41 50 37 38 26 2 36 17 28 40 44 49 35 8 42 26 24 48 34 42 29 43 18 13 17 13 2 0 42 29 35 16 26 28 30 9 33 18 29 45 2 46 17 21 6 22 40 14 20 44 31 5 45 15 48 29 1 14 2 4 
30 0 18 38 29 7 11 18 22 21 17 19 9 21 47 25 46 16 9 12 14 35 1 38 28 46 3 31 20 18 3 45 16 2 31 46 33 13 10 38 28 34 23 38 12 8 16 20 6 1 50 30 14 41 16 7 37 16 10 24 46 8 25 20 37 0 38 34 48 28 11 40 0 26 48 46 49 50 19 0 13 0 32 7 43 34 2 36 2 44 
29 50 25 12 3 30 40 32 6 29 32 26 2 11 34 14 38 10 34 32 28 38 13 40 33 49 35 1 6 26 13 47 50 39 42 7 39 2 39 38 17 31 15 0 27 35 20 34 2 40 44 40 32 18 48 21 47 27 23 0 31 4 35 3 12 39 3 49 18 20 29 0 43 28 6 22 22 27 44 48 12 48 41 46 47 26 46 25 21 
14 49 21 31 30 11 41 12 0 8 48 30 17 13 46 39 22 5 24 38 16 18 27 5 9 47 40 50 27 15 0 14 11 1 33 31 42 0 40 29 33 28 11 50 41 3 36 31 11 2 25 7 39 32 25 13 9 10 28 21 30 37 42 19 5 50 30 20 22 45 16 44 9 48 34 28 45 26 39 28 7 13 1 44 27 7 24 47 
47 48 5 20 29 13 35 31 8 45 30 2 43 39 44 30 46 14 19 36 11 12 0 42 33 34 49 47 16 14 12 25 26 49 26 27 33 24 5 18 29 12 3 16 0 1 37 30 41 2 28 22 19 31 46 27 21 7 33 25 37 34 40 32 37 21 44 1 29 18 8 0 46 19 12 46 5 21 4 48 21 48 27 24 26 1 3 
4 37 5 27 10 33 21 15 36 47 44 19 25 36 45 6 32 41 21 34 8 34 44 19 44 16 37 37 38 34 20 10 31 7 2 33 41 9 3 20 24 18 16 37 33 29 44 24 49 24 6 22 46 15 45 0 41 23 2 19 2 49 4 46 10 15 34 9 45 10 36 17 11 27 13 20 13 0 20 16 50 15 45 16 0 37 
26 15 14 49 5 27 24 10 46 35 8 6 7 16 32 22 1 21 16 44 27 41 30 47 10 2 17 23 50 16 26 35 9 7 20 8 0 0 38 42 35 14 4 20 50 21 26 18 5 27 44 27 31 23 3 39 8 2 43 32 43 46 48 15 18 40 39 2 22 17 48 0 49 48 31 11 10 32 29 11 21 37 50 36 17 
39 30 22 32 5 42 28 15 31 16 7 11 9 20 44 22 5 44 45 8 46 30 13 47 25 39 6 29 44 11 33 11 15 2 33 9 12 39 35 0 22 30 4 2 34 30 0 2 0 15 9 46 20 31 32 6 14 30 16 9 35 22 21 6 21 22 20 6 48 2 50 35 0 36 20 20 46 2 13 2 29 35 41 47 
1 28 47 7 7 2 21 19 24 0 38 41 9 8 30 13 15 6 0 37 31 32 7 28 18 6 31 4 29 37 45 45 48 20 24 10 1 50 46 27 18 17 42 24 2 5 11 30 30 26 27 8 41 32 39 10 40 4 39 23 18 19 46 0 13 15 37 28 20 23 15 49 14 38 33 9 26 27 25 12 8 0 25 
22 16 26 19 20 25 0 0 38 40 28 46 4 1 49 24 46 49 47 2 12 32 39 37 25 39 3 39 12 13 2 28 29 6 41 47 23 30 8 32 15 25 36 10 32 29 9 27 16 40 41 39 41 11 33 11 2 2 29 32 0 30 24 3 0 42 9 50 0 41 2 22 2 2 45 24 13 33 17 17 4 31 
23 22 14 6 20 19 8 11 44 26 13 28 32 18 36 29 39 45 46 31 26 33 30 26 17 21 22 36 30 23 41 34 16 26 47 7 0 29 8 2 6 12 12 5 3 34 11 41 31 1 49 39 38 5 49 50 6 38 42 49 0 31 45 31 16 23 39 33 35 29 15 23 41 39 39 30 24 45 41 24 48 
23 25 15 32 32 31 24 48 35 6 28 3 40 12 44 40 12 1 23 45 3 47 43 47 18 27 16 23 27 39 40 0 15 9 20 29 5 49 38 15 1 42 40 42 33 25 7 14 24 4 32 27 44 24 5 16 40 0 28 23 28 45 25 3 38 12 17 32 44 48 38 11 13 6 10 26 16 43 27 4 
33 36 42 11 0 31 34 4 44 24 32 16 15 35 46 43 47 4 13 32 10 44 28 48 44 7 35 46 12 38 21 36 10 9 14 50 2 16 36 41 42 17 24 19 18 32 49 19 1 37 29 23 46 0 17 14 19 16 31 7 26 18 17 0 37 4 7 7 3 42 37 25 35 25 6 36 35 21 40 
32 21 38 31 16 9 26 28 0 3 19 49 42 28 10 19 18 30 18 3 17 36 49 31 39 38 38 49 18 16 26 22 10 33 4 31 22 30 34 13 0 27 20 22 6 26 24 40 4 50 13 0 9 33 5 17 25 24 1 23 21 31 35 39 43 22 12 12 10 39 15 42 16 3 24 18 23 38 
16 39 14 40 49 38 17 23 7 30 2 20 6 46 12 49 45 0 14 37 28 15 12 15 9 21 9 2 8 1 41 40 37 44 40 2 33 8 0 22 39 27 32 17 30 33 29 15 4 19 30 45 6 0 45 14 9 2 30 19 49 20 13 13 48 16 18 27 40 22 44 45 30 10 18 41 22 
25 29 0 47 25 31 19 47 29 7 28 3 20 10 34 23 31 10 23 45 48 5 32 8 27 43 47 9 47 12 39 6 7 43 42 26 49 2 8 20 11 21 39 3 29 37 40 12 30 39 0 0 15 27 18 6 39 35 14 2 2 15 8 21 0 30 0 1 40 40 28 47 1 48 37 26 
43 48 37 41 11 24 34 40 47 39 40 25 45 50 0 3 37 24 10 26 10 23 48 23 34 31 10 38 36 29 0 49 41 25 6 9 22 0 50 17 14 41 35 33 32 23 1 12 33 5 23 3 43 29 48 1 17 6 19 47 31 5 7 50 41 0 7 11 2 41 18 30 26 24 3 
10 0 17 10 6 43 9 16 0 30 31 1 0 32 31 36 20 0 34 15 3 3 0 42 1 47 1 30 47 4 10 37 11 48 1 46 42 6 19 37 30 28 24 0 29 47 14 14 37 45 6 11 40 30 37 0 47 41 43 10 2 48 32 14 27 48 9 37 6 36 47 47 4 18 
21 10 30 18 44 39 11 23 32 0 16 41 35 25 21 15 0 6 24 4 1 33 48 43 1 9 30 29 3 31 30 25 34 20 34 14 7 26 0 38 4 10 0 31 44 29 42 42 37 31 4 47 7 17 31 32 10 1 39 45 5 3 3 47 30 6 20 27 34 8 1 3 4 
0 46 22 49 35 43 36 22 48 8 35 22 9 41 38 32 45 21 11 47 42 27 29 5 45 16 13 3 10 41 16 33 35 40 33 22 34 45 42 43 23 42 30 30 23 10 43 17 23 20 2 10 10 18 28 40 19 24 46 2 35 11 38 3 0 35 2 19 50 11 39 19 
33 41 0 11 14 44 15 37 43 3 19 3 11 16 14 25 22 39 23 41 9 39 36 45 46 16 24 18 0 43 27 47 20 29 50 33 27 10 20 6 24 15 22 36 39 23 47 3 36 42 22 8 7 21 36 20 21 39 31 16 38 29 31 25 0 4 35 36 20 33 46 
47 22 38 5 32 44 3 8 5 37 37 5 33 27 28 19 9 42 6 13 36 29 13 38 0 6 13 35 44 37 39 29 44 50 46 14 2 5 10 49 30 16 42 39 7 49 41 2 50 35 29 11 12 48 22 41 32 30 47 10 19 23 45 49 25 41 18 24 4 24 
34 2 22 47 48 50 42 47 42 13 49 42 25 43 27 6 29 37 16 24 50 38 14 18 36 2 23 16 44 35 37 14 7 47 23 4 27 50 45 31 15 17 3 47 3 33 35 49 1 12 45 38 32 0 48 25 6 10 40 28 29 3 0 8 44 0 20 37 49 
48 38 36 45 33 33 12 45 45 18 28 44 38 14 38 46 0 45 3 33 18 21 17 14 27 32 29 7 45 6 30 1 24 27 48 0 33 18 50 9 24 8 39 38 0 21 23 22 11 28 16 8 6 26 6 22 21 50 14 3 10 27 36 16 8 27 34 2 
48 37 33 31 10 29 37 15 41 3 25 24 40 43 13 8 40 38 35 28 43 45 49 5 13 31 47 0 5 34 49 16 11 9 35 20 41 16 0 15 46 19 42 42 4 25 35 11 1 1 48 9 0 0 27 7 11 29 9 31 17 11 37 43 45 49 49 
27 32 39 35 10 38 14 22 28 15 14 29 25 0 34 0 14 18 44 45 49 32 24 8 34 36 11 37 36 46 13 48 2 47 29 26 31 9 0 25 18 44 37 30 41 1 40 39 10 5 42 30 36 28 25 36 13 22 2 0 8 44 15 10 12 48 
21 10 22 28 15 29 18 25 48 1 4 7 6 50 8 9 3 15 9 50 26 25 46 46 14 29 13 35 42 44 9 0 43 19 12 16 10 23 4 25 9 25 13 11 9 44 14 22 33 30 28 13 16 22 16 14 7 41 29 0 16 42 21 9 26 
35 36 43 48 39 50 21 42 42 36 30 36 3 37 50 0 48 50 49 5 19 30 36 23 0 7 23 24 4 9 27 20 4 44 13 10 13 24 44 39 13 9 29 32 49 10 41 30 4 10 49 32 26 14 45 8 32 14 8 42 14 19 43 3 
37 13 41 21 15 44 48 48 7 37 18 48 0 42 8 3 1 18 30 33 12 32 7 18 14 19 48 27 23 22 23 17 20 20 1 35 13 5 33 13 16 35 27 39 6 28 44 7 8 40 11 5 28 37 19 41 0 42 42 41 45 43 1 
2 12 47 3 12 40 43 32 32 17 31 15 32 30 23 24 43 39 3 50 15 46 25 11 7 23 5 5 0 2 22 22 47 44 40 27 45 48 34 27 32 36 5 5 10 40 34 30 23 5 0 42 14 33 33 1 27 36 19 36 18 30 
15 50 22 19 28 7 43 29 49 16 49 10 0 8 25 29 48 38 48 35 45 32 40 49 6 3 34 30 35 29 49 3 38 0 20 1 29 15 31 9 49 50 30 29 37 17 2 35 40 32 39 38 39 36 33 20 17 35 44 21 7 
26 7 36 44 34 42 21 2 45 9 46 16 31 9 43 37 34 3 3 30 46 8 39 13 31 38 29 35 32 36 8 19 22 29 27 33 43 50 3 20 39 32 44 46 37 16 9 10 39 7 4 47 5 38 28 41 42 8 12 19 
11 28 12 7 47 48 40 17 2 32 11 21 23 27 37 5 46 44 15 13 25 4 32 47 20 44 2 41 16 11 28 44 44 9 14 9 13 19 41 42 35 8 31 48 35 49 26 28 41 29 34 27 16 17 0 16 16 32 41 
40 25 25 14 3 16 11 0 5 26 39 6 36 38 19 14 37 5 32 35 2 14 50 48 2 38 31 3 45 25 12 19 0 15 5 20 5 14 0 43 40 21 44 23 11 34 50 50 47 38 5 32 45 1 46 19 8 21 
49 24 30 5 48 48 46 37 10 48 40 37 0 0 31 15 29 4 26 16 28 48 15 36 14 10 47 13 21 24 0 46 50 3 46 16 0 24 0 14 21 49 27 29 0 30 4 23 6 18 21 24 12 20 27 31 18 
35 19 8 13 23 18 10 35 38 50 1 7 20 43 5 26 13 4 16 11 23 33 3 42 5 50 6 12 50 1 14 34 47 33 48 16 9 16 28 27 25 10 37 42 12 25 33 18 14 39 28 1 31 32 4 15 
19 46 0 46 29 44 2 45 48 1 49 30 30 48 12 33 14 50 13 0 5 20 34 41 2 21 44 9 48 15 43 16 21 0 2 20 11 15 31 26 26 7 26 13 3 31 31 40 30 30 33 18 14 24 5 
35 9 1 20 9 47 18 50 13 33 1 5 49 41 8 12 27 7 29 8 9 45 4 10 23 27 47 21 37 11 9 19 17 35 37 38 23 33 24 22 0 36 8 8 6 25 50 26 7 23 0 27 22 34 
26 45 5 34 14 29 43 0 8 12 31 3 39 49 29 33 46 12 32 42 32 20 19 41 22 32 4 31 50 17 32 15 16 0 7 14 9 34 4 8 14 13 33 3 40 9 45 46 24 14 7 13 31 
25 19 49 28 5 37 11 0 14 46 1 4 39 50 42 2 0 18 10 50 3 26 47 8 38 48 1 36 37 1 47 35 31 12 10 6 43 45 19 19 0 32 3 9 43 34 3 15 7 16 22 10 
22 3 19 11 11 2 44 5 34 19 1 29 0 42 36 27 8 11 47 49 26 15 28 34 4 0 9 33 34 24 15 26 1 21 23 6 22 34 42 34 3 26 1 18 17 27 2 32 33 31 11 
37 44 27 22 37 1 50 39 29 0 3 21 35 47 43 42 12 31 22 30 28 9 21 26 39 5 44 1 19 9 50 40 26 4 39 34 26 17 24 1 25 8 3 44 43 42 10 40 21 27 
15 17 49 17 17 32 0 29 0 42 8 35 7 38 14 11 31 46 18 30 31 47 49 37 46 38 43 1 37 11 17 30 21 10 13 8 20 3 49 0 13 1 14 0 3 5 48 17 7 
12 36 19 23 31 20 15 8 1 0 0 24 45 11 18 49 47 9 38 3 40 33 49 12 23 40 46 49 15 2 44 2 2 3 31 38 22 43 21 13 25 48 0 42 28 29 34 36 
23 12 40 18 21 8 27 24 12 29 22 24 23 18 13 14 34 31 38 49 46 46 20 1 3 26 49 17 2 37 8 40 33 24 0 22 8 8 13 8 30 45 29 34 21 23 44 
38 25 28 25 25 27 29 46 46 1 6 17 38 22 19 20 35 40 11 15 45 25 29 12 34 35 4 19 49 14 43 21 38 43 13 48 9 35 38 41 36 40 11 31 43 0 
0 36 39 15 14 11 20 24 34 23 11 23 34 30 35 7 21 11 2 17 19 38 28 0 34 21 24 38 43 39 39 16 44 24 30 13 42 49 23 25 31 4 45 7 43 
47 48 12 27 18 40 36 8 24 0 43 8 15 0 7 39 38 16 22 21 42 18 16 8 4 15 6 47 29 2 17 0 30 13 11 35 34 28 0 16 39 41 6 0 
32 7 25 4 29 27 10 39 50 13 41 2 13 26 48 0 20 20 20 0 19 23 27 46 15 23 37 12 14 36 5 8 27 15 44 22 44 50 31 31 21 8 45 
34 39 15 47 46 17 32 5 43 50 39 32 1 20 37 16 39 43 33 4 21 16 42 36 4 18 48 19 19 6 44 45 31 17 17 23 25 29 10 11 48 27 
28 38 30 4 41 43 11 34 16 29 23 41 31 32 2 37 2 16 37 30 49 40 50 45 13 37 17 22 43 9 0 0 17 29 11 50 9 11 5 32 48 
18 16 18 30 19 10 36 3 0 50 32 8 0 35 22 30 22 1 48 4 15 36 33 12 29 5 48 49 33 50 46 0 15 44 5 20 13 37 23 38 
25 46 13 48 6 10 36 25 16 44 34 33 22 43 4 20 14 4 40 30 12 12 27 50 19 1 35 48 32 14 4 28 42 13 26 27 19 7 12 
47 4 19 34 29 17 47 41 48 9 47 26 36 40 25 44 11 8 9 25 44 19 30 21 8 23 38 28 8 43 14 15 21 14 49 42 7 46 
7 8 45 24 21 13 32 42 26 37 37 32 30 4 46 8 37 3 16 48 13 32 47 3 33 21 34 32 38 7 29 0 31 13 7 23 5 
40 39 27 32 5 36 32 39 24 50 6 43 39 19 21 32 10 50 45 3 46 24 49 44 9 7 1 34 14 18 48 49 42 21 40 1 
11 29 9 41 19 42 26 30 42 3 32 11 46 29 32 9 26 11 1 48 2 35 6 31 28 9 5 25 23 7 30 28 37 0 37 
47 1 28 6 48 46 43 40 14 5 28 10 35 17 18 29 36 1 5 33 32 40 28 15 35 47 42 47 36 50 45 35 30 0 
50 47 0 49 38 43 15 31 45 32 49 14 5 28 50 34 14 26 11 12 23 40 49 40 40 24 11 21 18 1 9 14 27 
5 18 30 29 3 48 23 36 13 9 36 34 25 1 21 39 8 39 45 22 50 2 6 23 36 7 0 15 0 12 0 46 
2 35 17 36 0 28 43 5 33 27 0 37 47 33 19 22 25 35 29 49 21 18 12 35 34 7 28 21 38 49 8 
49 44 5 32 16 32 18 43 20 37 47 34 27 6 22 28 44 48 21 5 33 37 2 38 24 19 22 12 35 30 
25 43 0 3 0 25 8 45 15 27 37 2 24 21 20 31 11 8 32 25 20 26 32 19 46 40 37 23 12 
30 2 47 27 36 39 42 47 40 27 11 16 37 28 29 19 0 22 28 35 44 8 29 29 0 16 49 2 
27 9 5 18 45 8 19 25 26 5 23 12 43 10 35 32 16 19 1 44 25 4 13 32 36 5 45 
50 9 24 17 41 5 0 30 0 50 38 32 9 49 50 15 34 44 10 15 13 3 6 50 35 15 
39 46 42 34 25 15 5 4 11 37 6 43 13 29 0 35 20 38 46 23 38 15 49 45 38 
7 20 48 48 49 17 19 2 24 44 40 36 32 45 16 27 13 5 27 37 33 34 47 5 
21 20 49 9 18 31 4 3 38 15 13 49 10 41 38 8 35 0 9 36 25 33 50 
37 32 14 27 0 39 31 5 49 14 33 47 43 19 4 39 50 10 48 44 44 11 
12 10 18 4 19 23 14 0 49 1 27 0 44 24 39 14 15 35 37 33 42 
49 4 4 22 28 4 5 0 25 35 34 2 11 1 18 8 14 44 33 6 
44 41 0 37 48 36 48 14 42 35 32 22 21 43 16 42 33 48 13 
37 3 39 21 0 7 40 48 7 49 41 39 29 48 12 30 25 49 
47 40 0 3 5 44 49 8 0 22 9 22 13 26 10 2 10 
33 8 7 48 19 14 14 39 16 4 11 13 44 13 7 14 
43 0 7 46 21 5 37 11 49 30 15 10 12 0 1 
12 8 14 29 45 3 29 31 8 8 39 29 27 32 
18 36 25 13 35 50 39 50 17 11 8 20 23 
37 15 21 12 46 31 0 39 47 30 11 7 
7 40 31 47 27 7 35 48 23 20 17 
12 47 25 44 25 14 32 9 50 36 
49 14 7 1 1 37 3 4 0 
43 45 6 44 37 37 29 20 
26 29 9 49 27 25 35 
35 1 50 32 35 1 
11 50 6 11 4 
1 30 11 43 
29 17 45 
7 30 
38 

1 13
1 35
1 47
1 68
1 79
2 6
2 7
2 35
3 40
3 67
3 78
4 19
4 20
4 59
4 84
5 33
5 44
5 67
5 80
5 98
7 9
7 18
7 60
8 39
8 45
8 77
9 68
10 12
10 76
10 83
10 90
10 92
11 55
11 71
11 83
12 21
12 43
12 50
13 36
13 58
13 85
14 70
14 92
14 99
15 52
15 53
15 87
16 56
16 63
16 65
16 89
17 27
17 36
17 81
17 99
18 25
18 26
18 79
18 83
18 87
19 56
19 80
20 52
20 78
21 26
21 75
21 85
22 31
22 63
22 74
23 41
23 62
23 77
24 27
24 75
24 76
24 89
24 91
25 40
25 56
25 63
25 91
26 28
26 35
26 39
26 44
26 49
26 70
26 82
27 37
27 44
27 66
27 70
28 29
28 93
29 32
29 58
29 94
30 55
31 85
31 94
31 97
32 49
32 68
32 77
33 61
33 72
33 86
33 87
34 48
34 50
34 73
34 94
35 67
35 95
36 52
36 61
37 50
37 94
38 67
38 89
39 52
39 73
41 96
42 50
42 75
42 81
43 56
43 57
43 74
43 80
43 82
43 88
45 48
45 65
45 79
46 87
46 97
47 55
47 81
48 56
48 65
48 89
49 62
49 75
50 60
51 58
51 60
51 91
51 95
52 62
52 63
52 95
53 88
54 100
55 56
55 79
56 66
56 70
56 88
56 95
56 100
57 73
57 77
59 90
59 91
60 69
60 73
60 92
63 95
65 99
66 100
67 70
68 95
68 97
68 99
69 74
69 80
71 74
71 76
72 89
72 97
74 81
74 83
75 90
77 95
78 83
79 87
79 91
80 88
81 84
82 87
83 86
83 92
85 87
85 99
88 95
91 100
