100 198 1000

55 109 103 106 77 39 110 75 51 33
101 12 80 109 91 11 56 106 69 14
67 14 110 30 103 18 71 37 16 58
64 27 20 21 35 25 68 30 17 89
24 101 23 14 11 11 106 103 60 56
31 54 105 83 27 31 49 73 14 104
105 96 51 15 35 15 24 22 55 51
72 80 59 60 28 110 47 74 86 107
26 23 33 105 57 49 69 58 26 14
54 78 105 68 89 44 26 88 67 37

45 99 93 96 67 29 100 65 41 23
91 2 70 99 81 1 46 96 59 4
57 4 100 20 93 8 61 27 6 48
54 17 10 11 25 15 58 20 7 79
14 91 13 4 1 1 96 93 50 46
21 44 95 73 17 21 39 63 4 94
95 86 41 5 25 5 14 12 45 41
62 70 49 50 18 100 37 64 76 97
16 13 23 95 47 39 59 48 16 4
44 68 95 58 79 34 16 78 57 27

42 50 47 30 34 24 5 6 20 3 7 19 44 24 48 29 9 19 39 36 48 45 32 35 45 21 18 39 9 12 19 34 2 16 18 11 17 20 11 0 19 28 19 4 3 20 40 29 17 50 36 37 10 35 6 22 40 13 20 21 27 26 39 29 22 3 5 37 5 14 29 32 29 23 31 38 7 43 6 50 12 27 46 5 16 37 15 12 15 15 26 22 18 28 48 19 43 38 5 
46 12 32 17 15 0 36 37 3 26 6 3 22 26 5 0 42 0 19 48 12 34 3 46 23 42 49 34 45 12 37 20 20 0 22 6 22 48 11 12 10 25 39 32 34 33 3 48 18 4 3 30 48 23 24 47 1 26 15 10 24 47 14 28 46 26 11 17 12 20 31 41 15 26 22 6 5 23 10 29 29 26 27 12 12 8 43 18 23 24 25 49 16 3 26 24 2 6 
38 45 44 32 34 38 10 1 23 17 29 39 4 11 37 27 47 18 32 3 25 0 32 20 44 46 7 13 23 21 44 0 44 45 28 6 8 21 47 37 35 10 30 36 14 43 21 18 23 15 15 42 8 44 31 3 50 24 19 49 33 31 20 36 44 40 47 21 12 23 4 38 24 14 17 9 50 48 35 41 41 18 32 15 12 48 13 0 23 1 47 30 37 13 41 21 10 
27 5 6 10 42 17 42 21 2 1 34 25 42 27 20 3 50 2 1 16 45 19 22 13 46 46 7 6 0 46 50 32 0 4 13 39 38 4 29 10 13 36 30 45 43 28 23 29 40 16 50 17 3 28 15 48 15 25 12 41 26 37 8 48 14 50 18 45 33 14 2 41 35 49 42 41 3 4 36 50 42 32 20 11 8 34 12 44 12 30 12 49 0 25 17 39 
30 37 39 49 17 16 29 8 21 37 38 17 34 11 38 35 13 50 48 24 36 24 35 39 27 19 26 30 16 26 4 2 8 17 50 21 48 13 48 18 47 34 27 47 1 20 44 4 32 34 3 27 12 10 25 25 14 6 38 25 1 10 50 43 49 32 18 4 9 28 12 31 15 22 40 20 14 4 47 2 30 9 36 27 50 0 2 14 34 15 13 48 31 38 7 
0 21 34 50 31 16 48 39 26 45 8 41 10 33 38 37 45 2 24 45 9 46 5 24 3 33 22 34 8 2 22 41 28 24 39 49 43 19 23 19 41 7 17 37 35 27 13 50 8 28 34 23 1 40 22 33 0 12 12 35 28 0 7 30 0 8 2 39 9 8 8 21 48 44 29 27 16 50 1 48 0 35 33 11 40 34 45 42 32 48 10 31 11 43 
27 16 42 11 15 39 36 31 41 49 50 48 48 7 10 1 2 6 37 12 0 7 50 41 20 7 35 17 24 25 39 30 46 32 50 26 47 14 45 39 40 7 45 12 5 42 30 21 44 3 24 20 30 16 40 17 18 48 8 44 28 45 13 5 11 3 5 29 1 27 17 12 40 16 44 33 41 17 33 20 35 14 26 50 10 49 2 42 3 6 43 22 7 
12 2 15 37 15 45 21 5 8 17 8 9 20 32 1 35 39 49 36 50 31 23 27 35 33 23 42 11 33 37 14 14 47 15 4 24 5 30 9 27 33 0 31 50 25 29 37 7 28 37 26 13 14 49 24 36 0 22 23 11 38 26 41 26 35 23 45 32 30 2 22 32 16 33 41 26 47 20 18 19 7 9 37 48 41 28 45 23 16 0 35 22 
1 49 38 0 8 29 22 48 39 47 27 35 11 18 22 25 11 16 33 32 23 10 21 42 18 50 49 5 28 40 32 18 4 24 48 15 8 23 48 16 46 49 4 26 29 34 45 49 4 27 11 35 34 50 11 26 48 21 0 47 10 35 9 21 25 33 41 37 37 0 5 1 37 29 36 40 15 23 34 34 23 37 5 31 1 28 46 8 12 47 13 
19 10 38 48 47 42 22 14 24 40 1 29 31 38 3 2 0 37 1 31 19 4 32 38 20 24 44 28 24 44 19 12 32 14 42 13 43 16 29 18 48 1 5 47 38 16 10 37 32 34 5 20 16 0 24 38 8 18 27 2 7 48 41 6 18 29 2 41 14 21 50 15 45 44 42 11 21 33 10 4 38 36 49 37 39 22 23 14 16 29 
47 21 9 26 48 33 10 6 37 13 6 10 46 14 14 42 29 11 29 47 49 16 29 34 19 3 50 30 35 17 3 7 11 5 44 20 44 33 39 10 36 7 17 13 43 39 30 26 47 3 24 9 2 29 26 11 14 30 45 24 25 6 37 48 40 6 39 5 30 22 1 37 41 10 8 2 18 16 37 7 2 17 24 0 29 48 31 6 15 
6 4 38 12 36 50 5 13 40 47 45 14 31 30 34 33 46 14 10 21 12 6 4 19 17 50 25 5 18 1 12 1 9 48 42 8 13 29 25 11 15 28 10 7 40 15 32 24 12 0 13 46 16 18 11 34 2 28 44 29 13 5 3 17 35 11 39 40 18 25 37 21 28 38 47 2 48 33 45 21 32 33 7 30 42 13 45 22 
8 38 4 29 13 19 15 2 21 41 12 8 30 20 0 32 5 28 14 23 6 4 4 42 19 49 2 43 22 27 33 19 40 21 11 18 29 23 49 37 25 43 41 10 2 17 21 9 14 18 22 0 35 21 16 4 12 19 21 34 10 35 3 42 19 14 16 45 27 16 24 33 45 3 47 1 7 7 28 45 21 15 25 21 8 0 38 
6 11 0 46 40 43 20 47 44 8 15 21 40 26 13 47 15 9 27 17 21 43 38 26 42 12 16 47 34 5 12 38 39 44 24 35 49 40 22 20 14 43 26 4 1 19 16 47 15 37 37 2 5 27 0 43 24 18 50 26 39 47 16 16 44 22 40 45 0 0 44 4 26 47 4 27 33 10 25 26 6 38 27 46 19 18 
50 11 32 5 48 14 48 47 28 14 44 35 36 32 48 26 49 39 14 50 19 43 27 10 1 45 34 30 11 41 21 3 19 47 44 5 33 42 47 34 30 39 32 46 39 12 31 12 11 33 11 48 41 9 41 28 3 15 4 25 46 5 5 49 23 44 25 24 48 24 8 9 31 21 7 45 25 34 7 13 50 48 10 15 6 
26 17 47 46 12 8 11 2 0 11 24 0 35 8 44 8 11 50 2 16 28 44 28 22 10 22 5 37 44 31 38 10 46 7 40 36 23 9 38 33 26 21 39 50 20 15 30 0 39 46 36 15 27 16 45 20 42 18 2 17 9 24 27 12 10 28 6 5 1 12 0 17 11 25 35 48 14 39 12 0 20 14 26 43 
7 10 23 26 19 14 1 50 11 20 43 31 39 22 12 44 30 6 11 47 28 23 21 27 0 18 2 33 1 47 35 5 25 37 7 15 17 37 16 47 12 16 38 12 21 16 6 36 48 21 22 22 8 42 46 26 40 39 34 5 12 1 20 3 39 26 27 7 38 31 36 41 4 9 34 10 46 20 17 8 44 23 29 
6 40 38 15 36 19 15 2 20 9 47 33 33 39 39 39 20 34 17 20 0 0 19 44 11 30 0 50 12 50 17 14 30 38 22 40 47 26 5 12 27 32 43 21 0 37 47 29 27 0 30 5 48 29 11 38 17 43 17 50 34 15 36 2 18 3 16 50 17 14 42 39 49 14 30 12 15 12 0 33 2 38 
2 11 28 38 43 19 13 32 22 18 47 19 49 39 2 8 31 20 33 19 13 37 28 0 24 12 20 20 21 22 0 24 38 21 37 48 34 5 11 34 32 4 5 24 41 31 3 38 17 9 8 37 11 10 44 27 37 49 41 4 22 38 7 31 22 23 19 16 42 10 0 45 7 29 9 3 20 46 16 45 11 
26 5 22 8 46 6 5 29 47 21 2 12 15 31 41 18 9 12 2 8 24 36 24 45 12 20 21 42 2 5 1 36 9 50 37 18 39 36 29 46 27 33 1 38 37 21 42 10 31 49 44 33 8 22 12 50 8 16 44 20 11 0 43 34 13 41 46 2 0 30 34 36 27 8 8 47 34 5 41 27 
47 19 41 4 29 35 16 48 48 20 31 45 27 30 33 50 25 9 3 10 29 29 8 7 46 10 33 38 29 20 4 23 38 13 24 48 5 41 28 0 16 10 25 38 37 39 19 45 42 7 17 8 16 48 44 0 0 11 15 20 48 19 0 15 16 27 18 44 6 12 4 19 43 7 20 23 19 45 46 
39 7 42 47 45 0 27 47 44 6 24 11 6 45 12 31 43 2 11 23 25 46 24 18 8 6 39 21 0 25 43 12 38 35 30 40 13 40 26 44 41 12 20 22 25 48 21 42 4 29 12 16 8 41 18 43 10 6 37 33 35 0 32 43 7 18 47 16 41 6 12 29 14 7 48 20 44 3 
5 32 20 44 9 20 34 18 0 39 12 24 6 3 18 9 48 5 27 43 4 40 14 39 29 26 46 45 18 24 10 1 46 0 8 8 8 5 45 19 48 28 44 26 24 30 12 10 13 30 8 29 18 43 19 29 1 8 33 36 24 35 34 44 24 12 34 7 27 12 43 0 16 29 43 33 24 
22 41 40 27 37 0 20 49 45 31 32 35 25 22 42 47 9 12 2 34 12 50 24 26 30 15 9 43 26 13 8 48 43 6 33 31 7 5 25 1 37 17 4 46 37 21 6 50 31 17 13 2 6 30 38 31 23 19 42 0 39 1 44 36 38 50 5 16 18 6 22 25 6 30 36 42 
21 3 6 29 44 15 3 38 44 38 16 20 18 39 16 15 35 17 8 37 50 46 32 0 16 27 38 36 5 17 16 17 0 39 23 38 30 23 0 34 14 49 19 40 40 18 0 47 2 0 12 4 24 7 35 35 9 47 49 32 8 39 12 8 17 9 34 12 18 25 37 18 36 25 49 
34 27 46 1 28 44 37 35 10 45 21 4 12 45 44 23 38 18 25 0 0 9 11 0 26 31 28 6 32 43 33 19 43 4 16 28 40 44 0 50 0 23 4 42 30 7 39 19 43 9 4 32 35 31 23 22 8 37 45 31 23 46 50 50 41 24 5 10 42 8 35 16 19 0 
49 0 9 1 0 11 5 0 27 42 46 46 45 26 19 41 17 12 7 38 42 9 32 6 0 46 11 26 28 40 16 33 5 9 0 5 7 4 16 28 41 48 28 37 17 21 6 42 21 43 4 1 19 7 18 24 50 14 19 46 13 31 22 0 39 33 20 4 24 12 29 41 44 
49 42 12 27 4 13 21 0 29 45 37 27 40 46 17 12 18 14 29 11 28 29 29 5 47 31 4 41 2 29 1 1 0 9 25 0 22 4 42 7 8 26 4 38 13 19 34 31 22 49 30 39 35 6 26 50 9 47 22 10 47 34 10 12 16 21 42 9 18 22 44 1 
48 19 24 18 25 38 7 14 46 32 30 0 11 43 26 36 15 38 44 17 9 47 18 48 23 44 31 8 22 34 44 19 1 10 4 1 1 5 9 26 0 29 13 0 31 27 24 48 25 40 34 30 0 0 37 19 33 1 5 33 45 26 18 2 21 45 0 31 0 16 37 
40 2 29 46 31 47 31 33 8 6 46 41 25 24 32 27 16 34 46 21 4 4 23 13 37 46 8 22 8 16 3 0 3 33 1 46 18 14 13 33 17 18 6 8 42 45 16 32 48 35 0 34 2 0 20 23 15 47 5 49 22 6 12 22 23 11 0 49 22 0 
46 31 40 24 16 42 7 35 0 4 46 38 11 34 29 12 41 39 27 26 0 7 25 13 11 3 11 18 21 21 39 23 28 28 34 12 47 28 48 4 49 33 47 6 33 49 12 50 38 46 5 3 41 19 30 26 45 0 11 3 25 24 30 22 29 6 22 12 42 
45 18 5 33 49 18 49 5 5 15 9 38 5 26 43 50 29 23 12 35 18 22 14 24 18 15 4 49 22 37 0 5 48 11 21 22 42 46 8 3 49 13 31 26 0 34 11 45 45 47 8 45 6 18 13 11 18 17 43 16 7 28 2 18 23 38 31 33 
3 24 46 26 26 30 36 20 34 27 21 35 8 26 19 15 5 46 42 6 33 44 32 8 45 4 9 30 42 12 20 5 28 49 9 21 19 14 6 39 49 24 34 32 16 35 5 16 31 36 27 21 25 34 40 8 45 44 7 46 14 7 49 7 41 14 23 
10 40 3 37 0 42 45 30 46 35 8 3 35 28 40 40 19 37 25 12 37 38 30 0 34 37 2 31 29 39 28 0 11 47 9 20 43 30 2 23 4 45 31 20 23 8 15 35 21 44 33 49 49 30 9 11 16 26 10 32 21 5 3 19 26 40 
2 43 26 2 36 14 41 28 26 50 24 26 7 7 27 27 22 24 38 14 25 46 43 45 47 43 0 29 42 0 38 5 14 17 42 2 40 43 45 1 29 42 22 36 6 12 7 8 24 33 0 1 0 28 49 4 37 11 43 16 35 11 42 25 31 
0 20 19 21 7 40 33 44 14 48 22 27 16 31 25 41 35 13 12 33 28 36 50 28 36 31 43 3 25 40 41 21 27 42 16 40 37 19 48 13 30 39 7 3 0 14 6 14 25 5 26 16 14 43 9 50 41 4 49 14 17 12 27 37 
42 44 22 44 10 16 38 34 34 33 16 32 21 45 38 9 36 47 45 42 22 47 33 33 10 26 27 23 33 48 29 9 16 9 19 34 37 27 39 17 18 16 0 0 19 24 35 33 39 26 19 6 3 42 2 15 20 10 7 3 48 17 47 
20 45 44 20 16 2 19 15 30 21 21 20 6 41 47 45 18 21 10 31 30 43 48 31 24 29 47 31 49 22 44 43 12 23 15 4 44 36 39 31 31 13 15 4 4 47 1 11 8 40 13 4 25 2 15 12 36 49 49 20 19 49 
7 50 24 32 3 9 41 33 9 5 50 47 38 44 44 49 0 23 46 45 29 3 6 50 32 33 0 0 12 41 41 31 25 36 18 45 9 48 15 39 29 13 35 0 41 21 47 0 13 29 6 31 46 14 44 47 48 31 16 47 11 
1 14 32 38 37 31 12 15 8 50 6 48 28 27 11 11 0 25 36 39 12 14 38 6 26 24 31 49 14 3 49 41 15 35 27 16 32 14 0 48 19 47 7 18 44 30 31 14 48 15 32 7 6 26 38 2 0 49 0 37 
14 27 40 0 21 46 0 30 3 7 18 30 42 38 14 50 4 9 0 10 42 33 13 20 19 33 36 13 34 2 49 25 11 35 31 0 38 29 1 14 26 43 19 33 50 48 34 50 50 45 43 28 24 29 27 47 26 38 34 
49 11 29 2 18 2 29 32 9 29 19 26 25 40 31 24 49 5 32 24 10 30 12 5 47 43 0 4 46 49 45 9 42 10 10 13 30 28 7 7 38 30 41 50 0 9 37 5 26 32 1 7 49 34 3 11 47 12 
32 15 15 40 0 44 0 34 48 45 31 38 27 32 18 11 50 0 36 0 27 33 30 10 48 2 0 26 0 22 43 27 29 30 16 45 31 23 21 3 21 41 15 32 22 38 44 29 18 48 9 41 6 47 8 0 32 
17 21 11 40 6 28 11 36 23 24 43 40 41 15 18 19 43 19 28 10 48 0 34 34 6 13 9 45 36 23 28 32 17 46 46 30 38 48 39 50 18 14 41 40 10 41 47 9 10 2 50 4 2 31 18 4 
50 34 49 28 5 9 10 3 44 50 37 1 21 47 43 20 31 48 8 4 40 23 5 9 42 28 13 33 36 27 31 11 7 20 12 0 6 40 26 2 46 27 36 21 46 32 45 27 14 9 20 12 27 42 29 
42 44 3 18 7 29 8 39 31 41 34 32 16 6 8 1 18 34 4 13 40 26 6 34 49 22 5 26 31 47 29 23 21 12 22 26 35 19 38 20 33 47 32 25 46 42 23 17 10 50 45 0 44 10 
35 50 22 0 36 47 34 13 18 47 45 37 29 17 3 45 3 50 22 23 22 20 1 5 31 38 23 27 0 46 34 30 26 26 45 45 11 23 29 41 39 9 31 48 10 27 37 22 50 0 47 39 35 
11 30 36 41 0 48 46 36 29 15 17 32 40 20 12 10 10 0 30 31 11 10 0 31 48 37 36 44 1 45 21 2 14 9 1 24 41 47 37 21 28 5 8 25 48 35 36 46 18 42 1 43 
7 50 20 40 32 47 50 35 19 21 0 0 43 17 37 22 25 45 32 28 21 39 27 49 23 11 42 43 9 34 37 43 1 9 5 5 36 36 21 31 22 44 4 50 25 14 20 29 6 26 14 
48 18 19 40 0 34 0 48 31 18 11 5 0 5 41 36 48 37 26 4 31 34 35 30 48 44 30 8 32 4 2 3 11 39 38 46 18 45 15 10 31 40 3 9 43 15 4 26 33 31 
26 36 26 30 25 0 38 28 3 1 26 7 20 11 43 46 0 1 42 19 33 14 6 7 24 38 38 1 31 39 20 4 17 38 43 42 0 16 10 10 49 43 32 42 4 18 44 50 24 
6 9 11 41 10 42 4 50 33 12 49 49 7 15 38 29 0 12 31 48 10 50 28 2 11 44 41 6 4 37 0 28 42 12 45 30 42 47 0 15 11 17 29 23 31 32 25 37 
0 41 34 6 17 18 12 50 15 0 18 41 49 37 46 4 14 8 18 23 0 30 8 23 5 25 8 23 41 8 48 48 17 49 12 48 8 25 45 5 50 23 25 24 41 34 28 
20 50 36 29 14 3 15 36 34 49 42 46 46 48 27 31 34 46 1 43 24 29 26 13 41 0 26 33 32 3 4 48 26 5 30 5 23 26 3 8 16 46 0 27 46 17 
9 34 39 20 0 11 5 28 37 50 34 44 47 43 2 35 17 22 6 1 26 37 6 50 44 22 21 27 45 30 6 16 27 16 3 40 24 22 5 50 42 37 22 34 8 
6 25 9 4 35 22 6 17 17 25 45 2 33 39 35 0 40 4 33 24 17 30 42 41 33 31 11 37 24 50 33 34 32 12 40 44 20 12 38 0 31 23 32 24 
15 2 45 34 40 37 35 42 37 17 24 42 16 25 12 15 49 4 45 46 20 9 0 21 9 6 34 35 18 25 45 1 2 31 37 29 42 32 40 41 29 11 6 
8 9 19 28 37 25 23 21 43 9 37 0 45 43 50 14 13 17 12 48 49 15 36 30 35 0 22 25 1 17 14 24 23 19 24 37 43 20 39 34 23 49 
24 38 43 5 6 22 33 35 50 27 12 18 50 19 15 24 8 39 3 5 25 31 29 16 6 31 37 18 19 6 44 13 31 7 36 2 47 41 28 17 0 
16 39 33 30 35 22 19 17 29 0 2 7 29 47 20 0 45 36 22 13 28 25 18 47 4 2 38 43 36 23 9 10 18 4 23 14 5 49 9 22 
2 16 24 32 45 10 25 49 37 33 18 11 45 43 24 30 19 41 21 29 41 3 48 11 17 12 24 25 25 50 9 46 0 11 43 0 2 40 30 
32 39 4 10 7 8 15 10 39 15 33 23 23 48 17 42 7 49 37 8 22 4 17 21 36 22 50 28 42 25 6 46 1 47 11 42 26 10 
25 25 38 11 35 5 24 49 44 8 39 42 21 0 33 42 47 32 1 10 38 47 24 43 19 12 24 31 34 0 9 0 43 9 1 7 36 
13 50 3 26 29 3 32 9 36 6 3 19 33 38 42 21 30 31 36 11 44 29 0 44 27 36 38 19 43 41 39 30 37 25 17 43 
41 23 44 7 50 33 19 25 36 18 26 3 16 14 17 2 27 45 14 12 46 47 39 48 18 39 46 17 34 41 29 27 46 8 46 
8 42 42 20 10 0 16 6 12 13 13 3 39 0 7 24 4 15 31 48 49 40 40 46 12 16 23 49 39 38 9 22 9 11 
1 23 50 34 38 39 29 17 24 47 37 39 44 50 24 48 41 10 45 36 3 20 26 49 18 39 32 45 19 6 37 30 18 
16 47 0 39 17 23 18 27 26 38 15 6 17 29 39 25 20 29 21 31 23 29 0 40 28 7 32 5 50 3 0 26 
38 25 5 20 44 40 17 48 0 23 33 6 20 46 26 47 18 41 46 29 50 11 0 39 43 31 6 41 12 44 25 
22 0 20 35 20 24 42 4 35 14 39 35 15 13 15 32 25 43 47 14 12 20 24 30 28 28 37 28 35 33 
24 22 2 36 36 10 23 14 20 19 38 36 26 8 8 42 32 33 34 32 3 25 41 9 41 48 20 41 40 
26 44 41 19 26 35 23 1 8 50 38 49 31 36 36 12 39 7 45 15 39 48 18 24 45 44 24 37 
0 43 25 13 15 0 8 25 41 39 45 13 12 49 37 49 12 9 24 20 4 12 48 19 0 12 16 
13 49 30 11 32 7 50 10 16 38 5 36 44 19 47 32 14 7 49 14 14 24 26 30 23 50 
0 0 37 9 8 25 29 36 27 2 8 16 10 11 12 28 46 21 44 30 0 0 43 15 41 
20 32 42 31 47 21 24 48 16 39 44 29 9 38 27 28 49 44 7 15 17 32 23 5 
10 29 42 20 25 10 7 26 26 30 42 12 0 20 44 21 36 35 24 19 47 12 19 
0 2 20 8 26 48 44 31 48 15 22 22 40 18 10 14 3 18 9 40 10 21 
21 3 0 27 6 35 20 6 19 42 7 20 36 17 13 25 10 10 28 10 29 
5 29 42 6 24 4 25 41 0 29 36 23 42 31 39 36 8 12 30 45 
2 34 21 13 23 43 13 47 1 47 29 4 3 27 15 42 4 29 7 
22 9 0 24 29 31 24 32 7 1 35 23 20 48 31 23 36 34 
42 47 30 6 50 6 40 1 8 8 40 25 45 46 42 18 22 
30 23 27 28 38 29 48 1 24 25 3 10 26 5 34 3 
4 46 41 40 7 25 20 20 16 15 9 48 28 36 32 
25 42 39 3 8 16 50 7 16 0 44 36 38 22 
16 40 34 19 35 27 0 19 21 5 9 3 30 
25 12 38 25 4 5 30 8 24 35 30 48 
22 24 49 48 48 30 4 40 30 47 25 
9 43 47 16 32 16 13 13 21 14 
16 48 35 36 42 38 47 28 37 
6 35 42 39 19 44 23 7 
12 45 46 28 20 15 0 
30 36 42 25 20 16 
5 5 20 4 34 
10 14 2 27 
32 11 36 
21 44 
0 

1 41
2 8
2 18
2 20
2 36
3 25
3 35
3 91
4 33
4 37
4 97
5 91
6 7
6 63
6 68
6 71
6 87
7 28
8 50
8 65
8 98
9 13
9 68
9 79
10 27
10 64
11 95
12 62
13 28
13 65
13 99
14 17
14 69
14 83
14 84
16 25
16 28
16 64
16 87
16 96
17 42
18 39
18 40
18 45
18 63
18 68
18 97
19 43
19 50
19 90
20 82
20 89
21 61
21 77
21 78
21 84
22 28
22 51
22 84
23 32
23 57
23 95
24 30
24 84
25 49
25 58
25 64
25 72
25 75
26 46
26 47
26 50
26 65
26 67
26 100
27 29
27 32
27 35
27 52
27 62
27 91
28 36
28 61
28 64
29 41
29 70
29 73
29 82
29 83
29 96
29 98
30 62
30 81
30 84
30 97
30 100
31 40
31 52
31 89
32 63
32 77
34 39
34 58
34 66
35 62
35 65
35 86
35 88
36 37
36 81
37 80
37 81
39 56
39 66
39 67
39 83
39 87
40 57
40 79
40 97
40 99
41 45
41 48
41 60
41 77
42 69
42 87
43 48
43 50
43 61
43 63
43 70
43 72
43 99
44 66
45 81
46 98
47 51
47 76
47 97
48 53
48 66
48 71
49 60
49 61
50 55
50 57
50 63
51 57
51 68
51 88
52 69
52 83
52 91
53 54
53 63
53 74
54 80
54 97
55 60
56 72
56 96
57 80
58 70
58 84
59 100
60 70
60 76
61 94
61 97
63 77
63 93
63 95
64 87
66 72
66 80
68 71
68 91
68 99
69 78
69 92
70 72
73 74
73 79
73 98
75 76
75 77
75 96
75 97
77 90
78 79
79 82
80 89
82 85
86 96
87 94
93 100
99 100
