100 396 1000

25 62 74 70 84 44 105 84 58 89
47 17 39 73 53 55 71 54 88 74
65 19 93 67 26 15 94 82 38 23
38 36 35 98 50 42 99 22 40 49
63 85 33 91 86 36 64 68 50 33
26 94 68 52 65 31 63 62 105 68
103 93 73 44 77 80 23 31 58 11
23 49 34 65 58 67 110 86 44 27
33 20 67 81 16 85 55 43 45 30
104 51 23 16 39 108 105 104 62 81

15 52 64 60 74 34 95 74 48 79
37 7 29 63 43 45 61 44 78 64
55 9 83 57 16 5 84 72 28 13
28 26 25 88 40 32 89 12 30 39
53 75 23 81 76 26 54 58 40 23
16 84 58 42 55 21 53 52 95 58
93 83 63 34 67 70 13 21 48 1
13 39 24 55 48 57 100 76 34 17
23 10 57 71 6 75 45 33 35 20
94 41 13 6 29 98 95 94 52 71

10 9 46 24 7 0 24 45 38 40 39 46 0 8 4 48 2 24 0 13 0 44 0 26 25 47 0 35 25 0 34 49 46 45 44 5 16 28 29 3 17 33 13 29 4 41 9 17 5 0 2 20 32 2 33 1 40 12 0 47 33 39 49 8 34 27 47 30 43 0 47 36 1 8 26 27 46 22 21 38 44 18 48 5 10 35 0 30 22 38 0 16 45 43 20 0 10 36 44 
36 9 22 14 21 32 28 12 19 17 3 40 25 7 20 48 38 48 2 3 38 28 23 39 32 0 47 23 0 31 46 22 45 47 15 27 21 17 8 28 47 3 45 40 22 33 10 2 35 3 7 0 40 47 40 15 18 42 43 39 0 43 28 37 1 14 32 16 0 32 1 38 19 15 24 6 0 1 35 48 13 0 26 44 46 31 25 3 5 37 0 8 16 46 0 47 21 12 
28 26 44 27 26 12 10 21 43 0 0 3 38 42 44 22 0 41 35 35 23 29 39 49 0 32 39 28 42 23 0 33 14 6 0 20 47 29 0 29 48 45 15 12 16 5 34 4 20 17 34 2 3 50 46 22 5 27 2 40 36 27 20 35 29 6 39 10 9 18 17 24 49 29 23 2 0 31 46 25 35 13 21 46 14 4 21 44 25 48 8 37 42 5 29 19 18 
43 4 2 6 11 2 0 28 0 19 48 28 46 18 40 14 16 46 0 29 23 43 21 16 43 3 26 3 9 45 10 5 22 1 49 21 43 4 36 0 25 35 35 33 18 0 5 25 16 8 21 31 19 48 33 40 35 11 11 2 25 45 17 6 20 0 37 38 4 5 26 2 50 45 33 25 37 38 19 20 15 6 32 13 16 16 31 47 35 25 45 26 41 6 4 39 
16 32 15 24 43 19 36 9 32 0 4 42 0 25 32 22 3 4 47 46 20 7 14 9 34 28 49 12 6 24 3 41 17 46 46 47 16 29 11 20 45 0 0 43 31 24 2 15 47 11 27 49 23 18 17 14 22 28 25 41 50 35 20 6 48 46 10 3 50 20 30 0 22 31 0 11 12 41 28 16 44 24 1 36 50 14 20 17 42 36 22 10 19 45 48 
47 0 7 36 25 32 14 6 32 8 26 9 11 7 3 18 0 50 43 41 44 47 25 9 7 15 31 23 30 41 32 3 30 45 25 23 18 38 29 36 46 39 17 1 4 24 37 46 1 45 50 44 15 42 5 12 10 46 35 23 21 4 42 37 22 17 26 45 3 18 0 9 49 18 11 35 13 1 27 30 4 50 46 9 42 0 0 2 17 18 36 24 36 1 
33 0 13 26 50 45 13 22 17 24 26 34 11 43 45 11 17 13 14 35 20 20 21 0 29 6 9 4 35 0 6 6 28 1 15 49 0 28 23 44 16 39 7 16 30 48 21 12 48 5 25 33 8 20 0 8 0 33 30 4 27 47 44 0 3 7 14 26 41 8 46 45 18 42 41 41 18 49 4 18 30 30 3 1 9 42 20 17 16 25 0 41 40 
13 26 24 38 11 16 16 21 30 14 5 0 20 50 20 43 44 37 0 9 0 20 19 15 28 18 15 13 6 44 39 8 23 25 19 16 0 43 28 8 11 11 48 1 26 47 30 40 50 41 41 15 48 48 2 1 15 12 44 48 0 1 0 10 30 31 19 20 41 11 30 44 11 24 33 0 42 13 47 12 6 4 29 2 6 15 43 6 4 6 0 17 
39 24 30 0 28 13 8 0 15 0 23 17 49 50 44 46 27 6 8 41 43 31 43 18 39 5 0 0 36 14 38 45 22 3 0 0 10 0 41 12 30 2 7 7 20 46 34 40 20 42 20 19 15 12 25 31 29 28 9 0 23 19 26 0 24 50 33 37 0 47 23 0 34 33 25 16 14 50 6 6 34 5 5 27 47 22 19 13 44 46 32 
0 6 0 18 19 19 43 46 42 49 29 15 5 29 21 11 36 10 15 20 4 27 43 4 16 18 0 11 42 36 7 1 36 50 29 0 29 35 4 26 0 42 31 0 14 18 0 44 24 29 24 16 48 5 24 49 33 36 32 0 28 28 31 0 11 47 24 44 36 20 15 40 38 34 40 34 43 28 41 17 31 42 0 29 37 34 32 0 4 8 
1 46 19 14 15 0 16 48 48 39 32 20 28 31 38 16 10 46 12 36 6 24 0 46 47 21 39 7 28 0 31 11 48 43 12 43 29 12 5 34 43 47 33 32 15 5 0 4 12 24 18 32 8 0 20 7 5 33 35 10 7 4 3 31 32 29 33 0 48 38 23 35 7 2 8 46 48 13 18 10 48 24 3 0 5 4 26 1 45 
20 23 45 0 36 47 27 0 8 28 10 8 19 0 48 31 20 19 36 32 28 2 13 39 21 35 22 24 31 29 25 14 25 15 47 17 0 23 20 23 25 12 27 44 23 35 14 39 29 30 43 9 43 12 39 25 17 16 34 15 0 45 24 15 45 16 10 46 32 35 28 46 1 0 18 28 33 36 31 2 23 5 25 24 13 31 2 31 
45 36 0 16 41 19 25 9 0 23 22 26 43 49 40 48 0 16 31 18 21 18 22 8 29 38 37 7 6 14 0 1 44 11 6 49 11 40 31 46 7 20 35 42 32 21 47 2 0 24 18 12 25 0 6 47 41 39 1 23 1 36 10 12 11 45 24 27 11 30 0 4 12 47 8 0 41 35 2 10 3 38 9 4 16 31 17 
40 3 11 19 16 45 5 41 30 29 22 39 45 4 19 10 0 15 45 28 44 30 2 29 0 42 9 49 16 30 42 14 0 23 14 35 1 19 13 2 12 34 12 45 23 31 40 0 19 42 48 12 42 13 17 21 35 0 48 29 20 13 20 6 20 41 42 5 0 44 46 1 49 1 19 28 39 23 10 28 42 47 37 38 46 47 
22 43 0 5 47 9 22 10 22 9 40 12 11 4 2 10 31 13 48 50 33 45 8 13 32 26 41 33 0 48 0 41 37 11 2 4 14 1 16 0 11 16 40 2 34 27 16 44 29 1 18 7 29 5 19 23 0 2 0 40 31 0 8 43 44 28 19 48 4 9 28 37 9 12 15 5 48 16 17 29 27 3 28 8 19 
0 48 40 32 47 30 24 31 11 10 31 25 11 20 10 34 45 34 5 34 38 0 1 13 7 33 4 39 10 37 9 11 41 26 27 11 28 15 39 4 44 20 18 32 48 10 37 44 20 23 31 38 46 11 16 42 18 46 30 35 17 24 0 46 5 12 16 6 36 0 26 11 22 40 40 40 20 18 29 28 35 25 7 25 
25 36 47 33 41 18 43 27 8 10 28 11 31 0 6 39 19 22 5 1 43 38 41 28 48 20 9 26 41 49 15 25 2 28 2 0 0 16 40 0 26 33 0 0 44 37 3 6 38 20 39 10 31 12 49 48 38 50 15 33 42 27 26 39 0 13 7 16 42 33 27 5 16 32 35 11 34 1 47 22 22 31 45 
16 30 42 29 42 31 15 34 12 32 4 46 44 1 17 10 26 47 41 26 6 4 29 47 5 0 23 0 10 11 22 26 47 30 17 5 23 0 22 0 31 1 12 8 24 41 25 29 48 48 25 25 33 1 37 49 6 24 11 6 2 26 40 3 44 24 37 50 50 5 4 28 50 2 25 24 49 39 21 21 34 23 
29 42 32 48 20 35 48 23 32 32 41 34 22 12 40 35 43 31 46 15 0 21 0 24 43 27 2 48 0 21 0 36 12 36 1 31 49 13 28 44 40 34 36 47 19 48 33 21 29 27 27 19 36 47 43 20 16 4 24 23 13 25 43 31 24 23 27 27 0 21 3 19 11 0 15 0 18 47 23 20 16 
29 47 7 16 0 31 50 40 35 28 26 15 6 22 8 44 10 33 47 11 13 1 3 11 0 1 22 49 45 9 6 18 21 49 44 0 15 15 28 7 35 30 40 20 37 35 39 24 2 48 32 17 12 6 47 12 28 6 48 3 8 27 31 29 22 18 7 8 30 22 32 13 31 40 24 4 24 41 29 0 
1 48 6 19 32 37 42 10 16 18 14 4 31 11 46 35 49 12 31 18 4 8 18 12 46 29 15 0 2 30 15 2 30 29 42 12 24 0 24 39 40 9 42 13 0 8 43 5 39 29 29 0 0 0 0 4 21 44 41 9 4 36 45 22 27 36 23 9 39 18 9 15 0 17 0 36 0 37 32 
10 3 10 19 38 31 10 38 9 9 11 15 26 34 30 17 2 26 26 11 11 16 49 47 0 12 22 27 44 12 16 42 12 19 20 0 44 26 0 5 1 25 36 4 30 4 22 42 20 24 45 0 23 25 23 1 23 34 31 35 23 39 49 0 45 34 26 0 34 11 0 26 12 41 38 20 35 44 
34 45 38 10 43 46 23 49 31 42 14 26 4 40 36 45 49 15 48 27 46 0 30 45 19 13 41 44 22 31 35 4 49 28 14 42 33 4 35 0 19 11 46 29 4 45 23 25 50 17 50 5 38 29 9 36 15 44 2 9 49 8 43 5 0 44 6 33 8 24 10 31 28 20 4 31 24 
39 9 47 35 5 19 39 31 15 39 32 45 44 10 10 3 33 0 13 31 32 15 38 32 49 21 29 0 3 0 49 44 21 11 14 16 0 38 46 28 27 33 43 11 7 49 44 28 48 27 0 48 37 15 44 22 1 29 2 18 2 29 22 25 48 22 4 23 26 10 20 1 25 40 37 30 
11 20 31 25 5 14 42 36 9 23 24 19 43 18 9 19 19 16 6 8 30 39 44 41 44 41 30 18 46 13 27 37 13 25 28 33 16 4 44 23 12 17 29 11 44 0 15 44 43 37 43 23 1 0 48 29 37 46 41 11 19 17 49 44 9 30 43 47 6 1 44 48 0 26 47 
6 1 23 14 2 45 29 26 42 2 17 39 3 32 0 2 10 17 40 35 3 11 15 28 35 0 37 48 45 24 24 13 1 22 37 38 38 38 33 37 42 6 30 42 15 43 16 40 43 47 20 23 2 32 1 46 45 17 45 4 30 44 0 12 45 48 19 35 2 32 0 0 26 38 
41 10 20 30 6 33 0 1 26 45 6 15 31 9 35 33 47 48 18 50 5 19 42 0 0 9 40 25 3 27 28 19 30 22 0 34 23 46 21 24 22 44 18 39 44 35 28 8 49 47 4 0 5 35 31 4 12 37 11 45 17 39 47 9 44 44 2 31 36 28 0 3 22 
38 8 26 19 45 19 0 40 24 24 21 30 1 17 0 20 11 45 0 15 40 11 29 21 47 20 17 35 32 25 30 0 31 32 0 40 50 7 8 27 19 4 44 22 41 40 31 19 23 44 0 48 42 18 24 2 21 40 0 30 49 27 16 49 9 49 36 37 6 43 29 43 
3 27 11 39 30 18 19 41 13 41 17 5 9 2 12 41 30 5 33 9 7 33 44 1 16 20 50 20 41 33 49 9 12 21 36 39 43 4 0 32 38 17 12 34 11 0 17 15 38 6 0 0 0 25 20 18 5 39 29 40 48 25 33 11 0 42 31 12 36 11 34 
3 12 42 11 14 32 23 42 0 11 17 0 5 41 18 13 0 30 8 23 24 29 0 24 35 10 0 35 44 11 23 17 40 12 2 6 0 1 30 27 30 2 44 47 21 9 9 42 48 17 49 43 30 16 2 33 26 36 41 48 25 35 19 49 37 49 40 0 44 0 
32 8 46 1 22 22 46 31 50 3 0 18 5 47 29 12 29 39 32 10 44 48 44 30 0 20 7 34 30 31 23 12 19 21 3 16 35 20 33 29 11 37 11 41 27 5 21 17 1 0 41 42 10 1 24 45 8 16 34 28 0 15 21 10 26 8 40 0 23 
46 12 14 0 5 13 30 41 39 48 2 2 10 46 30 18 14 49 49 19 2 23 31 12 0 12 47 47 0 48 10 7 38 5 12 29 29 22 44 19 0 16 43 4 16 7 0 38 5 20 22 0 40 48 50 42 1 24 20 37 6 47 6 18 46 11 46 10 
6 37 19 25 30 31 35 39 33 0 1 40 12 19 3 34 44 14 13 16 47 29 45 25 21 11 45 34 3 20 29 20 1 11 49 0 45 30 23 11 18 25 30 28 36 37 0 17 7 0 20 7 47 0 45 27 21 49 21 17 13 5 37 11 23 3 13 
5 44 0 3 18 44 22 16 34 7 22 43 19 16 10 13 20 44 20 19 15 24 14 26 16 22 33 45 46 0 33 30 46 0 19 18 31 0 14 5 32 44 29 14 49 43 26 49 42 25 48 6 38 30 37 20 19 10 12 23 10 42 33 38 14 4 
29 38 44 44 27 27 32 29 2 0 30 17 24 26 16 49 45 11 49 2 42 19 10 28 8 0 47 0 24 22 49 12 5 47 50 32 32 33 26 43 1 31 7 0 0 34 38 36 21 50 22 29 12 12 44 32 45 1 31 26 24 2 33 47 34 
49 14 11 30 29 18 35 12 0 2 18 8 21 27 34 8 0 2 33 9 49 20 0 31 5 23 0 30 32 33 45 40 20 24 1 16 45 16 32 3 37 15 33 44 39 32 45 24 48 20 3 42 8 2 45 48 46 16 0 38 50 29 39 31 
11 7 1 37 43 38 34 0 27 31 30 8 43 46 48 27 0 0 18 29 42 18 7 38 6 13 4 37 35 22 45 5 14 6 25 33 11 1 7 33 0 11 1 43 42 6 16 9 50 2 21 7 44 43 15 7 16 32 46 39 33 41 11 
8 6 27 43 18 6 11 0 28 39 35 23 32 12 23 18 43 15 13 8 3 42 7 5 47 13 9 39 29 12 34 0 0 50 8 47 43 14 0 13 48 40 1 5 0 50 24 38 19 3 42 0 30 27 43 15 5 36 25 46 4 22 
39 18 42 37 28 0 41 33 13 18 17 44 9 0 33 39 30 20 28 15 23 26 12 35 6 41 6 14 21 43 39 7 4 17 18 43 19 43 0 49 5 34 36 33 41 21 44 23 4 28 0 46 17 6 31 40 0 47 24 39 47 
10 35 12 34 38 44 11 20 45 47 44 24 45 49 15 3 32 13 13 26 34 50 23 5 27 36 31 1 26 10 46 47 46 35 43 45 29 2 47 40 0 18 12 10 15 16 21 48 1 0 8 45 25 4 42 7 0 48 10 43 
15 10 16 0 45 44 14 17 6 16 5 17 49 43 39 33 24 14 19 9 15 26 42 45 20 14 30 3 22 15 24 2 16 11 38 27 45 47 19 38 41 4 0 12 41 15 36 38 19 33 30 13 10 1 35 8 28 38 47 
36 5 13 48 39 14 1 39 11 46 45 16 38 40 19 42 35 37 14 5 46 18 14 42 12 30 0 39 0 23 6 21 43 41 45 44 5 48 0 45 36 35 0 43 39 2 18 8 37 12 33 0 15 45 22 41 44 43 
27 28 28 19 0 24 26 33 44 0 28 39 29 33 47 41 9 20 24 2 10 30 3 50 40 14 37 0 49 36 3 22 0 25 4 40 6 24 29 0 19 37 43 17 3 0 6 13 38 40 19 0 4 24 35 25 36 
27 39 44 33 0 46 30 19 34 16 7 17 34 21 23 2 3 8 48 11 23 29 45 30 0 34 44 24 46 29 0 30 0 19 28 34 31 8 44 43 17 32 43 6 26 29 17 42 8 25 22 23 43 48 38 17 
27 12 14 4 13 30 12 23 42 35 15 0 2 48 20 49 4 46 39 27 19 24 0 49 20 31 0 25 30 47 27 12 19 49 48 38 23 47 25 12 18 17 24 7 43 15 17 6 8 2 15 42 48 12 19 
45 5 35 34 37 21 4 18 19 43 29 7 39 27 40 32 31 27 15 0 19 21 40 24 0 39 39 29 11 25 33 39 39 5 17 38 39 49 0 2 3 18 6 48 42 47 14 0 0 0 29 47 32 20 
40 3 29 42 26 21 49 37 4 10 31 49 23 5 27 31 38 28 50 50 18 2 45 41 36 4 0 9 6 41 2 0 46 0 7 6 11 20 6 18 14 7 47 47 34 15 1 14 8 12 9 13 3 
39 17 15 12 3 35 9 8 18 0 23 24 41 8 2 44 36 16 20 42 29 20 45 24 18 34 49 14 37 9 27 25 9 8 32 48 7 0 41 37 22 14 29 29 1 20 13 41 5 18 10 4 
36 35 19 33 39 46 2 27 48 5 33 21 30 26 22 37 32 21 27 5 36 13 44 22 46 0 21 0 18 0 11 16 49 3 33 6 24 36 32 14 45 18 5 10 45 11 42 12 0 9 15 
35 42 31 28 27 45 0 35 47 13 13 15 7 25 5 34 8 3 10 28 50 9 21 32 1 25 0 27 19 19 20 0 24 50 23 0 32 21 14 47 49 50 37 50 43 6 18 20 37 49 
15 11 37 33 9 42 37 45 45 38 48 47 25 20 0 25 0 36 48 14 33 19 27 45 48 4 37 35 45 29 5 28 15 14 35 36 34 3 29 5 27 23 38 18 23 23 42 45 45 
4 50 25 0 21 50 35 46 27 32 0 42 11 0 28 0 21 45 30 29 16 23 23 46 7 28 8 43 19 16 20 4 4 31 33 8 50 0 47 31 23 24 12 2 16 1 6 0 
21 18 14 18 15 4 25 40 34 19 0 32 7 44 23 32 42 33 10 15 18 24 20 29 5 42 11 25 20 0 26 0 27 42 35 38 40 46 5 20 22 33 23 36 47 23 40 
30 27 4 47 27 9 27 14 28 31 36 23 48 24 47 18 1 32 29 19 0 45 43 0 10 47 16 37 27 16 7 25 22 41 19 26 43 7 8 0 24 16 11 23 15 18 
0 50 5 41 32 11 0 30 22 25 43 35 34 0 0 11 31 43 22 27 27 4 48 30 46 39 4 42 13 11 45 32 24 12 30 17 34 45 31 25 13 32 15 43 47 
25 18 0 13 42 30 12 22 14 35 11 16 39 40 43 37 40 18 0 27 42 34 0 34 28 3 32 33 21 34 3 43 16 13 1 49 30 22 13 30 45 33 24 48 
44 1 35 0 0 21 44 43 0 35 37 0 35 44 0 27 26 48 2 41 5 5 41 14 41 17 0 26 50 6 0 0 0 0 0 50 40 42 11 43 15 46 0 
16 31 21 21 36 11 20 11 9 46 17 22 41 18 5 30 0 0 23 10 23 50 48 28 12 10 14 27 45 4 36 35 19 19 43 25 49 19 50 9 50 21 
38 4 16 24 45 0 7 20 44 43 43 27 25 16 4 3 44 16 41 0 33 28 22 23 21 13 11 16 27 21 43 8 35 33 29 2 11 1 5 46 28 
30 48 38 28 7 42 30 21 30 20 24 24 18 17 34 32 2 49 14 34 33 20 31 8 13 19 16 23 5 46 14 35 37 40 29 12 19 19 37 32 
27 4 47 10 26 42 40 0 26 46 14 37 20 41 30 34 4 20 50 0 2 16 5 0 33 33 39 50 24 10 26 20 36 27 16 27 0 1 34 
11 34 49 2 15 7 37 33 36 35 27 6 2 16 29 0 39 48 29 3 14 49 14 5 46 23 38 28 36 35 18 7 11 24 13 24 35 48 
31 50 3 0 39 3 4 18 16 17 5 28 36 26 44 4 49 25 48 12 47 36 1 39 47 27 20 16 50 37 0 36 13 41 31 17 0 
4 19 27 0 3 42 30 31 6 8 2 9 13 0 15 34 20 44 17 31 10 30 49 26 0 45 19 30 36 16 0 41 38 43 10 39 
49 37 39 45 29 14 0 24 34 41 40 15 38 11 28 0 12 41 19 50 0 1 50 5 32 15 43 47 5 37 46 26 33 19 0 
11 25 14 8 46 0 41 28 0 31 40 36 23 11 0 0 42 37 21 19 6 6 8 23 3 39 50 33 24 32 13 33 4 35 
2 13 1 29 36 19 15 45 35 18 15 48 25 40 48 18 18 36 39 26 47 12 3 36 10 10 21 35 38 7 47 50 0 
37 8 0 27 37 50 33 26 31 31 42 28 47 0 27 0 6 9 13 16 14 24 42 11 26 39 26 35 9 34 3 18 
16 37 49 48 50 26 25 45 9 5 16 13 0 35 11 6 15 0 37 21 11 42 24 41 12 39 50 15 2 9 14 
47 0 9 36 38 20 16 9 6 5 19 4 27 18 48 14 4 42 23 33 21 47 0 28 46 17 26 16 17 36 
23 31 31 31 27 23 28 5 41 33 23 30 26 3 36 0 23 10 18 3 48 8 28 21 6 34 33 29 16 
0 40 21 15 4 33 36 1 46 41 15 28 45 36 21 43 28 2 34 7 6 44 0 7 43 20 49 16 
41 19 31 14 21 34 0 25 30 17 17 46 19 0 19 38 10 5 17 10 47 14 9 14 36 49 7 
0 45 14 25 29 5 12 20 31 50 10 4 23 7 12 21 40 0 0 49 31 0 16 6 1 13 
35 36 18 2 35 27 21 14 49 23 0 9 27 21 23 11 38 32 26 35 34 25 39 5 42 
7 36 6 42 47 0 43 30 44 0 10 26 18 37 0 29 27 39 0 7 27 30 0 21 
5 0 9 0 28 3 42 35 22 3 3 1 36 29 46 28 21 21 45 48 39 7 28 
23 8 0 35 22 3 15 23 31 32 21 49 0 35 46 41 22 20 30 4 14 5 
6 18 8 2 19 23 22 29 9 0 49 39 16 48 3 0 7 3 27 21 24 
7 38 4 34 40 4 13 18 25 25 2 30 19 23 46 26 20 18 47 24 
38 33 38 37 48 30 50 0 20 17 0 48 29 39 16 42 29 8 37 
17 11 0 0 37 0 2 8 7 17 17 1 3 46 6 22 5 13 
0 18 14 25 17 8 21 48 34 36 1 10 23 34 50 38 40 
31 30 35 20 11 20 26 19 26 16 17 9 18 19 11 0 
23 22 37 38 35 47 49 39 5 10 7 26 50 18 11 
14 0 32 43 13 0 41 49 36 10 29 23 43 2 
50 6 37 5 19 2 41 42 37 1 26 16 49 
3 29 13 32 6 11 25 47 33 20 21 13 
45 2 19 17 39 0 27 0 49 38 25 
26 43 5 40 19 16 6 31 46 24 
39 26 0 33 23 0 45 36 43 
43 31 36 38 29 15 37 2 
40 33 9 23 19 29 0 
13 49 22 24 49 39 
35 40 8 19 26 
0 26 1 21 
0 9 1 
25 48 
36 

1 7
1 14
1 20
1 22
1 24
1 28
1 31
1 51
1 60
1 71
1 88
1 92
1 97
2 28
2 31
2 54
2 63
2 71
2 79
2 84
2 93
2 97
3 13
3 14
3 20
3 28
3 34
3 38
3 42
3 80
4 11
4 13
4 23
4 44
4 50
4 70
5 15
5 18
5 47
5 48
5 77
5 80
6 8
6 23
6 77
6 92
6 93
7 9
7 31
7 37
7 44
7 62
7 64
7 71
7 98
8 20
8 27
8 29
8 45
8 69
8 71
8 84
8 99
9 13
9 17
9 19
9 36
9 37
9 44
9 45
9 47
9 69
9 73
9 78
9 81
10 11
10 13
10 37
10 46
10 51
10 54
10 57
10 70
10 74
10 93
10 98
11 17
11 34
11 41
11 58
11 65
11 79
11 95
12 16
12 20
12 26
12 49
12 73
12 86
13 16
13 22
13 30
13 44
13 62
13 67
13 84
13 89
14 31
14 39
14 47
14 62
14 72
14 83
15 18
15 44
15 46
15 55
15 72
15 74
15 77
16 17
16 38
16 79
16 86
17 31
17 53
17 54
17 57
17 60
17 61
17 82
18 44
18 46
18 56
18 58
19 40
19 42
19 48
19 50
19 88
19 93
19 95
20 25
20 45
20 56
20 100
21 49
21 59
21 66
21 73
21 74
21 75
21 76
21 94
21 96
21 98
22 47
22 58
22 61
22 74
22 86
22 90
22 93
23 45
23 63
23 88
24 42
24 52
24 54
24 61
24 75
25 71
25 79
25 98
26 41
26 52
26 89
26 97
26 98
27 34
27 51
27 52
27 62
27 79
27 98
28 35
28 43
28 47
28 60
28 63
28 79
28 87
29 68
29 75
29 80
29 81
29 82
29 94
30 39
30 42
30 47
30 53
30 57
30 67
30 98
30 100
31 42
31 56
31 81
31 92
31 99
32 36
32 57
32 61
32 73
32 79
32 84
33 43
33 69
33 80
33 83
33 87
34 37
34 64
34 68
34 72
35 45
35 61
35 63
35 79
35 80
36 45
36 53
36 59
36 63
36 95
37 45
37 54
37 55
37 78
38 46
38 70
38 71
38 77
38 83
38 90
39 45
39 53
39 78
39 90
39 96
40 81
40 90
40 97
41 45
41 84
42 69
42 71
42 81
42 85
42 94
43 48
43 53
43 71
43 76
43 83
43 89
43 95
44 49
44 69
44 75
44 77
45 57
45 68
45 72
46 66
46 71
46 85
46 94
46 95
46 96
47 74
47 79
47 81
48 58
48 86
49 75
49 77
49 79
49 98
50 57
50 77
50 82
50 86
51 66
51 68
52 56
52 63
52 66
52 68
52 90
52 100
53 64
53 83
53 85
54 75
54 78
54 94
55 56
55 62
55 69
55 70
56 59
56 75
56 79
57 61
57 62
57 66
57 69
57 72
57 84
57 88
57 89
57 90
57 91
57 92
57 100
58 75
58 76
59 65
59 79
61 69
61 81
61 85
61 98
62 78
63 67
63 94
63 100
64 68
64 78
64 89
64 95
65 72
65 81
65 86
65 100
66 72
66 75
66 81
66 82
67 100
68 71
68 82
68 84
69 82
69 87
70 72
70 93
71 87
72 73
72 95
73 80
73 87
74 75
74 92
74 93
74 96
75 86
76 82
76 86
76 91
76 95
76 99
77 79
77 81
78 81
78 91
79 89
79 95
81 89
81 92
82 85
82 86
82 88
83 84
84 100
86 88
86 92
89 95
89 97
91 94
91 97
93 100
96 97
97 98
