150 1788 1000

84 57 81 93 71 35 68 19 45 24
102 108 70 44 80 14 94 105 99 53
16 110 76 42 29 22 49 45 93 46
37 19 106 45 21 109 38 37 43 76
86 64 64 90 89 87 99 39 17 80
37 13 43 67 36 30 34 33 72 87
106 100 80 35 92 99 26 66 105 90
70 64 33 56 45 54 33 61 27 86
68 27 98 28 99 12 30 74 108 49
55 106 86 19 86 27 48 19 73 40
35 54 61 93 22 74 45 28 109 79
32 105 86 97 99 71 77 75 83 22
37 107 43 105 72 104 71 52 104 89
65 80 69 100 51 76 29 71 50 36
30 32 82 90 15 12 32 100 88 37

74 47 71 83 61 25 58 9 35 14
92 98 60 34 70 4 84 95 89 43
6 100 66 32 19 12 39 35 83 36
27 9 96 35 11 99 28 27 33 66
76 54 54 80 79 77 89 29 7 70
27 3 33 57 26 20 24 23 62 77
96 90 70 25 82 89 16 56 95 80
60 54 23 46 35 44 23 51 17 76
58 17 88 18 89 2 20 64 98 39
45 96 76 9 76 17 38 9 63 30
25 44 51 83 12 64 35 18 99 69
22 95 76 87 89 61 67 65 73 12
27 97 33 95 62 94 61 42 94 79
55 70 59 90 41 66 19 61 40 26
20 22 72 80 5 2 22 90 78 27

21 0 37 19 30 44 39 17 0 44 22 14 30 49 11 28 14 47 14 16 8 0 6 39 35 48 19 15 0 9 29 37 41 2 21 36 44 41 9 45 18 29 0 16 25 37 29 39 17 5 0 41 21 0 27 43 13 34 34 10 19 0 46 39 3 47 5 35 44 33 39 30 6 15 30 50 48 4 46 29 0 46 28 28 36 26 30 0 45 22 44 32 25 45 0 0 43 0 4 50 0 3 48 7 28 37 7 38 34 19 50 49 22 42 37 0 19 1 0 10 47 12 38 21 3 22 44 36 11 0 30 29 31 25 34 8 36 0 14 9 39 0 11 0 4 32 49 47 13 
41 38 43 0 7 30 50 0 30 24 21 33 31 35 0 46 30 20 28 36 28 44 7 11 24 47 0 18 0 34 0 35 22 39 18 12 7 0 0 26 46 11 13 32 0 33 27 14 45 31 16 35 17 0 44 0 39 9 31 34 0 36 10 25 6 33 16 29 42 1 50 50 0 17 50 0 25 6 48 0 44 35 9 39 0 0 22 0 37 0 35 20 2 22 49 8 7 9 11 0 33 0 13 3 30 19 21 37 35 1 45 33 9 19 4 0 44 22 9 48 40 39 10 18 50 41 0 11 6 26 6 36 0 23 44 50 0 26 6 17 0 40 0 15 23 30 2 38 
7 46 0 46 38 14 31 26 28 2 39 0 0 48 0 13 24 0 29 19 50 4 6 20 19 4 31 20 7 5 10 0 49 42 42 38 34 30 21 12 0 33 38 41 43 14 23 40 16 21 6 9 34 23 43 23 0 43 0 20 45 2 3 1 42 7 18 23 13 0 45 23 29 6 16 48 41 0 44 0 46 36 15 50 7 35 48 22 15 35 44 0 6 26 4 50 1 32 35 7 33 50 0 5 34 0 31 0 0 25 8 21 35 43 0 11 12 0 28 13 18 19 0 15 45 22 17 0 0 33 14 25 45 3 0 42 0 17 10 4 12 11 36 1 29 23 17 
35 39 22 10 8 24 7 0 0 0 50 23 46 0 40 50 2 12 46 0 14 0 28 23 4 4 24 21 49 16 5 37 24 0 22 0 31 38 1 18 12 0 5 0 37 40 0 17 27 40 46 34 33 0 0 33 0 27 32 12 47 6 32 46 19 48 18 20 50 24 13 17 23 19 12 35 46 10 31 46 25 33 41 39 32 20 8 22 45 0 0 12 39 16 23 23 0 36 18 26 40 40 0 11 42 0 47 28 9 10 7 0 31 14 33 23 1 13 16 38 0 8 49 14 0 15 24 32 7 31 0 40 29 0 2 24 8 1 0 4 25 46 0 35 35 32 
42 35 2 18 50 47 35 12 47 37 30 9 37 48 24 13 32 13 23 41 47 50 50 0 9 0 0 0 0 48 6 25 14 29 5 37 20 25 27 38 35 23 10 16 21 15 35 26 33 12 8 42 12 29 36 4 39 0 20 8 13 31 42 21 0 4 42 31 11 16 0 49 6 50 15 0 25 12 47 27 0 30 10 10 29 49 45 20 0 31 5 0 0 0 9 0 0 14 20 45 20 44 13 17 22 0 48 14 0 30 38 27 0 17 46 43 25 42 46 41 27 25 42 30 12 25 47 50 0 44 33 0 12 19 30 2 22 37 0 0 42 25 11 22 4 
42 50 17 48 46 22 21 17 15 27 44 35 44 11 3 7 11 4 19 0 47 2 46 39 19 0 7 35 13 5 50 4 39 0 24 20 0 46 45 50 2 0 7 27 15 46 34 47 12 34 19 41 24 48 11 17 45 11 13 0 18 0 36 6 35 24 0 29 49 43 0 13 31 27 24 14 2 31 7 34 24 0 6 50 34 44 41 13 0 41 0 32 22 21 23 31 48 46 0 3 30 24 25 25 4 7 6 48 7 7 41 13 28 0 13 13 29 31 39 40 37 23 31 48 21 0 34 1 21 25 37 17 2 0 24 10 31 39 41 25 38 41 3 5 
43 39 46 39 30 0 48 31 11 44 40 9 17 37 29 0 40 49 48 0 0 17 3 15 27 34 31 49 15 46 37 15 49 27 47 0 43 7 24 19 40 34 12 0 41 0 22 4 23 16 27 50 10 7 0 35 0 14 48 47 0 0 43 0 31 33 31 37 45 25 0 14 26 30 4 35 0 5 20 16 47 34 44 4 9 5 26 38 26 15 7 9 35 20 7 5 5 11 0 49 50 0 37 14 34 43 36 32 20 0 4 34 47 21 0 29 19 44 26 21 36 21 12 31 11 47 11 44 48 14 0 31 37 4 22 2 39 42 34 40 48 7 0 
31 50 4 45 44 0 6 44 49 10 46 17 34 32 42 0 32 44 38 37 5 42 3 16 33 18 26 7 19 33 1 14 47 45 6 41 27 27 14 31 10 39 40 10 38 33 20 0 39 0 0 0 0 43 34 16 6 46 33 8 1 39 18 44 17 15 37 39 50 27 40 41 37 25 6 11 18 28 37 39 25 0 35 30 17 38 46 0 18 31 42 0 44 0 0 12 42 15 6 0 0 41 46 24 27 12 32 48 0 48 0 0 49 23 24 32 9 0 0 49 19 11 29 8 0 17 24 0 3 29 38 0 42 39 0 40 10 21 0 34 24 13 
0 38 0 9 38 9 4 34 45 8 33 37 2 8 0 1 7 0 0 0 29 22 0 3 33 31 11 0 16 33 34 46 14 0 35 17 1 39 16 28 4 41 41 10 33 27 43 19 0 6 16 14 36 49 24 11 30 13 0 15 2 37 32 20 27 41 0 4 40 0 25 26 0 0 21 21 30 16 3 41 42 25 28 9 2 2 18 0 35 35 22 49 9 0 9 41 41 16 16 31 47 4 42 45 0 0 13 28 28 25 33 23 14 48 34 35 0 5 34 27 0 0 15 21 37 0 0 45 0 42 0 0 0 4 14 10 32 23 27 2 11 
12 35 3 0 5 9 28 49 39 38 37 30 4 31 48 32 5 0 48 46 24 46 39 23 0 14 39 5 7 26 35 1 22 46 13 20 18 10 45 27 29 0 13 0 45 0 5 8 30 16 12 5 0 27 0 20 10 2 39 4 10 19 2 36 11 9 25 11 17 41 19 24 23 9 0 44 43 9 22 0 49 17 39 23 48 50 23 42 25 0 0 43 5 17 9 13 24 49 13 29 5 7 9 46 15 8 6 0 0 38 31 0 20 48 0 8 24 17 31 7 50 44 1 19 50 42 39 18 44 12 0 48 27 33 13 44 39 10 44 6 
34 1 0 0 47 0 7 43 40 47 50 39 33 49 46 8 0 9 23 0 0 36 21 44 5 39 27 2 28 31 22 11 16 12 38 46 47 31 28 46 28 0 0 0 10 5 0 36 43 15 14 10 0 47 33 50 31 4 16 19 25 0 41 0 23 26 8 17 11 22 44 13 35 43 8 42 16 16 14 12 11 38 11 1 0 43 28 0 22 27 0 19 24 12 0 35 27 34 16 28 7 19 34 32 12 6 34 0 29 13 20 45 0 3 0 4 41 33 48 1 33 22 29 1 1 27 36 49 30 36 18 44 19 2 26 33 23 27 19 
2 29 0 13 5 2 0 27 15 13 32 16 0 21 22 17 2 29 1 0 50 37 43 9 22 0 11 15 5 24 18 22 46 43 23 23 23 25 2 12 15 22 6 6 40 38 4 37 26 46 35 11 0 9 36 0 4 0 30 21 0 8 4 0 50 10 20 2 16 2 45 21 46 8 23 7 26 12 36 49 7 32 11 19 10 17 27 8 23 0 25 41 11 42 10 4 34 24 48 28 47 40 19 36 12 48 49 1 44 4 0 6 10 6 33 36 18 35 15 7 36 6 48 45 13 0 7 48 3 39 26 39 35 0 39 0 0 10 
4 0 5 15 38 45 11 0 35 12 22 23 43 41 45 18 4 0 42 41 25 40 29 34 39 0 31 21 0 0 22 0 21 14 48 0 22 0 7 0 0 5 45 44 50 23 7 9 44 0 45 44 3 31 37 49 29 40 41 12 9 16 31 21 0 36 44 32 4 14 9 30 34 9 46 29 36 34 41 0 6 7 6 19 16 32 22 5 0 20 0 46 15 11 40 0 11 21 12 25 24 3 20 43 7 30 6 0 8 33 7 45 44 35 27 47 32 38 0 50 40 18 49 5 12 5 39 21 33 11 2 37 4 0 3 0 34 
30 0 3 39 19 0 23 41 37 37 28 4 42 4 0 34 50 29 42 30 46 10 16 42 20 3 19 0 47 50 30 33 15 22 5 19 4 15 25 18 0 0 0 43 44 0 0 35 7 23 5 17 0 22 48 42 5 8 0 0 45 0 40 0 50 47 15 16 38 47 44 35 3 21 34 7 2 21 28 0 39 22 41 14 2 0 27 42 15 50 0 8 28 25 36 0 17 14 50 15 28 34 31 29 11 30 0 49 27 38 0 41 35 36 23 6 0 34 0 16 0 4 14 22 0 0 24 7 35 0 38 0 11 0 38 0 
36 9 0 14 8 38 14 50 0 18 49 14 2 0 0 38 21 3 25 44 2 0 32 0 42 17 0 15 8 21 5 26 46 31 39 44 6 33 0 0 0 15 0 29 25 9 12 9 0 0 50 38 19 36 3 0 35 34 34 34 19 0 39 0 6 7 22 44 9 0 10 2 19 7 17 0 6 21 8 0 12 0 3 0 20 6 44 2 50 17 46 43 41 47 0 13 28 8 0 37 4 34 3 12 22 0 38 46 30 23 40 28 1 4 4 50 10 0 0 24 39 0 30 0 46 31 39 15 25 50 9 50 20 37 3 
44 44 45 29 41 24 20 0 7 6 45 15 22 13 24 2 8 6 0 18 2 18 13 20 13 41 24 32 35 44 17 41 47 50 12 11 43 27 41 48 0 15 0 40 0 0 42 21 31 44 49 20 4 44 7 15 47 43 37 36 0 38 0 29 35 40 44 15 0 6 0 49 23 49 36 22 36 0 38 35 28 8 42 2 48 36 0 45 27 28 50 21 2 46 34 35 0 2 4 5 46 33 45 43 25 0 11 12 31 13 3 37 34 43 6 35 25 0 40 3 34 32 26 6 43 0 44 26 0 10 22 50 2 0 
25 35 30 9 43 36 28 13 11 27 49 34 16 6 0 31 37 15 0 25 30 28 25 1 28 34 0 6 17 44 28 38 46 0 40 44 0 32 0 28 8 35 0 0 43 50 25 0 0 47 13 1 32 49 0 42 24 7 5 29 27 43 27 45 44 7 13 41 42 44 3 26 26 42 0 28 29 2 8 0 44 10 38 50 0 7 0 38 28 22 44 4 10 33 39 32 1 0 4 0 8 10 39 48 31 17 11 43 6 38 38 28 0 50 19 12 10 7 29 19 31 40 17 9 0 26 32 0 13 25 0 5 0 
48 3 0 12 14 30 27 43 26 6 42 0 47 8 49 0 22 0 26 43 15 34 49 13 38 0 0 50 28 28 44 10 47 40 48 37 0 18 31 28 2 5 38 33 44 10 0 24 0 48 17 5 49 35 0 28 45 38 5 0 17 18 14 30 26 0 49 50 0 26 21 7 37 12 3 7 20 3 22 30 6 48 6 20 5 23 49 29 9 5 0 48 9 11 19 0 45 8 14 5 0 20 0 9 4 38 25 0 21 17 5 49 3 35 14 0 0 8 0 0 0 34 0 9 6 35 14 30 0 28 32 20 
40 44 2 32 26 0 18 15 21 36 35 0 31 13 37 27 26 34 40 33 35 3 5 36 12 47 25 49 36 44 0 21 0 18 33 0 23 49 5 9 31 47 48 26 0 35 22 0 0 22 21 12 2 46 27 19 0 5 16 29 16 0 19 21 38 25 13 16 45 37 14 14 5 0 25 43 33 23 37 27 33 36 11 17 46 7 12 0 17 0 0 15 7 0 12 0 0 19 30 36 2 36 20 38 31 1 32 32 47 17 25 0 47 20 12 22 40 16 46 0 23 30 0 14 43 6 34 16 37 42 49 
0 14 33 22 37 35 45 32 32 14 4 0 35 34 2 44 36 42 0 40 40 24 14 0 12 2 0 26 0 16 37 0 20 39 0 19 43 0 12 43 10 48 39 21 18 17 31 31 8 8 3 43 17 1 5 22 16 15 9 22 15 25 30 50 21 6 40 37 40 25 45 32 23 0 22 7 20 1 16 19 43 13 29 0 3 16 41 0 42 33 17 24 49 37 0 26 49 9 11 46 2 49 28 49 18 17 38 0 39 37 4 0 0 28 25 9 22 29 11 35 38 6 48 0 33 30 49 24 34 31 
23 47 2 0 10 4 2 36 0 40 39 25 29 0 15 1 22 39 0 5 23 26 20 4 5 45 21 0 2 31 42 25 28 13 34 9 28 27 23 45 25 47 12 0 17 25 23 25 42 0 10 1 13 28 18 40 4 27 19 46 36 5 0 9 32 13 0 0 13 20 26 12 30 0 20 47 18 1 1 39 50 37 17 33 20 0 39 41 1 0 0 48 16 42 24 34 46 4 28 41 41 5 42 34 0 3 0 45 29 40 42 0 0 6 1 25 6 29 11 42 1 0 30 21 10 12 17 13 12 
34 12 4 20 48 17 22 14 42 49 41 5 0 29 47 16 6 11 40 42 24 21 37 19 16 14 0 30 31 0 12 48 0 47 26 21 31 0 8 18 0 21 0 21 44 26 8 5 0 0 42 8 2 0 32 22 20 33 3 35 24 47 23 12 44 7 39 0 15 0 28 6 39 45 29 33 46 30 35 33 21 30 38 8 16 11 22 41 0 0 26 33 7 0 27 8 42 0 6 43 32 1 18 31 0 10 0 29 0 24 34 29 1 0 7 0 45 23 2 0 44 4 45 6 19 48 48 4 
2 28 2 43 33 6 38 18 49 0 23 31 0 17 28 21 8 5 4 16 9 0 26 43 0 49 0 37 17 16 11 20 4 0 21 0 4 4 20 33 34 8 3 41 0 6 8 28 11 30 44 3 47 1 34 35 32 10 40 36 25 26 5 8 0 3 27 0 0 40 29 0 46 7 20 40 47 0 48 3 3 11 30 14 43 0 20 46 47 27 42 3 0 32 44 36 36 38 20 35 3 18 10 20 39 37 46 0 3 41 22 45 0 27 47 5 10 25 0 30 8 30 41 12 31 6 5 
12 32 31 0 0 6 7 46 39 8 0 37 0 35 20 13 14 0 7 46 41 6 26 8 11 42 35 13 39 44 3 0 0 49 0 23 0 7 19 33 9 14 0 0 24 35 0 42 28 26 33 6 7 40 0 37 28 9 0 24 0 9 3 18 49 18 17 30 22 33 30 1 32 38 1 5 12 5 11 35 34 1 13 33 38 24 32 40 0 44 13 0 33 45 39 8 17 3 0 16 0 34 5 0 35 3 38 0 3 7 23 14 41 20 44 0 48 42 3 31 42 47 5 0 0 9 
0 30 4 27 6 4 27 0 28 0 45 0 11 33 28 12 1 8 14 0 34 31 0 10 22 0 24 0 38 41 25 0 23 14 0 31 28 26 0 0 44 37 35 10 20 45 40 0 43 2 24 29 11 32 0 36 12 15 45 42 22 0 37 1 0 37 7 34 45 18 8 27 41 49 15 42 9 49 0 32 12 21 31 0 0 0 0 0 0 6 36 13 44 40 25 29 0 32 28 43 23 36 49 36 48 48 24 49 19 15 24 0 5 0 36 40 32 18 1 24 34 11 9 42 38 
0 6 44 0 25 23 4 42 46 27 14 32 21 43 24 0 18 26 50 18 22 4 2 20 26 13 30 40 33 37 14 27 7 3 49 36 33 21 26 0 10 0 3 1 33 48 18 39 0 24 20 36 0 35 0 26 32 28 0 6 17 19 0 47 25 37 6 16 29 19 0 44 29 4 17 8 7 38 32 35 10 27 5 0 15 10 14 50 37 0 22 29 41 39 32 12 16 32 44 0 21 4 12 36 11 41 9 12 39 40 29 21 23 31 41 39 21 0 49 46 41 29 41 24 
25 12 0 0 0 20 0 21 1 24 0 30 0 35 0 40 20 48 3 8 4 32 0 41 0 0 18 20 48 26 49 0 42 41 38 18 24 7 9 3 6 19 16 38 2 7 14 11 29 49 13 16 0 1 13 12 21 50 12 28 5 49 35 0 49 0 21 4 39 6 18 47 47 32 46 14 10 43 4 49 6 24 17 0 14 24 8 44 22 36 24 39 35 18 41 29 15 8 46 29 44 14 33 38 44 38 35 0 1 27 6 25 3 20 19 24 12 0 20 21 42 23 39 
31 0 0 40 14 18 0 0 11 42 0 10 15 3 16 16 3 49 18 26 15 33 23 32 8 38 16 0 21 40 18 16 46 36 29 18 11 50 47 27 28 0 16 20 0 25 15 38 14 45 6 2 9 19 46 34 2 35 24 1 0 39 18 7 4 30 47 0 34 0 35 16 3 0 36 0 14 9 0 20 42 0 31 3 29 42 8 49 35 46 8 0 50 11 49 0 47 14 45 21 22 15 0 43 18 31 50 7 49 48 3 3 0 31 18 23 0 32 25 32 33 0 
45 14 4 9 6 20 11 34 17 29 4 7 0 5 25 3 34 0 27 14 0 11 34 48 17 9 26 17 12 2 44 2 5 37 16 47 20 43 23 8 43 18 11 20 18 32 10 10 47 0 42 35 28 38 0 50 0 31 16 42 37 50 46 49 4 5 27 36 28 0 19 6 17 22 0 0 12 11 27 3 24 26 4 9 5 30 8 2 2 0 22 24 21 13 19 0 4 39 15 28 50 18 49 33 0 29 16 13 48 0 26 22 0 30 26 20 36 33 27 44 29 
11 49 15 19 14 26 37 28 41 26 14 39 41 47 0 41 25 33 47 41 0 43 40 26 17 10 24 49 14 0 42 7 49 16 0 16 12 0 47 39 0 4 7 38 0 27 42 25 48 14 11 48 9 0 0 23 0 37 2 36 14 34 29 28 0 18 45 33 45 48 3 44 8 7 11 0 21 22 38 42 27 36 1 36 18 34 41 38 25 32 0 23 0 27 46 19 46 49 4 26 4 33 22 33 21 33 0 39 0 24 0 31 39 14 26 0 6 50 36 0 
0 10 49 24 7 0 0 39 18 28 8 1 5 0 32 8 28 25 29 46 23 15 14 29 16 35 35 8 42 50 14 19 0 40 44 19 26 0 0 1 0 30 4 39 13 49 31 27 29 14 1 9 12 31 11 0 41 41 0 3 7 37 24 0 43 24 29 6 35 46 36 7 0 20 49 5 0 2 17 16 15 40 28 30 9 26 25 4 5 15 27 13 8 47 19 23 34 21 0 17 27 33 0 45 0 33 0 40 41 50 42 12 49 27 37 41 23 39 46 
21 0 42 30 23 0 43 10 17 48 12 42 38 43 46 38 41 43 29 0 41 0 3 44 0 29 8 23 38 27 24 13 27 47 0 0 36 40 19 6 9 0 23 20 3 0 49 30 0 0 31 21 2 22 5 0 15 21 31 44 40 7 5 30 9 50 46 40 48 27 49 19 0 48 35 0 28 18 44 10 0 0 26 11 4 0 31 0 15 5 5 26 2 32 18 9 0 21 6 42 27 27 48 11 0 26 0 7 1 17 41 20 39 8 25 44 0 8 
48 18 24 3 23 27 0 48 11 38 41 20 5 22 43 50 10 23 47 42 29 44 5 12 48 36 14 46 13 0 10 46 0 4 12 21 33 23 13 42 33 13 0 35 0 0 14 11 0 0 44 38 26 43 23 0 18 20 0 47 14 5 41 4 10 17 34 1 30 0 40 37 6 40 38 16 25 6 31 0 9 0 0 15 31 0 45 10 27 50 13 0 17 42 4 3 0 28 7 22 0 0 37 2 44 49 4 31 22 0 39 31 36 20 50 12 33 
48 28 45 0 37 23 18 31 22 37 24 44 23 12 33 9 12 8 41 37 1 10 50 0 40 3 50 46 10 0 39 20 38 8 36 40 31 17 0 0 22 13 18 19 30 37 48 11 32 35 0 25 17 2 13 22 8 19 2 0 35 47 49 45 22 44 2 42 17 33 11 0 0 39 2 33 24 0 24 42 46 48 19 24 2 4 4 41 25 12 0 6 0 9 49 0 0 43 0 46 0 11 0 2 0 27 0 8 20 45 36 13 50 19 10 14 
21 16 33 50 32 49 11 7 20 25 1 40 42 46 17 48 9 34 14 18 15 8 21 46 0 3 12 0 29 6 19 2 0 13 12 34 27 0 0 36 23 37 26 26 27 2 45 46 34 6 37 1 2 25 0 17 16 0 0 44 37 3 19 32 0 50 35 3 44 38 38 41 5 19 0 20 38 9 4 30 7 26 46 50 2 48 3 9 11 28 11 20 44 26 41 32 27 27 0 48 0 0 15 35 23 0 31 1 40 23 28 0 48 0 22 
0 33 30 38 14 43 0 50 0 16 23 18 31 10 34 26 23 10 43 0 2 50 2 43 6 20 13 6 45 1 32 27 46 0 0 16 49 0 48 42 2 25 40 35 15 39 25 3 34 35 0 13 3 44 0 17 34 28 12 14 0 0 37 22 0 12 18 32 2 33 0 21 29 27 9 0 34 15 24 30 17 17 14 38 0 43 0 5 14 0 17 38 3 36 49 7 25 0 31 0 31 0 24 16 15 0 32 3 26 28 8 0 6 22 
6 45 3 8 34 4 44 40 47 9 27 16 6 44 29 0 38 36 1 10 3 33 29 30 0 18 5 31 45 0 32 19 0 33 16 41 19 0 21 35 38 12 31 40 0 7 34 17 46 41 28 50 0 0 28 19 12 0 0 1 6 37 31 0 10 4 46 10 16 0 9 8 2 34 41 33 21 32 34 2 1 16 45 2 6 43 43 0 0 48 16 21 1 46 34 0 16 1 40 34 2 45 26 32 8 6 0 0 12 5 22 45 44 
40 41 48 15 19 46 47 5 0 0 42 42 12 4 48 19 30 18 38 47 41 8 0 8 11 33 6 34 36 22 2 24 50 24 11 27 42 46 22 0 33 40 0 40 3 0 32 0 12 22 16 0 11 37 32 16 4 0 2 1 25 28 9 0 27 36 35 0 44 22 20 49 42 0 44 13 33 22 47 28 9 43 0 17 0 50 28 14 0 1 28 47 16 48 39 46 0 12 0 23 0 5 18 8 43 50 43 3 6 15 40 25 
22 31 23 23 20 11 0 46 46 33 0 22 41 38 5 0 47 38 29 39 0 12 35 4 0 49 40 28 20 31 0 50 2 37 29 45 0 29 48 20 0 15 9 50 48 9 35 45 10 40 9 25 7 13 47 0 9 25 9 5 23 24 32 0 44 38 28 0 0 9 1 50 40 0 48 36 33 31 8 34 16 44 18 13 13 37 40 0 10 36 24 12 29 0 20 7 9 40 1 26 17 0 21 7 11 12 9 14 0 35 11 
26 38 46 18 29 30 45 30 12 19 42 0 13 0 40 32 26 32 25 1 45 43 11 49 2 45 0 37 40 23 0 43 0 3 4 32 19 37 26 19 34 37 5 45 23 22 38 18 36 0 6 46 36 49 38 9 50 46 0 0 49 23 1 5 20 0 18 16 43 42 0 27 0 35 0 20 44 10 44 16 22 36 0 40 25 23 50 0 48 47 24 14 5 8 0 32 0 47 0 0 0 24 8 7 39 22 9 10 28 24 
45 26 10 27 2 48 0 44 22 46 26 0 41 0 19 35 36 7 44 16 19 3 8 2 34 32 41 9 37 4 25 36 20 18 24 8 45 44 29 37 8 5 36 22 0 18 29 12 27 21 28 3 20 46 0 16 23 6 27 23 36 40 48 10 0 10 21 46 18 1 48 32 37 23 50 3 33 0 0 42 19 22 20 40 17 37 14 48 0 23 31 23 35 6 22 8 12 19 0 36 35 22 46 45 13 0 46 43 22 
9 3 5 19 40 0 32 33 12 30 0 38 28 7 7 23 12 8 0 48 8 26 45 0 8 20 36 47 10 0 1 40 41 35 47 10 17 17 0 26 42 3 18 44 30 16 31 2 26 10 43 23 0 46 17 16 2 50 25 11 0 0 4 36 17 28 24 26 30 40 40 47 5 16 26 38 24 37 0 0 40 4 13 47 32 1 29 42 47 12 11 0 29 39 0 50 10 37 28 0 12 46 34 6 19 8 6 4 
6 35 30 48 29 38 25 43 0 47 0 0 48 36 39 50 33 39 0 3 0 6 13 35 20 39 29 22 7 14 25 13 8 0 50 49 31 0 1 29 14 12 32 21 50 0 7 18 32 12 47 43 31 44 37 8 5 15 45 33 34 28 14 20 19 33 17 32 6 18 21 38 3 5 0 3 44 25 34 16 18 25 46 0 43 44 30 30 0 0 0 24 32 30 11 25 0 0 7 24 48 18 10 38 49 45 18 
31 2 45 35 0 9 39 4 0 3 29 2 48 28 10 31 34 19 44 37 39 0 32 39 27 40 0 0 38 0 0 0 19 9 36 0 0 29 29 47 0 6 0 0 0 22 0 23 23 38 9 30 20 8 29 17 10 37 1 26 0 5 10 28 45 37 15 0 0 47 39 32 9 0 32 45 41 14 29 6 19 20 21 0 7 40 0 34 37 39 36 38 3 9 50 0 7 38 8 47 31 38 40 19 40 41 
22 7 42 41 30 2 21 27 4 2 22 32 18 19 20 23 12 0 0 0 39 2 11 3 26 41 17 2 1 27 35 8 0 27 40 18 24 32 42 17 47 44 0 46 27 37 40 43 42 0 48 41 41 5 40 33 3 33 21 17 0 0 31 49 13 0 38 19 0 48 0 33 10 9 19 13 27 0 0 11 0 33 17 21 4 8 2 6 49 0 16 32 30 27 14 4 42 26 0 46 19 13 20 19 5 
49 12 4 26 13 40 22 0 3 19 4 37 36 17 42 49 4 45 2 26 0 44 34 47 46 21 38 17 13 26 5 4 22 26 7 1 15 7 44 5 19 41 48 5 42 31 36 0 48 0 10 45 34 35 34 23 12 8 28 0 25 0 40 0 30 24 37 7 32 0 0 26 38 4 32 42 39 8 2 21 15 24 36 0 0 11 0 35 0 2 17 37 18 37 8 16 15 11 0 50 42 47 39 25 
24 16 0 21 23 19 30 45 43 29 16 0 29 4 36 0 6 0 9 42 47 27 23 49 3 27 40 21 0 27 3 41 0 26 7 16 9 50 49 7 6 45 37 0 32 35 11 49 44 11 34 3 47 40 37 0 30 18 13 43 0 44 28 19 19 3 18 2 0 0 30 50 7 22 26 46 50 4 22 15 20 35 33 23 7 0 48 21 26 30 49 26 39 1 30 2 30 31 35 6 12 40 0 
13 40 32 31 0 0 0 49 15 34 19 15 2 48 43 50 40 45 20 28 47 0 44 2 2 24 15 0 45 14 3 28 11 2 6 41 0 45 36 50 44 44 38 38 27 39 32 28 0 32 9 29 0 12 33 28 15 21 0 41 10 0 45 24 5 15 42 42 38 46 47 16 17 14 0 14 43 49 29 40 23 31 21 43 1 30 19 0 45 37 31 45 37 27 0 43 0 7 47 34 48 20 
11 39 34 10 30 38 0 9 44 40 44 17 6 32 36 6 22 12 15 42 0 23 0 42 0 3 39 0 0 5 0 2 0 43 0 16 18 31 0 36 35 8 13 38 0 0 36 34 0 50 0 29 25 12 32 43 1 29 5 47 30 25 37 16 16 49 22 14 32 9 21 0 26 37 40 0 30 2 0 6 47 2 39 21 6 9 0 6 13 36 32 4 40 18 3 39 9 43 0 33 31 
29 11 40 0 10 13 24 31 41 2 35 45 33 42 44 12 38 21 40 27 50 36 29 2 33 0 0 33 25 35 45 10 46 7 26 36 25 42 26 0 18 0 34 16 13 34 47 0 1 50 22 32 15 14 48 23 41 38 47 26 15 50 7 9 10 41 39 22 37 38 0 34 21 34 35 42 12 23 20 45 18 45 23 36 0 2 2 0 35 8 41 16 49 10 29 8 9 12 15 33 
34 0 10 0 14 0 0 2 15 10 12 18 49 0 18 28 7 16 10 0 23 35 24 0 11 38 40 41 0 34 31 17 14 47 2 34 16 7 14 0 27 45 13 40 2 31 13 0 35 3 32 7 47 30 13 46 18 24 40 0 0 3 48 0 0 39 26 20 46 0 13 0 6 12 0 13 18 45 6 49 6 0 10 28 0 43 25 42 0 8 48 9 31 49 47 28 33 10 36 
30 10 0 35 1 20 22 0 40 10 37 46 5 18 0 28 25 44 0 12 0 15 0 23 19 38 13 41 16 29 16 26 14 1 46 0 18 49 7 0 35 50 2 37 26 44 13 38 22 34 23 40 31 18 0 45 13 0 26 0 10 34 24 4 21 47 9 0 33 10 35 0 24 44 6 6 0 35 10 31 31 0 17 22 16 9 20 18 20 9 27 26 24 47 7 30 0 21 
14 36 29 12 34 38 13 38 0 27 0 5 9 16 21 1 20 37 28 0 45 26 8 35 22 7 0 0 8 46 2 30 0 14 30 5 0 0 0 0 41 45 24 6 0 0 0 47 36 0 41 5 18 15 29 0 2 11 21 1 35 3 47 47 10 42 3 35 8 10 24 20 6 2 46 29 28 5 3 23 26 10 41 20 49 25 6 50 0 49 0 1 26 19 21 0 5 
20 42 15 29 5 23 0 0 27 21 16 36 0 12 17 41 9 10 0 47 4 0 38 36 4 42 0 31 9 0 0 39 39 0 45 41 48 13 38 45 31 38 36 30 25 16 0 19 45 9 32 26 23 39 30 23 5 6 45 15 33 0 22 0 0 34 0 24 0 24 41 43 39 25 21 14 48 22 21 27 45 14 3 48 3 24 21 48 45 21 29 40 0 3 1 36 
14 0 40 36 47 19 46 6 4 31 13 0 2 14 0 4 41 0 28 7 28 31 0 25 20 48 37 50 36 7 0 42 20 38 15 4 4 0 16 50 0 48 0 26 43 0 0 1 18 16 41 0 37 7 46 39 49 0 0 10 0 38 31 0 21 38 42 22 0 40 42 11 43 3 11 11 0 32 2 29 50 3 40 13 14 0 3 35 48 17 0 24 24 35 9 
0 48 24 0 2 21 32 39 20 49 47 26 5 0 36 45 32 10 29 8 20 26 29 1 40 21 6 40 14 49 0 0 0 50 17 1 25 42 23 9 21 2 20 0 8 37 0 0 49 0 50 39 40 21 28 18 28 31 0 37 42 45 24 7 35 32 29 45 39 0 0 18 28 35 40 10 1 42 26 0 36 33 12 35 31 8 1 0 45 20 45 0 23 6 
30 33 16 15 10 0 0 15 9 0 38 0 44 9 38 12 23 27 14 0 45 19 29 25 14 42 0 22 12 19 38 46 3 12 0 28 1 49 0 12 37 7 26 0 37 10 23 11 25 14 0 34 38 34 13 48 39 43 35 2 35 41 46 0 50 21 0 3 44 12 24 27 41 50 36 12 39 0 27 39 0 48 18 0 5 30 47 1 0 20 3 21 7 
0 0 42 13 0 9 15 16 2 40 15 0 22 15 20 15 44 12 0 22 28 33 37 3 0 39 28 14 3 35 4 0 43 32 17 0 36 14 30 0 0 40 22 0 10 46 46 0 30 40 1 41 22 50 22 0 30 12 29 29 46 38 34 22 0 38 35 9 22 8 0 22 0 45 18 12 41 12 33 0 40 2 26 12 47 2 38 17 31 40 30 29 
4 21 14 32 11 35 8 36 20 33 0 34 28 0 0 50 0 0 24 6 8 40 0 0 24 19 42 9 48 3 33 17 6 31 35 16 50 19 20 0 2 0 12 0 31 37 15 38 31 0 33 9 27 8 7 41 5 36 0 6 0 46 12 50 22 43 35 0 7 39 37 14 35 11 8 33 15 1 45 1 28 10 10 0 22 3 18 49 4 44 50 
24 2 0 3 50 37 23 39 22 49 35 28 12 50 0 39 19 12 43 50 22 24 25 10 48 0 37 11 12 0 15 0 11 42 20 17 38 48 17 0 0 39 3 15 32 0 17 14 2 37 39 4 10 4 2 27 18 13 44 43 19 25 40 49 17 44 6 14 39 42 22 50 12 3 39 0 27 47 31 30 0 15 0 12 43 0 50 27 31 46 
30 42 24 48 6 8 16 3 21 49 0 44 5 0 1 33 49 5 16 0 22 20 17 48 4 22 30 0 44 31 50 28 21 29 10 30 37 3 50 7 41 22 33 27 21 6 35 15 24 0 30 5 36 0 14 0 6 11 28 0 30 14 45 0 0 2 42 7 4 2 28 25 24 42 19 4 43 36 1 16 46 7 21 47 22 34 21 4 6 
17 42 16 0 0 50 16 30 29 0 40 36 36 2 0 36 13 0 40 3 49 14 29 9 11 14 0 15 14 28 0 50 7 0 14 38 2 1 0 25 48 13 41 23 20 32 3 44 38 44 0 0 13 31 4 20 9 0 0 40 0 43 31 32 21 3 1 35 16 42 17 19 29 39 9 14 49 0 0 5 18 4 31 37 0 0 39 5 
0 23 46 46 48 8 40 27 49 21 0 47 37 2 26 0 0 3 43 30 1 38 0 41 33 29 36 0 40 38 20 3 43 0 13 25 7 15 16 0 0 48 31 11 10 3 29 35 3 15 43 4 0 0 4 24 35 39 23 48 5 1 2 24 7 39 0 6 25 33 38 26 27 1 42 31 36 47 27 7 12 5 21 4 17 0 7 
14 44 17 7 30 15 11 6 0 5 0 13 20 0 14 0 0 0 29 13 17 9 44 28 0 41 35 26 0 11 32 27 35 26 16 35 46 21 42 4 0 42 0 6 7 0 0 27 46 49 32 40 36 34 18 24 23 9 38 33 40 0 10 28 0 13 37 2 19 8 9 7 4 43 15 46 1 50 9 16 34 1 31 47 20 32 
40 6 4 29 16 10 27 28 0 7 40 11 39 36 14 47 0 9 0 0 47 0 15 16 16 0 28 11 48 11 15 10 4 22 0 29 32 36 43 0 18 14 10 6 0 19 1 19 22 0 24 4 0 26 0 11 23 14 43 31 31 47 19 0 24 14 25 16 47 36 26 0 0 3 10 38 37 49 17 50 43 0 4 8 43 
50 27 28 7 31 21 47 12 11 20 4 22 9 38 16 8 46 47 16 0 43 46 46 0 19 41 21 31 2 27 42 16 2 9 46 15 40 8 23 9 45 21 29 44 28 49 3 0 32 47 19 13 4 0 9 49 0 17 44 5 0 24 0 1 14 49 16 6 0 33 24 19 8 0 30 0 41 0 2 29 17 43 17 8 
11 41 31 14 47 0 0 49 25 35 37 0 2 0 37 9 12 32 40 10 29 33 6 33 18 44 0 41 2 14 32 0 21 22 11 5 34 1 5 50 49 20 10 4 41 9 2 14 3 25 18 43 15 0 8 0 4 20 15 14 17 14 11 34 4 10 45 29 0 14 26 49 31 17 0 0 17 23 16 44 0 11 3 
43 24 5 14 0 0 8 0 35 0 3 16 4 14 13 28 32 49 24 29 39 32 40 31 41 23 2 39 41 1 40 47 10 36 17 8 32 18 38 44 7 38 48 0 37 7 15 48 19 3 28 2 37 12 26 43 23 2 0 3 43 38 12 23 0 50 6 19 7 26 32 37 30 38 19 44 8 50 30 0 11 10 
11 8 19 3 33 6 12 0 37 0 14 15 11 44 0 27 27 4 12 0 50 21 15 3 38 9 15 33 7 18 16 0 0 15 42 20 29 36 6 38 22 48 31 0 4 10 7 45 0 6 49 49 40 32 13 39 11 2 7 0 42 8 5 41 0 27 24 0 25 35 21 38 46 0 0 12 30 39 32 0 24 
41 50 47 7 20 15 34 27 14 41 25 33 12 29 42 16 36 33 43 13 31 33 19 17 50 29 0 2 19 27 0 19 14 7 0 28 2 32 38 5 0 1 0 23 0 5 20 4 8 23 14 44 14 15 37 6 20 32 0 16 50 45 49 49 19 48 46 0 8 50 1 30 1 5 5 14 26 50 0 48 
10 16 28 48 20 46 27 12 20 47 17 37 36 0 0 16 0 0 1 7 47 42 3 50 28 0 0 12 18 19 23 32 30 13 40 19 0 6 2 44 29 39 13 20 0 35 17 13 32 15 29 19 13 21 9 0 10 49 44 13 50 43 0 33 42 30 33 16 26 21 48 18 25 1 48 0 3 49 0 
21 13 15 49 38 30 2 31 33 0 0 48 22 5 36 40 14 7 0 11 40 23 24 38 7 28 0 48 0 12 43 0 0 29 10 27 0 13 6 18 1 44 34 44 33 0 35 0 2 26 36 36 44 0 19 26 18 31 36 18 0 31 42 11 49 15 0 33 3 24 4 47 41 35 27 31 16 0 
0 28 36 24 0 25 29 47 0 23 5 3 1 0 26 38 24 0 31 0 12 10 0 18 0 6 48 37 11 0 0 19 29 35 12 41 17 44 12 21 5 0 31 0 10 0 46 40 16 45 16 43 32 19 49 50 43 49 8 49 23 44 45 5 48 5 41 0 0 1 16 47 27 46 0 0 0 
6 44 9 39 44 0 27 0 0 0 36 38 19 0 19 3 0 28 0 12 2 2 9 46 39 17 9 18 20 6 26 5 41 50 10 42 15 45 0 6 47 39 0 20 41 37 26 33 4 47 30 0 41 21 0 0 27 0 49 27 47 0 17 46 11 22 45 30 4 23 6 6 18 22 40 30 
13 43 9 3 39 0 4 0 1 0 18 19 13 1 0 13 0 47 0 28 16 18 38 27 36 31 6 22 22 0 28 0 42 45 21 0 0 10 5 24 12 0 13 35 5 0 0 15 28 28 22 0 12 32 29 46 0 46 14 36 24 33 0 0 15 4 0 38 44 40 41 36 25 9 5 
43 30 32 19 20 8 0 16 38 25 33 7 24 12 15 36 23 18 28 10 12 4 45 0 15 0 46 30 29 25 21 11 27 18 0 29 10 21 6 24 3 32 33 0 34 38 20 25 27 0 7 6 20 41 34 17 28 33 32 18 10 46 46 2 43 0 15 3 0 24 21 3 37 34 
3 0 0 18 20 17 4 11 26 24 0 41 0 5 6 18 38 43 38 40 30 49 0 1 0 0 45 25 41 35 36 17 39 8 0 0 2 11 29 0 38 23 26 49 44 21 33 40 2 35 32 30 15 0 31 0 49 28 20 11 3 19 20 21 25 30 21 32 8 25 0 0 9 
36 39 17 16 44 16 25 26 14 11 25 17 38 17 40 2 13 32 3 30 23 43 13 0 11 28 11 19 33 24 0 23 5 16 22 1 0 45 44 26 0 0 9 22 39 28 25 11 0 9 9 22 0 32 34 1 50 9 6 32 22 5 11 7 39 44 17 0 0 29 10 27 
23 0 7 36 42 46 15 22 0 18 34 42 41 0 26 40 47 17 3 17 46 43 0 9 16 26 38 41 41 43 3 0 14 31 24 35 0 17 0 44 27 44 32 37 25 48 0 29 42 45 10 29 1 34 0 49 20 2 39 0 15 43 15 0 19 33 42 13 20 20 8 
44 5 38 37 49 47 5 29 2 1 3 40 0 22 13 45 5 50 13 35 49 48 27 48 47 49 27 11 24 0 35 7 50 25 19 3 49 14 8 15 43 0 36 30 45 0 42 5 30 22 0 0 39 44 0 5 43 22 7 44 12 27 0 48 38 7 44 4 32 11 
4 50 44 46 29 43 22 25 44 12 8 49 28 13 42 38 32 31 0 13 30 42 29 13 0 35 16 26 25 0 0 21 17 0 27 0 11 49 41 13 31 50 47 5 20 0 16 6 5 34 16 22 0 0 28 20 16 32 10 34 23 50 0 41 11 0 49 11 45 
0 0 0 11 19 38 20 35 15 0 21 1 7 23 11 36 15 33 5 0 0 37 0 35 39 27 33 8 19 38 0 13 3 0 27 37 0 25 16 13 6 34 0 40 8 33 0 41 1 50 1 36 33 37 0 12 14 5 38 38 33 49 25 40 43 46 0 17 
40 34 13 43 0 32 28 18 3 20 36 17 26 0 35 38 31 48 16 13 0 7 32 16 32 0 3 9 42 33 44 0 44 48 33 2 7 6 12 18 35 27 7 13 3 16 0 33 16 0 8 40 32 4 32 4 18 23 36 27 20 6 38 41 23 15 18 
13 13 43 37 48 16 43 42 19 40 41 5 5 8 38 48 22 45 33 6 21 17 5 16 15 18 7 30 41 47 43 9 39 17 12 42 32 17 39 1 11 17 3 0 4 11 38 48 16 0 30 0 14 4 50 11 6 19 48 42 33 16 13 22 18 23 
32 24 14 17 6 44 38 31 41 0 50 28 5 19 7 49 40 25 32 22 0 7 0 20 8 21 31 44 47 42 17 26 0 6 44 17 33 3 25 25 10 0 46 1 27 15 38 40 0 7 36 13 29 25 20 25 0 49 26 7 0 23 11 21 46 
15 45 0 21 29 4 30 18 0 20 10 37 48 27 0 26 0 24 0 3 6 17 30 21 31 0 0 13 41 25 0 36 0 25 25 47 4 43 26 14 39 0 24 8 31 19 9 31 8 45 5 0 46 39 44 4 30 25 29 0 17 16 30 19 
7 32 33 49 15 20 39 0 46 8 3 49 34 19 13 47 13 37 3 38 0 3 36 17 5 25 0 49 23 0 30 46 9 34 7 0 40 21 47 42 21 26 41 0 20 16 18 13 45 28 21 38 0 7 0 28 0 30 26 0 34 32 28 
4 6 5 48 48 49 0 9 47 34 1 0 39 0 47 0 39 0 29 34 9 35 16 10 0 47 23 42 4 3 22 45 27 37 0 43 48 25 30 30 48 16 35 0 36 0 0 0 23 0 2 0 7 37 34 8 32 10 48 34 38 10 
0 0 14 10 18 6 3 40 41 27 14 21 2 4 48 46 0 35 7 3 0 12 44 9 25 8 39 0 49 48 27 17 33 22 0 0 33 3 46 0 40 31 46 50 36 3 43 26 3 9 0 35 50 25 33 40 20 48 20 0 2 
26 16 34 48 36 0 26 38 36 49 0 2 0 0 10 7 36 38 0 41 12 5 0 34 5 0 42 5 13 31 36 14 0 30 0 15 9 28 49 49 0 50 20 6 12 0 0 0 12 25 34 9 0 41 49 8 0 13 2 31 
44 0 37 0 0 50 46 7 29 16 38 7 36 20 27 1 27 37 42 49 39 0 0 32 41 50 46 43 0 0 0 28 5 19 28 30 27 0 17 47 15 23 16 14 0 19 35 22 26 17 0 0 0 22 18 22 0 40 10 
27 4 26 0 0 4 33 0 32 42 22 26 22 22 6 30 22 24 47 10 15 20 29 45 49 0 12 12 18 7 0 26 50 7 0 30 47 41 18 21 34 0 8 37 47 46 50 0 0 46 31 26 19 40 11 32 48 27 
0 2 13 45 28 0 38 3 24 38 42 32 7 50 45 0 12 49 12 21 34 48 0 41 43 3 35 43 6 33 0 0 42 0 10 44 30 49 33 0 23 44 21 41 42 13 29 0 23 21 10 45 43 24 34 8 31 
27 21 0 13 16 1 0 40 21 18 0 4 24 33 15 11 0 0 0 22 25 37 34 27 0 22 4 35 0 28 0 16 17 29 10 24 38 26 47 36 33 44 30 28 38 21 0 6 48 0 3 20 0 17 0 20 
0 29 42 50 17 50 46 46 8 0 44 36 40 0 36 28 23 46 33 16 47 9 24 44 5 20 17 24 3 15 15 7 0 8 0 15 24 20 0 27 0 46 10 10 33 13 21 5 17 49 3 0 0 19 2 
33 0 10 0 25 7 9 30 40 0 41 37 19 1 18 20 5 36 0 9 28 13 33 8 38 42 22 35 16 15 27 29 15 23 0 0 2 21 0 21 0 26 43 9 9 3 40 0 39 0 27 40 0 39 
23 0 47 8 9 0 8 46 49 26 37 11 4 35 5 0 50 32 11 1 25 0 0 0 16 14 40 21 13 21 40 0 33 22 0 13 31 0 2 0 28 0 14 0 28 21 9 49 44 0 0 41 20 
7 38 11 41 45 0 29 17 0 42 26 35 0 27 7 0 49 34 0 38 0 1 48 0 4 43 5 3 29 43 20 35 23 31 0 15 33 10 21 40 46 27 28 33 38 28 28 25 50 32 0 0 
29 24 34 20 44 0 36 50 29 0 2 31 29 0 8 12 6 14 37 45 26 23 36 5 21 42 26 14 2 42 0 49 8 39 0 41 0 0 43 36 49 9 41 10 35 38 0 44 0 48 1 
0 7 46 27 0 0 49 0 39 3 42 40 40 15 30 23 5 11 9 4 45 0 47 0 3 29 32 29 46 25 12 0 29 21 49 20 16 9 11 1 45 29 39 0 36 15 18 20 49 9 
17 44 34 2 7 48 0 50 15 0 38 34 8 8 16 24 28 4 40 34 5 20 0 4 49 1 26 0 24 24 10 10 3 32 47 19 34 0 49 41 13 24 0 20 24 46 24 5 49 
28 19 0 35 0 23 26 16 17 46 25 19 20 16 23 5 0 22 0 21 1 2 12 17 12 36 15 0 19 18 31 3 11 37 21 16 0 6 45 29 33 18 10 45 0 50 7 7 
27 0 38 7 10 22 42 0 5 0 0 19 7 41 40 0 22 18 25 6 13 5 46 9 31 12 0 32 6 16 43 44 25 41 0 16 3 34 45 44 40 6 22 17 33 13 30 
40 26 0 39 7 0 41 0 46 42 26 31 0 44 1 35 5 16 0 33 32 45 47 19 0 45 18 17 25 17 37 0 5 49 0 33 30 39 48 5 0 0 13 42 44 49 
11 1 23 1 4 3 5 20 0 50 23 0 9 0 39 39 1 39 0 44 29 32 0 12 49 0 21 9 11 47 32 1 24 6 19 5 0 7 40 1 10 24 3 4 21 
39 15 29 2 45 29 13 2 0 22 48 22 45 17 22 12 10 0 40 0 1 29 41 39 29 30 26 22 31 5 5 50 38 22 45 4 17 35 1 23 34 15 42 10 
48 12 16 50 33 11 0 12 36 25 46 49 40 50 44 0 48 46 0 0 48 20 48 15 30 35 0 31 35 8 18 0 17 42 24 23 39 9 38 49 0 40 0 
21 16 10 48 3 26 32 29 0 35 43 12 14 0 44 45 34 46 20 12 36 24 29 49 40 37 0 26 37 0 14 19 47 25 28 40 48 0 0 1 22 20 
0 20 0 0 11 26 14 24 33 8 47 3 10 49 31 11 0 49 19 17 19 1 1 19 38 0 0 42 0 30 45 5 31 10 47 28 0 30 7 16 0 
0 24 49 27 36 48 1 24 0 19 28 0 20 41 8 35 16 20 40 41 35 18 0 0 43 0 26 34 49 11 0 49 14 8 41 36 27 39 10 0 
13 13 28 35 17 1 4 0 4 4 17 0 15 0 28 19 31 44 25 20 14 41 8 47 0 20 1 1 0 40 42 49 46 5 12 8 25 2 40 
0 46 29 23 42 0 24 24 18 34 0 0 0 20 37 35 0 0 5 24 41 0 2 18 0 49 42 33 35 8 18 42 13 0 14 33 36 34 
14 22 26 12 16 50 23 0 11 47 10 44 0 44 3 19 0 38 38 50 13 30 38 49 0 4 30 48 24 44 32 35 17 30 49 11 11 
43 46 0 0 18 35 32 3 0 16 10 13 50 1 21 4 30 32 50 0 47 0 18 30 50 43 21 41 45 0 31 11 33 0 18 7 
5 0 26 41 33 0 42 10 29 31 2 31 36 34 30 20 25 0 35 38 34 4 49 6 49 45 46 29 23 19 10 41 9 19 0 
1 11 4 47 48 12 29 5 21 48 10 33 31 4 26 34 33 48 23 34 26 0 36 2 26 30 13 40 0 0 20 36 9 36 
3 0 11 39 34 30 34 29 13 0 0 32 46 29 0 0 27 1 24 21 12 0 0 0 41 1 44 0 9 0 18 0 39 
0 33 38 0 0 31 38 30 48 13 0 22 41 0 0 3 25 42 19 45 44 0 10 36 7 1 32 0 49 5 0 1 
26 7 0 9 22 19 19 43 26 18 3 28 8 0 24 35 41 40 14 7 20 35 0 15 43 13 44 42 22 0 32 
10 28 15 3 17 20 4 0 13 1 35 25 2 39 20 34 4 17 28 48 26 3 0 43 38 43 0 0 50 13 
11 0 0 32 31 29 0 0 33 46 43 34 36 27 0 0 47 24 29 34 36 48 0 26 10 46 0 12 19 
37 32 0 28 38 0 0 8 35 11 18 13 46 29 0 42 21 39 42 16 31 4 34 35 36 36 44 39 
21 24 44 8 50 16 40 7 24 43 32 36 16 7 13 43 19 14 46 31 45 31 0 44 42 0 0 
32 14 13 1 34 7 24 26 17 0 26 23 50 30 25 0 31 20 0 47 16 13 0 5 17 0 
22 27 50 48 4 16 5 14 21 6 31 4 17 40 26 13 0 41 16 40 43 50 39 0 32 
4 39 4 15 18 0 29 49 32 31 21 14 0 37 32 16 29 44 2 28 12 0 8 39 
42 16 14 22 0 28 20 3 49 11 0 20 38 24 44 26 0 22 38 19 18 31 8 
46 8 34 32 11 31 16 16 29 30 43 45 44 17 4 31 19 19 24 45 7 0 
40 50 25 5 11 38 42 0 0 44 6 23 10 39 35 45 36 50 40 25 40 
36 6 31 43 10 19 40 0 28 35 38 12 0 39 1 13 35 18 44 16 
30 4 32 46 0 33 0 15 28 1 0 49 27 7 25 10 0 41 26 
43 32 0 9 28 37 18 48 11 9 27 5 33 46 44 17 0 7 
34 37 1 0 4 28 3 35 37 19 1 0 29 7 44 0 23 
13 46 0 4 18 29 0 34 34 12 0 19 6 10 20 31 
43 9 25 32 3 43 19 15 2 10 30 10 21 45 31 
38 18 34 3 46 22 0 46 24 6 0 50 21 3 
24 18 28 2 12 42 21 0 34 0 24 50 17 
16 6 0 0 6 0 0 34 46 30 38 29 
29 37 12 45 41 0 18 0 18 13 46 
34 25 41 38 49 41 15 36 14 27 
23 6 49 41 0 35 29 41 30 
0 31 44 2 48 1 1 37 
45 9 9 0 20 30 0 
36 41 6 36 13 40 
48 27 16 46 0 
44 5 23 17 
23 50 45 
43 15 
20 

1 3
1 10
1 23
1 30
1 44
1 52
1 55
1 63
1 82
1 89
1 96
1 97
1 99
1 102
1 117
1 120
1 131
1 139
1 143
1 145
2 6
2 10
2 17
2 29
2 31
2 33
2 40
2 41
2 47
2 56
2 58
2 63
2 75
2 78
2 82
2 87
2 88
2 90
2 92
2 102
2 104
2 118
2 129
2 135
2 139
2 143
2 145
3 6
3 15
3 16
3 18
3 21
3 35
3 44
3 60
3 62
3 73
3 81
3 83
3 95
3 106
3 109
3 111
3 112
3 118
3 121
3 126
3 131
3 132
3 138
3 140
4 12
4 13
4 14
4 18
4 24
4 26
4 38
4 40
4 46
4 48
4 51
4 58
4 59
4 61
4 94
4 95
4 101
4 107
4 110
4 116
4 125
4 129
4 135
4 138
4 143
4 147
5 29
5 31
5 32
5 33
5 34
5 63
5 70
5 76
5 81
5 86
5 94
5 97
5 98
5 99
5 101
5 102
5 111
5 114
5 118
5 134
5 137
5 144
5 145
6 26
6 32
6 40
6 43
6 48
6 66
6 68
6 73
6 77
6 88
6 95
6 97
6 105
6 120
6 132
6 140
7 13
7 23
7 27
7 28
7 43
7 51
7 53
7 62
7 64
7 68
7 69
7 71
7 78
7 84
7 106
7 109
7 117
7 122
7 138
7 150
8 14
8 24
8 56
8 58
8 59
8 60
8 61
8 90
8 96
8 100
8 102
8 103
8 108
8 109
8 117
8 119
8 120
8 126
8 127
8 133
8 136
8 140
8 143
8 147
9 10
9 12
9 24
9 27
9 28
9 29
9 32
9 37
9 43
9 58
9 68
9 76
9 79
9 82
9 83
9 97
9 103
9 114
9 115
9 126
9 130
9 131
9 135
9 136
9 138
9 140
9 141
9 142
10 14
10 28
10 35
10 52
10 54
10 56
10 63
10 65
10 85
10 90
10 100
10 101
10 118
10 119
10 122
10 125
10 141
11 14
11 15
11 17
11 28
11 31
11 32
11 53
11 54
11 55
11 58
11 64
11 73
11 75
11 96
11 99
11 102
11 106
11 119
11 124
11 126
12 15
12 19
12 25
12 32
12 38
12 65
12 68
12 70
12 73
12 76
12 102
12 123
12 138
12 146
12 148
12 149
13 15
13 21
13 31
13 39
13 42
13 43
13 45
13 49
13 51
13 53
13 54
13 63
13 78
13 93
13 102
13 104
13 109
13 121
13 132
13 147
13 149
14 16
14 20
14 29
14 42
14 55
14 56
14 57
14 60
14 61
14 67
14 73
14 74
14 76
14 78
14 94
14 100
14 105
14 110
14 121
14 125
14 131
14 133
14 135
14 139
14 140
14 144
14 146
14 148
14 150
15 18
15 24
15 29
15 30
15 37
15 39
15 42
15 54
15 55
15 56
15 58
15 64
15 65
15 71
15 77
15 79
15 85
15 91
15 95
15 97
15 99
15 110
15 114
15 121
15 133
15 134
15 137
15 139
16 24
16 35
16 57
16 59
16 61
16 62
16 77
16 79
16 85
16 87
16 94
16 103
16 113
16 122
16 134
16 142
16 145
16 150
17 32
17 36
17 44
17 51
17 54
17 56
17 60
17 61
17 65
17 66
17 72
17 92
17 97
17 102
17 104
17 115
17 117
17 130
17 142
17 145
17 148
17 150
18 21
18 30
18 34
18 36
18 44
18 45
18 55
18 65
18 67
18 73
18 78
18 84
18 87
18 109
18 114
18 119
18 121
18 126
18 134
18 135
18 137
18 138
18 139
18 141
18 147
19 25
19 31
19 50
19 52
19 55
19 64
19 67
19 68
19 76
19 81
19 93
19 107
19 109
19 110
19 113
19 115
19 116
19 131
19 139
19 142
20 21
20 32
20 39
20 44
20 47
20 49
20 52
20 55
20 58
20 94
20 104
20 108
20 115
20 128
20 132
20 133
20 144
21 25
21 30
21 35
21 40
21 49
21 65
21 71
21 84
21 88
21 89
21 95
21 107
21 111
21 112
21 126
21 128
21 133
21 134
21 143
22 35
22 49
22 52
22 55
22 60
22 63
22 65
22 71
22 72
22 76
22 90
22 92
22 111
22 112
22 116
22 120
22 127
22 129
22 131
22 136
22 138
22 142
23 33
23 36
23 45
23 48
23 50
23 57
23 59
23 68
23 88
23 91
23 92
23 95
23 101
23 109
23 116
23 131
23 136
23 142
24 28
24 29
24 35
24 37
24 42
24 56
24 57
24 59
24 61
24 67
24 68
24 71
24 79
24 83
24 85
24 113
24 116
24 123
24 125
24 128
24 132
24 140
24 148
24 149
25 26
25 33
25 35
25 37
25 45
25 48
25 51
25 53
25 57
25 60
25 64
25 65
25 73
25 80
25 87
25 90
25 104
25 109
25 110
25 111
25 112
25 113
25 114
25 122
25 137
25 139
26 27
26 30
26 42
26 66
26 68
26 75
26 79
26 81
26 85
26 89
26 97
26 110
26 116
26 126
26 144
27 30
27 31
27 32
27 34
27 38
27 40
27 42
27 50
27 52
27 53
27 59
27 80
27 91
27 93
27 111
27 135
27 145
28 30
28 31
28 35
28 36
28 39
28 56
28 70
28 73
28 89
28 96
28 98
28 102
28 104
28 107
28 110
28 120
28 124
28 131
28 141
28 145
28 150
29 42
29 47
29 50
29 79
29 84
29 86
29 99
29 104
29 105
29 119
29 125
29 134
29 139
29 142
30 45
30 51
30 60
30 65
30 68
30 71
30 75
30 84
30 85
30 87
30 95
30 106
30 121
30 123
30 137
30 139
30 141
30 146
30 150
31 32
31 37
31 38
31 45
31 64
31 69
31 70
31 72
31 87
31 90
31 95
31 104
31 108
31 130
31 134
31 136
31 138
32 34
32 38
32 52
32 54
32 57
32 67
32 68
32 74
32 78
32 81
32 82
32 88
32 105
32 108
32 113
32 114
32 118
32 120
32 129
32 137
32 139
32 149
33 40
33 63
33 66
33 76
33 78
33 79
33 82
33 83
33 89
33 92
33 103
33 113
33 115
33 116
33 119
33 125
33 130
33 134
33 135
33 143
34 38
34 58
34 64
34 73
34 74
34 85
34 94
34 106
34 107
34 112
34 125
34 127
34 130
34 131
34 133
34 135
34 137
34 139
34 141
35 60
35 63
35 68
35 73
35 74
35 90
35 93
35 94
35 100
35 110
35 134
35 136
35 137
35 141
35 147
35 149
36 37
36 43
36 45
36 56
36 70
36 71
36 74
36 87
36 91
36 97
36 98
36 101
36 107
36 112
36 121
36 123
36 126
36 134
36 136
36 138
36 142
36 148
37 53
37 62
37 67
37 70
37 75
37 82
37 90
37 91
37 95
37 96
37 101
37 107
37 125
37 126
37 133
37 144
37 145
38 47
38 48
38 61
38 78
38 81
38 84
38 86
38 90
38 96
38 102
38 106
38 112
38 121
38 123
38 127
38 135
38 137
38 139
39 46
39 50
39 55
39 60
39 64
39 70
39 76
39 80
39 95
39 103
39 107
39 108
39 113
39 127
39 133
39 141
39 148
40 52
40 54
40 67
40 71
40 73
40 90
40 99
40 100
40 106
40 111
40 113
40 115
40 123
40 128
40 135
40 137
40 139
40 140
40 141
41 48
41 53
41 55
41 86
41 96
41 106
41 119
41 120
41 130
41 140
41 147
42 48
42 53
42 61
42 66
42 72
42 81
42 95
42 103
42 104
42 121
42 122
42 134
42 137
42 142
43 52
43 54
43 55
43 62
43 64
43 77
43 81
43 89
43 118
43 127
43 132
43 133
43 134
43 140
43 141
44 49
44 53
44 66
44 71
44 72
44 74
44 75
44 76
44 80
44 81
44 85
44 87
44 88
44 89
44 91
44 105
44 112
44 113
44 118
44 128
44 131
44 140
45 63
45 64
45 65
45 78
45 88
45 95
45 106
45 107
45 111
45 114
45 116
45 123
45 124
45 126
45 135
45 144
46 54
46 67
46 94
46 96
46 106
46 108
46 110
46 116
46 117
46 130
46 131
46 133
46 135
46 145
47 50
47 59
47 63
47 65
47 76
47 80
47 91
47 103
47 108
47 116
47 117
47 133
47 150
48 53
48 54
48 55
48 70
48 76
48 85
48 97
48 101
48 107
48 110
48 123
48 136
48 143
48 145
49 56
49 70
49 72
49 74
49 77
49 78
49 80
49 82
49 84
49 88
49 94
49 95
49 98
49 100
49 121
49 125
49 128
49 136
49 148
50 54
50 76
50 77
50 90
50 92
50 98
50 121
50 135
50 138
51 53
51 55
51 57
51 58
51 65
51 71
51 75
51 80
51 91
51 99
51 111
51 112
51 115
51 116
51 121
51 123
51 126
51 133
51 136
51 140
52 55
52 60
52 67
52 71
52 73
52 75
52 88
52 92
52 107
52 110
52 112
52 120
52 124
52 129
52 134
52 149
53 62
53 64
53 73
53 80
53 81
53 86
53 90
53 91
53 92
53 93
53 98
53 99
53 100
53 103
53 109
53 142
53 144
53 149
54 61
54 62
54 67
54 73
54 76
54 81
54 84
54 85
54 88
54 101
54 116
54 118
54 119
54 121
54 123
54 147
55 57
55 67
55 70
55 73
55 78
55 86
55 93
55 96
55 98
55 101
55 102
55 107
55 113
55 114
55 116
55 119
55 124
55 132
55 141
55 146
56 57
56 60
56 70
56 87
56 88
56 89
56 100
56 103
56 104
56 106
56 115
56 126
56 127
56 136
56 144
56 148
57 63
57 64
57 67
57 69
57 77
57 84
57 92
57 96
57 101
57 108
57 121
57 124
57 135
57 138
57 141
57 146
58 59
58 60
58 63
58 70
58 77
58 83
58 90
58 94
58 98
58 99
58 102
58 106
58 114
58 123
58 129
58 131
58 138
59 70
59 73
59 74
59 76
59 77
59 82
59 83
59 99
59 101
59 103
59 109
59 118
59 120
59 127
59 143
60 63
60 75
60 86
60 90
60 92
60 100
60 101
60 106
60 136
60 141
60 143
60 146
61 72
61 75
61 81
61 89
61 111
61 115
61 117
61 121
61 125
61 126
62 66
62 67
62 72
62 77
62 80
62 89
62 93
62 96
62 101
62 113
62 114
62 120
62 121
62 123
62 140
62 141
62 147
62 148
63 64
63 74
63 79
63 80
63 86
63 91
63 97
63 103
63 104
63 116
63 117
63 130
63 149
64 73
64 75
64 78
64 80
64 81
64 82
64 89
64 93
64 105
64 107
64 110
64 111
64 126
64 129
65 74
65 82
65 84
65 85
65 87
65 91
65 100
65 105
65 110
65 115
65 118
65 120
65 129
65 137
65 138
65 147
66 86
66 90
66 114
66 120
66 123
66 127
66 129
66 135
66 140
66 142
66 144
67 73
67 74
67 79
67 81
67 94
67 99
67 121
67 123
67 136
67 142
67 143
67 148
68 73
68 74
68 76
68 78
68 112
68 127
68 133
68 148
69 77
69 79
69 84
69 89
69 101
69 102
69 113
69 118
69 129
69 134
69 137
69 143
69 144
69 149
70 97
70 101
70 105
70 111
70 113
70 115
70 129
70 138
70 149
71 85
71 86
71 88
71 89
71 97
71 98
71 108
71 116
71 127
71 134
71 147
71 150
72 82
72 83
72 91
72 99
72 101
72 104
72 105
72 109
72 118
72 120
72 126
72 133
72 139
72 150
73 74
73 78
73 82
73 87
73 91
73 93
73 96
73 98
73 103
73 104
73 115
73 117
73 119
73 141
73 142
73 148
73 149
73 150
74 80
74 82
74 83
74 84
74 88
74 91
74 93
74 113
74 117
74 126
74 129
74 130
74 132
74 136
75 81
75 83
75 85
75 90
75 92
75 94
75 105
75 107
75 111
75 112
75 117
75 121
75 122
75 127
75 132
75 138
75 139
75 142
76 83
76 100
76 102
76 111
76 120
76 126
76 142
76 145
77 79
77 80
77 88
77 90
77 100
77 102
77 103
77 112
77 113
77 117
77 131
77 133
77 148
77 149
78 102
78 109
78 115
78 119
78 120
78 127
78 131
78 146
78 147
79 81
79 88
79 93
79 102
79 111
79 116
79 118
79 126
79 134
79 139
79 143
80 93
80 110
80 122
80 126
80 131
80 132
80 135
80 143
81 100
81 106
81 111
81 112
81 115
81 117
81 127
81 134
81 135
81 144
81 147
82 83
82 84
82 85
82 92
82 102
82 103
82 105
82 113
82 116
82 119
82 125
82 129
82 137
82 149
83 88
83 97
83 104
83 109
83 115
83 130
83 133
84 128
84 134
84 136
85 95
85 106
85 108
85 118
85 127
85 134
85 142
85 146
86 89
86 95
86 101
86 103
86 105
86 112
86 113
86 117
86 119
86 128
86 138
86 146
87 95
87 108
87 114
87 117
87 123
87 131
87 140
87 142
87 144
87 147
88 95
88 100
88 102
88 104
88 106
88 113
88 123
88 132
88 134
88 135
88 136
88 138
88 140
89 90
89 91
89 106
89 110
89 117
89 124
89 125
89 129
89 140
89 149
90 96
90 101
90 103
90 104
90 109
90 113
90 116
90 123
90 125
90 131
90 136
90 137
90 138
90 143
90 147
91 93
91 95
91 96
91 113
91 114
91 120
91 121
91 122
91 129
91 136
91 142
91 143
91 144
91 148
92 96
92 97
92 100
92 118
92 123
92 127
92 134
92 140
92 141
93 94
93 99
93 109
93 116
93 124
93 125
93 127
93 133
93 141
94 97
94 101
94 105
94 111
94 112
94 113
94 119
94 123
94 125
94 141
94 144
94 147
94 149
95 96
95 105
95 109
95 128
95 130
95 134
95 136
95 147
95 148
96 98
96 100
96 106
96 115
96 131
96 132
96 135
96 137
96 144
96 146
96 149
97 99
97 103
97 113
97 119
97 120
97 121
97 129
97 132
97 135
97 137
97 139
97 141
97 147
97 148
98 104
98 107
98 111
98 114
98 117
98 119
98 122
98 133
98 149
98 150
99 105
99 109
99 113
99 130
99 134
99 136
99 137
99 146
99 148
100 101
100 105
100 106
100 108
100 122
100 124
100 132
100 144
101 108
101 111
101 124
101 129
101 139
101 144
102 105
102 107
102 119
102 121
102 130
102 139
102 147
103 105
103 111
103 113
103 114
103 119
103 130
103 138
104 107
104 110
104 112
104 117
104 123
104 129
104 136
104 139
104 145
104 146
105 114
105 117
105 119
105 124
105 128
105 131
105 142
106 115
106 124
106 126
107 114
107 123
107 126
107 127
107 134
107 139
107 148
107 150
108 117
108 122
108 135
108 138
108 146
108 147
109 110
109 112
109 113
109 126
109 135
109 136
109 138
109 146
109 150
110 111
110 119
110 122
110 133
110 134
110 136
110 141
110 150
111 119
111 123
111 125
111 136
111 140
112 113
112 118
112 123
112 124
112 125
112 129
112 130
112 134
112 137
112 146
113 121
113 126
113 130
113 138
114 117
114 118
114 123
114 134
114 136
114 144
114 148
115 117
115 121
115 133
115 150
116 138
116 145
116 146
117 119
117 127
117 128
117 132
117 133
117 139
117 140
117 141
117 145
117 147
117 149
118 119
118 122
118 123
118 129
118 132
118 133
118 140
118 146
118 149
119 122
119 133
119 142
119 149
120 128
120 143
120 147
120 148
121 123
121 124
121 128
121 129
121 136
121 137
121 144
121 148
122 125
122 128
122 129
122 137
123 146
123 149
123 150
124 134
124 140
124 143
124 147
124 150
125 142
125 149
126 132
126 139
126 148
127 132
127 138
127 144
128 150
129 137
129 138
130 138
130 143
131 136
131 138
131 142
131 148
132 135
132 149
133 137
133 145
133 149
134 137
134 141
134 145
136 143
136 147
137 145
137 147
138 141
138 142
138 144
138 145
139 145
139 147
141 146
142 143
143 147
143 150
145 150
