150 1788 1000

55 109 103 106 77 39 110 75 51 33
101 12 80 109 91 11 56 106 69 14
67 14 110 30 103 18 71 37 16 58
64 27 20 21 35 25 68 30 17 89
24 101 23 14 11 11 106 103 60 56
31 54 105 83 27 31 49 73 14 104
105 96 51 15 35 15 24 22 55 51
72 80 59 60 28 110 47 74 86 107
26 23 33 105 57 49 69 58 26 14
54 78 105 68 89 44 26 88 67 37
102 110 107 90 44 34 15 16 80 63
67 29 104 34 58 39 19 79 49 46
108 55 42 45 55 81 78 49 19 22
79 44 12 76 78 21 27 80 21 25
29 88 29 14 13 80 50 89 27 110

45 99 93 96 67 29 100 65 41 23
91 2 70 99 81 1 46 96 59 4
57 4 100 20 93 8 61 27 6 48
54 17 10 11 25 15 58 20 7 79
14 91 13 4 1 1 96 93 50 46
21 44 95 73 17 21 39 63 4 94
95 86 41 5 25 5 14 12 45 41
62 70 49 50 18 100 37 64 76 97
16 13 23 95 47 39 59 48 16 4
44 68 95 58 79 34 16 78 57 27
92 100 97 80 34 24 5 6 70 53
57 19 94 24 48 29 9 69 39 36
98 45 32 35 45 71 68 39 9 12
69 34 2 66 68 11 17 70 11 15
19 78 19 4 3 70 40 79 17 100

0 37 10 35 0 22 40 13 20 21 27 26 39 29 22 3 5 37 5 0 29 0 0 23 31 38 7 43 0 50 0 27 46 5 16 37 0 12 15 0 26 22 18 28 48 19 43 38 5 46 12 32 0 15 5 36 37 3 26 6 3 22 26 0 50 42 0 19 48 12 0 3 46 23 42 0 34 45 12 37 20 20 0 22 0 22 48 11 12 0 25 39 32 34 33 3 48 18 0 0 30 48 23 24 47 1 26 15 10 0 47 0 28 46 26 0 17 12 0 31 41 0 26 22 0 5 23 0 0 29 26 27 12 0 8 43 18 23 24 25 49 16 3 26 0 2 6 38 45 
44 32 34 38 10 1 23 17 29 39 4 11 37 27 47 0 32 0 25 8 32 20 0 46 7 0 23 21 44 34 44 45 28 6 0 21 47 0 35 10 0 36 14 43 21 0 23 15 15 42 0 0 0 3 50 24 19 0 33 0 20 36 44 40 47 0 12 0 4 38 24 0 17 9 50 48 35 41 41 18 32 0 12 48 13 45 23 1 47 30 0 13 41 21 10 27 5 6 10 42 17 42 21 0 1 34 0 42 0 20 0 50 0 0 16 45 19 22 13 46 0 7 6 39 46 50 32 42 4 13 39 38 0 29 10 13 36 30 45 43 0 23 0 40 0 50 17 3 
28 15 48 15 25 0 41 26 37 0 48 0 50 18 0 33 14 2 41 0 49 42 41 3 4 36 50 42 32 20 11 8 0 12 44 12 30 12 49 50 25 17 39 30 37 0 49 17 16 29 8 0 37 38 17 34 11 38 35 13 50 48 0 36 24 35 0 27 19 26 30 16 26 4 2 8 0 0 21 48 13 48 0 0 34 27 47 1 20 44 4 32 34 3 27 0 0 25 0 14 6 38 25 1 10 0 43 49 32 18 4 9 28 12 31 15 22 0 20 14 0 0 2 30 9 36 27 50 26 2 14 34 0 13 0 31 38 7 29 0 34 0 31 16 48 0 26 
45 8 41 10 33 38 37 45 2 24 45 9 46 5 24 3 33 22 34 8 2 22 41 28 24 39 49 0 19 23 19 41 7 17 0 35 27 13 50 8 28 34 23 1 40 0 33 13 12 12 0 28 43 7 30 0 0 2 39 9 8 8 21 48 44 29 27 16 0 1 48 35 35 33 11 40 34 45 42 32 48 0 31 11 43 27 16 0 11 15 0 36 31 41 49 50 48 48 7 10 1 2 6 37 0 21 0 50 41 20 0 0 17 0 25 39 30 46 32 0 26 47 14 45 39 40 7 45 12 5 0 30 21 44 3 24 0 30 0 0 17 18 48 0 44 28 
45 13 5 11 3 0 0 0 27 17 12 40 0 44 0 41 17 0 20 35 0 0 50 10 49 0 42 3 6 43 0 7 12 2 15 37 15 0 21 5 8 0 8 9 20 32 1 35 0 49 0 50 31 23 27 35 33 23 42 11 33 37 14 0 47 15 4 24 0 30 9 27 0 5 31 50 25 29 37 0 28 0 26 13 14 49 24 36 6 22 23 11 0 26 41 26 35 23 45 32 30 2 22 32 0 0 41 26 47 0 18 19 7 9 37 48 0 28 45 23 16 16 35 22 1 49 38 39 0 29 22 48 39 47 27 35 11 18 22 25 0 0 33 32 23 
10 21 42 18 50 0 5 28 40 32 18 4 24 0 15 0 23 48 16 46 49 4 26 29 0 45 49 0 27 11 35 34 50 11 26 48 0 29 0 10 35 9 21 25 33 0 37 37 31 5 1 37 29 36 0 0 23 34 34 23 37 0 0 1 28 46 8 12 47 13 19 0 38 48 0 0 22 14 24 40 1 0 31 38 3 2 0 37 1 31 19 4 32 38 20 24 44 28 24 44 19 12 32 14 42 13 0 0 29 18 48 0 0 47 38 16 10 37 32 34 0 20 16 50 24 38 8 18 27 2 7 48 0 6 0 29 2 41 0 21 50 15 45 0 
42 11 21 33 10 4 38 36 49 0 0 22 23 14 16 0 47 21 9 26 48 33 10 6 0 13 0 10 46 0 14 42 29 11 29 47 49 16 0 34 0 3 50 30 35 17 3 7 11 5 44 20 0 0 39 10 0 7 17 13 0 39 30 26 47 0 24 9 0 29 26 11 14 30 45 24 25 6 0 48 40 6 39 5 30 22 1 37 0 0 8 2 18 16 37 7 2 17 24 1 29 48 31 6 15 6 0 38 12 36 50 5 13 40 47 45 14 31 30 34 33 46 14 0 21 0 6 0 19 17 50 25 0 18 0 0 0 9 48 0 8 13 29 
25 0 15 28 10 7 40 15 32 24 12 49 13 46 16 18 11 34 0 28 44 29 13 5 0 17 35 11 39 40 0 25 0 21 28 38 47 2 48 33 45 0 0 33 7 30 42 13 45 22 8 38 4 29 13 19 15 2 0 41 12 8 30 20 27 32 5 28 14 23 6 4 4 42 19 49 2 0 22 27 0 19 40 21 0 18 29 23 49 0 25 43 41 10 2 17 21 9 14 18 22 26 35 21 16 0 0 19 21 34 10 35 3 0 19 14 16 45 27 16 24 33 45 3 47 1 7 7 28 0 21 15 25 21 0 10 0 6 11 23 46 40 
0 20 47 44 8 15 21 40 26 13 47 15 9 27 17 21 43 0 26 42 12 0 47 34 5 0 38 39 0 24 35 49 40 22 20 14 43 26 4 1 19 16 47 15 37 37 2 5 0 12 0 24 18 50 0 39 47 16 16 44 22 40 45 6 0 44 4 0 0 4 27 33 10 25 26 6 38 27 46 0 18 0 11 32 5 48 14 48 0 28 14 44 0 36 32 0 26 49 39 14 50 19 43 27 10 1 45 34 0 11 41 21 3 0 47 44 5 33 42 47 34 30 39 32 46 39 0 31 12 0 33 11 48 0 9 41 28 0 15 4 25 
46 0 5 49 23 44 25 24 48 0 8 0 31 21 7 45 25 34 7 0 50 48 10 15 6 26 17 47 46 0 8 11 2 3 11 0 47 35 8 0 8 11 50 0 16 28 44 0 22 10 22 5 37 44 0 0 10 0 7 40 36 0 9 38 33 26 21 39 0 0 15 30 34 39 46 36 0 27 16 45 20 42 0 2 0 9 24 27 12 10 0 6 5 1 12 0 17 11 25 35 48 14 39 12 22 20 14 26 43 7 10 23 26 19 0 1 50 11 20 0 31 0 22 0 44 0 6 11 47 28 23 21 27 0 0 2 0 1 47 0 
5 25 0 0 15 17 37 16 0 12 16 38 12 21 16 6 0 48 21 22 22 8 42 0 26 40 39 34 5 12 1 20 3 0 26 0 7 0 31 36 41 4 0 0 0 46 0 17 8 44 23 29 6 40 38 15 0 0 15 2 0 9 47 33 33 39 0 39 0 0 17 20 20 0 19 44 11 0 0 50 12 50 17 14 0 38 0 40 47 26 5 12 0 32 43 0 26 37 47 29 27 34 30 5 48 29 11 38 17 43 0 50 34 0 0 2 0 3 16 50 17 0 42 0 49 14 30 12 15 12 0 33 2 38 2 11 28 0 43 
0 0 0 22 0 47 19 0 0 2 8 31 20 0 19 0 37 28 11 24 0 20 0 0 22 15 0 38 0 37 48 34 5 11 34 32 0 5 0 0 31 3 38 17 9 8 37 11 0 44 27 37 49 41 4 0 38 0 31 22 23 19 16 42 0 7 45 7 29 9 3 20 46 16 45 11 26 0 22 8 46 0 5 29 47 21 0 12 15 31 41 18 9 12 0 8 0 36 24 45 12 20 21 0 2 5 1 36 9 50 37 18 39 36 0 46 27 33 1 38 0 21 42 10 31 49 44 33 8 22 0 50 8 0 44 20 11 44 
43 34 0 41 0 0 0 30 0 36 0 8 8 47 34 5 41 27 47 19 41 4 0 0 16 48 48 20 31 45 27 30 33 50 25 0 3 10 29 0 8 7 46 10 33 0 29 20 0 0 38 13 24 0 5 41 28 41 16 0 0 38 37 39 19 45 42 0 17 8 0 48 44 7 9 0 15 20 48 19 1 15 16 27 18 44 0 12 0 19 43 7 0 23 19 0 46 39 7 42 47 45 1 27 47 44 6 0 11 6 45 12 31 0 0 11 23 25 46 24 18 8 6 39 21 25 0 43 12 0 35 30 40 13 40 26 44 
41 0 20 22 25 48 21 42 4 29 12 16 8 41 18 43 10 6 0 33 35 0 32 43 7 18 47 16 41 6 12 0 14 7 48 20 44 3 5 32 20 44 9 20 34 18 50 39 12 24 6 3 18 9 48 5 27 0 4 40 14 39 0 26 46 45 18 24 10 1 46 7 8 8 8 5 45 0 0 28 44 26 24 0 12 10 13 30 0 29 18 43 19 29 1 8 33 36 24 35 34 44 24 12 34 7 27 12 43 0 0 29 43 33 24 22 41 40 27 37 46 20 49 45 31 0 35 25 22 42 0 9 12 2 0 12 
50 24 0 30 15 9 43 26 13 8 48 0 6 33 31 0 5 25 1 0 17 4 0 37 21 6 50 31 17 0 2 6 30 38 31 0 19 0 2 39 1 44 36 38 0 5 16 18 6 22 0 6 0 36 42 21 3 6 29 44 15 3 38 44 38 16 20 0 39 16 15 35 17 8 37 50 46 0 50 16 27 38 0 5 17 16 17 0 39 23 38 30 23 22 34 14 49 19 40 40 18 1 47 2 0 0 4 0 7 35 35 9 47 49 32 8 0 12 8 17 0 34 12 18 25 37 18 0 25 49 34 27 0 1 28 
44 37 35 10 45 21 4 12 45 44 23 38 18 25 4 27 9 11 0 0 31 28 6 32 43 33 19 43 4 16 28 40 0 42 0 1 23 4 42 30 7 0 19 43 9 4 32 35 31 23 22 8 37 45 31 23 46 50 50 41 24 5 0 42 8 35 16 19 46 0 36 9 1 4 11 5 0 27 42 46 46 45 26 19 41 17 12 7 0 42 9 0 6 18 46 11 26 28 40 16 33 5 0 23 0 7 4 16 28 41 48 28 0 17 21 6 0 0 43 4 0 19 7 18 24 50 14 19 46 13 31 0 30 39 
33 20 4 24 12 29 0 44 49 42 12 27 4 13 21 10 29 45 37 0 40 46 17 12 18 14 29 11 28 29 29 5 47 31 4 41 2 29 0 1 45 9 0 47 22 4 42 7 8 26 4 38 0 19 34 31 22 49 30 39 0 6 26 50 9 47 22 10 47 34 10 0 16 21 42 9 18 22 44 1 48 19 24 18 25 38 7 14 46 32 30 5 11 43 26 0 15 38 44 17 9 47 0 48 0 44 31 0 22 0 44 19 0 10 4 1 0 5 0 26 36 0 13 22 31 0 24 48 25 40 34 30 25 
11 37 19 0 1 5 0 45 26 18 0 21 45 20 31 0 16 37 40 2 29 46 31 47 0 33 0 6 46 41 25 0 32 27 0 34 0 0 4 4 0 13 37 46 8 0 8 16 3 0 3 0 1 46 18 14 13 33 17 18 6 8 42 45 16 32 48 35 0 34 0 12 20 23 15 47 5 49 22 6 12 22 23 11 47 49 22 30 46 31 40 0 16 0 7 35 48 4 46 38 11 34 29 12 41 39 0 26 32 7 25 0 11 3 11 18 21 0 0 23 28 28 34 12 47 28 48 4 0 33 47 6 
33 49 12 50 38 46 5 3 41 0 30 26 45 40 11 3 25 24 30 22 29 6 22 12 42 45 18 0 33 49 0 49 5 5 0 0 38 5 26 43 50 29 0 12 35 18 22 0 24 18 0 4 49 22 37 0 0 0 11 21 22 42 46 8 3 49 13 31 0 1 0 11 45 45 0 8 45 6 0 13 11 18 17 43 0 7 28 2 18 0 0 31 33 0 0 46 26 26 30 36 20 34 27 21 0 0 26 19 15 5 0 42 6 33 0 32 8 45 4 9 30 42 12 20 5 0 49 9 21 0 14 
6 0 0 24 34 0 16 35 5 16 31 36 0 21 25 34 0 8 45 44 7 0 14 7 49 0 41 14 23 10 40 3 0 4 42 45 30 46 35 8 0 35 28 40 0 0 37 25 12 37 38 30 22 34 37 2 31 0 39 28 23 0 47 0 20 43 30 0 23 4 45 31 20 23 8 15 35 21 44 33 0 49 30 9 0 0 26 10 0 21 5 3 19 26 40 2 43 26 2 36 14 41 28 26 50 24 26 7 7 27 27 22 24 38 14 25 46 43 45 47 43 0 0 42 27 0 5 14 17 42 
0 40 43 45 1 0 42 22 36 6 12 7 8 24 0 0 1 25 28 0 0 37 11 43 0 35 11 42 25 31 21 20 19 21 0 40 33 44 14 48 22 27 16 0 25 41 0 0 12 33 0 36 50 28 36 31 43 3 25 40 41 21 27 42 16 40 37 19 48 13 30 39 7 3 5 14 6 14 25 5 0 0 14 43 9 0 0 4 49 14 0 12 27 37 42 0 22 44 10 0 38 34 0 33 16 0 21 45 38 9 36 47 45 42 22 47 33 33 10 26 27 23 33 48 29 9 16 9 19 
0 37 27 39 17 18 16 32 16 19 24 35 33 39 26 19 0 3 0 2 15 0 10 7 3 48 0 47 20 0 44 20 16 2 19 15 30 0 21 20 6 41 47 45 18 21 10 31 30 43 48 31 24 29 47 31 49 22 44 43 12 0 15 4 44 0 39 31 0 13 15 4 4 47 1 11 8 40 0 4 25 2 0 12 36 49 49 20 19 49 0 50 24 32 3 0 41 33 9 5 50 47 38 44 44 49 33 23 0 45 29 0 6 50 32 33 2 43 12 41 41 0 25 36 18 45 0 48 
15 39 0 13 35 44 0 21 47 0 13 29 6 31 46 14 44 0 48 31 0 47 11 1 14 32 38 37 31 0 0 0 50 0 48 28 27 11 11 34 25 0 39 0 14 38 6 26 0 31 49 14 3 49 41 15 35 27 16 32 14 10 48 0 47 7 18 44 30 31 14 0 15 32 7 6 26 38 2 34 49 12 37 14 27 40 26 21 0 20 0 3 7 0 0 42 38 14 50 4 9 44 10 42 33 13 20 19 33 36 13 34 2 49 25 11 35 0 35 38 29 1 14 26 43 19 0 
50 48 34 50 50 45 43 28 0 29 27 47 26 38 34 49 11 0 0 18 2 29 32 9 0 19 0 25 0 31 24 49 5 32 24 0 30 12 5 47 43 30 4 46 49 0 9 42 10 0 13 30 28 0 7 38 30 41 50 33 9 37 5 26 32 1 7 49 34 3 11 47 12 32 15 15 40 32 44 5 34 0 0 31 0 27 32 18 0 50 17 36 17 27 0 30 10 48 2 26 26 41 22 0 27 29 30 16 45 31 23 0 3 0 0 15 32 22 38 44 29 18 48 9 41 6 
47 8 0 0 0 21 0 40 6 28 11 0 23 24 43 40 41 15 18 0 43 19 28 10 48 31 34 34 6 13 0 45 36 23 28 32 17 46 0 30 38 0 0 50 18 14 41 40 10 41 0 9 10 2 0 4 2 31 0 4 50 0 49 28 5 9 10 3 44 0 37 1 21 47 43 20 31 48 8 4 40 23 5 9 42 28 13 33 36 27 31 11 7 20 12 0 6 40 26 2 46 0 36 21 46 32 0 27 14 9 20 12 27 42 0 42 44 3 18 7 29 8 39 31 41 
34 32 16 6 8 1 18 34 4 13 0 26 6 0 0 22 5 0 31 47 29 23 21 0 22 26 35 19 38 20 33 47 0 25 46 0 23 17 10 50 0 30 44 10 35 50 22 15 36 47 34 13 18 47 45 0 29 17 0 45 3 50 0 23 22 20 0 5 31 38 23 27 18 0 34 30 26 26 45 45 11 23 29 0 39 0 31 48 10 27 37 22 50 1 47 39 0 11 30 36 41 29 48 46 0 29 15 17 32 40 20 12 10 10 3 30 0 11 10 21 0 0 37 36 
0 1 45 21 2 14 9 1 24 41 47 0 21 28 5 8 0 48 35 36 46 0 42 1 43 7 50 20 40 32 47 50 0 0 0 26 49 43 17 0 0 0 45 32 28 21 39 27 49 0 11 42 43 0 34 37 43 1 9 5 5 36 36 21 0 22 44 4 50 25 14 20 29 6 26 0 48 18 19 40 43 34 50 48 31 18 11 5 0 5 41 36 0 0 26 4 31 34 35 30 0 44 30 8 32 0 0 3 11 0 38 46 18 45 15 10 31 40 3 9 43 0 0 
26 33 31 0 0 26 30 25 27 38 28 3 1 26 7 0 11 0 0 24 1 42 19 33 14 6 7 24 38 0 1 31 39 20 4 17 38 43 42 5 16 10 10 0 43 0 42 4 18 44 50 24 6 9 11 41 10 42 4 50 33 12 49 49 7 15 38 29 27 12 31 48 0 50 28 2 11 0 41 6 4 37 26 28 42 12 45 30 42 47 2 15 11 17 29 23 31 32 25 37 47 41 34 6 17 18 12 0 15 0 18 41 49 0 46 4 14 8 18 23 25 30 
8 23 5 25 0 23 41 8 48 48 0 49 12 48 8 25 45 0 50 0 25 24 41 34 0 20 50 36 29 14 0 15 36 34 0 42 46 46 48 27 0 34 0 1 43 0 29 26 13 41 19 26 33 0 3 4 0 26 5 30 5 23 26 3 0 0 0 48 0 46 17 9 34 39 0 16 11 5 28 37 50 34 44 47 43 0 35 17 0 0 1 26 0 6 50 44 22 21 0 45 30 6 16 27 16 3 40 0 22 5 50 42 37 22 34 8 0 25 9 4 35 
22 6 17 17 25 45 2 33 0 35 50 40 4 33 24 17 30 42 41 33 0 11 37 24 50 33 34 32 12 0 44 20 12 38 14 31 23 32 24 15 2 0 34 0 37 35 42 37 17 24 42 16 25 12 15 49 0 45 46 0 9 0 21 9 6 34 35 18 0 0 1 2 0 0 29 42 32 40 0 29 0 6 8 9 19 28 37 25 23 21 43 9 0 24 0 43 50 14 0 17 12 0 49 15 36 30 35 50 22 25 1 17 14 0 23 19 24 0 43 20 
39 34 23 49 24 38 43 5 6 22 33 35 0 27 12 18 50 19 15 24 8 39 3 0 25 31 29 16 6 31 37 18 19 6 44 13 31 7 0 0 0 0 28 17 46 16 39 33 0 35 22 19 17 29 40 0 7 29 47 20 45 0 36 22 0 28 25 18 47 4 2 38 0 0 23 9 10 0 4 0 14 5 0 9 22 2 16 24 32 45 0 0 0 37 33 18 11 0 43 24 30 19 41 21 0 41 3 48 11 17 12 24 25 25 0 9 46 38 11 
43 3 2 40 30 32 39 4 10 7 8 15 10 39 15 33 23 23 48 0 42 7 49 37 8 22 4 0 21 36 22 50 28 42 25 6 46 1 47 11 42 26 10 25 0 38 11 0 5 24 49 44 8 39 42 21 46 33 42 47 32 1 10 0 47 0 0 19 12 24 31 34 4 9 36 43 9 1 7 36 13 0 3 0 29 3 32 9 36 6 0 19 33 38 0 0 0 31 36 11 44 29 49 44 0 36 38 19 43 41 0 30 37 25 17 43 41 0 
44 7 50 33 19 25 0 0 26 3 16 14 17 2 27 45 14 12 46 47 39 48 18 39 46 0 34 41 29 27 46 8 0 8 0 42 20 10 22 0 6 12 0 13 3 39 12 7 0 4 15 31 48 0 0 40 46 12 16 23 49 39 38 9 22 0 11 0 0 50 34 38 0 29 0 24 47 37 39 44 0 24 48 41 10 0 36 3 20 26 49 18 39 32 0 19 6 37 30 18 16 47 39 39 17 0 18 27 26 38 15 6 17 29 39 25 20 
29 21 0 0 29 32 40 28 0 32 5 50 3 8 26 38 25 5 0 44 40 17 48 15 23 33 6 20 46 0 47 18 41 46 29 50 11 21 39 43 31 6 41 12 44 25 22 20 20 35 20 24 42 4 35 14 39 0 15 13 15 32 0 43 0 14 12 20 24 30 28 28 37 28 35 33 24 22 2 36 36 10 23 0 20 19 38 36 0 8 8 42 32 0 34 32 3 25 41 0 41 0 20 41 40 26 44 41 19 0 35 23 1 8 50 38 
49 31 36 36 12 39 7 45 15 39 0 18 24 45 44 24 37 13 43 25 0 0 27 8 25 41 39 0 13 0 49 37 49 12 9 0 20 4 12 48 19 11 12 16 13 49 30 11 32 7 50 10 16 38 0 36 44 19 0 32 14 7 49 14 14 24 0 30 23 50 36 37 37 0 8 0 29 36 27 0 8 16 10 11 12 28 46 21 44 30 0 23 43 15 41 20 32 42 31 47 21 0 48 16 39 44 29 9 38 27 28 49 44 7 0 
17 32 23 5 10 29 42 20 25 0 7 26 26 30 42 0 29 20 0 21 36 0 0 19 47 12 19 39 2 20 8 26 48 44 31 48 15 22 0 40 0 0 14 3 0 9 40 10 21 21 3 0 27 6 35 0 6 19 42 7 0 36 17 13 25 0 10 28 10 29 5 29 42 6 24 0 25 41 0 29 36 23 42 31 39 36 8 12 0 45 2 34 21 13 23 43 13 47 1 47 29 4 0 27 15 42 0 29 0 22 9 2 0 29 
31 24 32 7 1 35 23 20 48 31 23 36 34 42 47 30 6 50 0 0 1 8 8 40 25 45 46 42 18 22 30 23 27 28 38 29 48 0 24 0 3 10 26 5 34 0 4 46 41 40 0 25 20 20 16 15 9 48 28 0 32 25 42 39 3 0 16 50 7 0 33 44 36 38 22 16 40 0 0 35 27 2 0 21 5 9 0 0 25 12 38 25 0 0 30 8 24 35 30 48 22 24 49 48 48 30 4 40 30 47 25 9 43 
47 16 32 16 13 0 21 14 16 48 35 36 42 38 47 28 37 6 0 42 39 19 44 23 0 0 45 46 28 20 15 45 30 36 42 25 20 16 5 0 20 4 34 10 14 2 27 32 11 36 21 44 47 35 32 30 12 8 20 0 13 19 2 18 18 42 0 46 48 0 11 18 47 24 23 0 43 21 34 47 47 2 36 28 22 32 27 22 6 8 34 25 26 35 36 0 50 29 0 18 6 23 45 49 11 40 47 5 0 11 44 27 
0 34 22 8 0 16 14 31 36 28 36 0 37 23 7 33 39 31 39 33 2 2 31 46 36 35 38 43 20 9 18 15 8 3 35 16 46 17 0 14 10 0 13 0 40 37 44 39 16 21 48 11 49 28 30 24 37 4 32 29 2 8 37 30 4 0 10 20 20 20 2 4 47 13 0 40 19 26 50 21 18 1 38 23 29 42 37 19 42 29 0 35 12 49 13 48 23 0 0 37 31 50 30 1 7 18 0 1 19 42 27 
0 11 43 1 47 19 0 6 7 13 43 0 29 0 41 10 0 46 29 50 19 48 3 45 18 33 14 0 7 40 49 8 48 18 18 1 49 47 26 0 49 11 21 10 5 0 24 3 25 4 33 26 50 39 34 30 0 39 37 39 6 31 45 50 0 31 30 19 28 28 13 16 32 23 27 21 48 41 0 29 9 50 34 16 25 25 22 16 25 22 39 0 28 14 27 41 35 15 32 20 30 0 0 0 29 22 20 34 24 48 
43 18 0 45 41 4 30 17 14 37 14 40 0 13 27 0 13 25 49 10 41 29 41 32 27 28 29 43 50 25 46 32 13 7 28 0 50 6 37 27 29 48 16 0 17 22 43 29 0 45 11 13 15 7 50 0 3 47 4 34 8 0 14 44 16 43 0 20 39 26 47 0 2 9 29 50 49 0 0 0 48 26 14 25 40 18 25 16 18 2 21 28 39 30 6 46 12 12 2 0 9 13 6 0 27 41 22 1 25 
0 0 16 13 50 3 0 41 18 26 15 25 27 40 7 32 41 5 32 22 18 28 0 0 2 14 23 7 0 0 26 45 0 4 47 42 44 26 0 28 27 17 10 16 42 30 8 35 18 41 2 27 28 48 23 0 49 12 0 35 35 1 30 28 20 29 31 7 43 18 13 39 0 23 1 2 0 8 30 7 25 40 40 18 19 24 1 49 30 2 47 42 43 14 36 20 3 39 28 31 21 2 49 18 37 44 0 27 
32 32 1 28 34 18 34 40 41 0 36 25 16 8 24 0 0 44 9 0 27 34 30 40 0 6 7 47 11 44 41 13 5 44 20 46 2 22 12 25 35 0 7 0 2 11 0 30 11 40 40 0 16 29 23 13 25 7 36 26 39 0 9 12 19 4 0 0 47 36 14 6 20 3 46 24 42 25 4 0 44 6 42 18 35 43 31 1 25 16 45 42 38 16 0 6 12 2 4 0 38 0 30 2 22 21 17 
28 14 6 20 34 42 5 6 14 10 48 4 0 16 35 39 25 0 27 45 32 19 9 12 0 22 35 0 50 0 0 37 40 28 41 3 25 0 32 18 22 11 16 32 37 15 43 20 17 28 0 10 12 0 28 14 39 0 9 10 27 8 3 30 36 13 20 48 34 36 5 0 50 49 7 32 21 43 0 0 22 9 16 14 41 29 4 11 17 3 40 5 22 50 28 12 0 0 3 39 16 4 3 21 28 11 
1 25 35 22 45 48 48 0 42 1 38 37 5 42 7 38 37 3 34 0 13 40 0 0 8 41 35 15 0 0 21 0 6 5 0 32 14 40 0 6 13 41 8 5 6 36 43 9 0 23 27 0 14 25 27 24 34 32 40 30 3 27 44 35 31 45 45 42 0 29 22 2 36 4 12 38 44 2 30 39 43 15 18 0 24 27 44 0 25 14 24 9 24 12 37 14 0 43 44 19 8 32 6 8 0 
7 42 4 24 25 12 0 5 42 8 10 0 22 36 0 0 11 49 46 31 6 0 26 8 15 2 1 14 0 50 15 39 0 31 30 2 10 37 48 34 38 1 47 0 31 41 23 13 45 49 48 18 30 2 0 50 4 14 48 30 0 4 11 12 0 32 31 6 22 33 13 6 0 36 10 1 28 14 37 41 46 43 40 40 32 36 10 0 16 21 15 41 0 0 46 48 37 50 1 50 28 20 38 50 
41 16 23 0 29 6 0 0 4 45 0 0 13 30 6 0 50 8 39 28 3 35 29 28 6 46 7 0 32 30 14 42 31 32 45 50 21 17 36 48 33 26 19 35 8 0 0 13 12 29 13 37 45 0 0 24 23 44 37 19 17 36 43 24 0 37 11 6 46 50 13 4 47 49 0 19 14 21 7 28 30 9 11 24 23 12 22 8 49 1 46 8 0 20 36 50 18 34 8 50 49 0 0 
3 42 46 2 23 6 42 5 22 36 11 11 12 36 5 1 24 22 24 10 41 49 38 13 0 23 42 38 24 24 0 0 0 26 46 0 40 37 40 13 0 22 0 18 0 34 3 23 1 18 34 0 11 0 0 8 18 17 0 9 13 16 2 5 33 32 37 3 46 18 26 39 29 0 0 17 11 21 0 27 5 27 36 27 16 46 48 28 14 28 28 20 14 31 13 47 36 2 49 3 50 1 
12 0 28 2 37 2 45 0 11 35 4 10 50 21 11 29 45 27 3 45 46 26 10 42 15 3 4 25 17 45 7 23 19 43 21 31 0 26 3 0 16 18 19 9 25 33 31 11 47 22 6 29 0 31 28 10 0 49 0 31 44 50 49 8 0 40 39 3 15 0 38 0 9 39 10 1 18 0 15 37 14 41 24 28 39 25 0 8 12 39 41 45 16 21 15 1 18 25 0 49 3 
43 0 32 0 28 41 46 32 27 6 34 42 34 32 49 49 11 50 45 16 4 5 1 22 12 0 0 8 1 0 49 49 2 8 0 50 13 0 25 34 20 0 29 4 0 3 13 33 42 5 46 24 39 26 12 1 0 6 36 20 30 10 14 0 24 0 4 11 2 4 44 36 9 35 17 24 44 42 48 36 18 11 42 14 18 25 1 8 0 8 0 44 3 9 12 6 20 50 41 37 
14 0 0 0 7 40 1 17 0 24 39 21 12 30 12 26 0 9 0 0 7 45 8 0 2 6 36 46 7 47 0 2 0 42 0 5 14 2 0 6 6 40 16 25 15 36 27 46 0 45 23 20 33 5 39 40 9 13 3 11 5 43 50 40 0 36 35 30 6 46 0 0 17 16 23 12 35 12 49 20 0 12 42 38 2 29 7 48 5 49 47 46 0 31 41 28 0 44 22 
22 27 3 18 16 11 40 2 31 24 25 45 0 22 0 11 17 17 0 1 28 21 21 1 34 30 23 41 6 0 6 19 15 33 27 44 50 7 23 13 39 33 2 37 41 26 22 30 8 22 0 12 38 17 38 24 29 14 0 43 16 9 33 50 28 48 39 35 0 0 0 24 47 15 0 32 0 30 49 41 42 5 26 1 39 27 0 0 44 0 30 12 50 42 3 15 25 0 
12 20 0 17 9 41 30 38 5 28 40 15 20 11 42 0 11 27 3 24 29 27 8 28 14 27 22 41 0 33 45 30 4 29 26 0 7 40 48 25 43 0 3 25 15 31 36 37 50 41 50 2 45 0 38 6 27 39 22 13 43 41 17 6 10 27 34 13 15 0 48 25 0 16 4 24 1 5 31 7 45 34 37 33 0 4 49 40 7 0 19 6 8 45 10 24 13 
10 15 28 49 20 7 18 50 5 0 2 12 0 12 20 39 45 18 28 9 0 19 0 14 50 49 0 8 2 28 40 13 22 26 7 35 1 30 16 31 9 6 13 30 40 0 17 47 50 20 0 38 0 33 28 30 0 14 20 45 18 26 35 8 6 23 49 44 44 20 32 48 49 39 37 0 20 38 42 9 26 6 31 0 34 39 49 22 48 0 48 35 14 28 47 43 
16 10 28 45 19 0 1 0 0 14 1 28 48 39 11 24 0 2 5 12 41 45 31 27 0 19 21 44 18 10 42 12 18 0 38 36 8 6 11 48 7 1 33 3 7 39 39 46 12 34 11 48 21 3 0 0 19 12 2 20 23 36 2 30 39 32 30 5 10 21 10 46 0 0 0 0 13 35 41 0 0 0 29 10 0 49 39 1 21 37 0 22 17 25 39 
15 30 22 31 14 35 0 41 15 19 48 21 4 34 16 39 36 3 31 11 0 39 46 35 3 35 26 40 0 34 47 9 0 5 7 41 17 4 9 0 20 14 14 0 39 34 26 46 44 38 34 35 25 18 42 28 6 32 0 7 3 28 0 21 0 45 0 8 47 8 26 37 10 0 27 35 12 17 1 5 24 16 20 29 20 17 8 31 7 21 0 12 41 13 
17 8 42 50 32 43 0 49 2 0 0 26 0 20 5 43 16 0 45 6 47 0 36 46 19 25 6 46 26 16 44 23 9 0 44 23 36 10 43 12 0 9 37 0 31 22 24 22 15 0 28 14 33 3 1 4 35 10 0 1 33 6 0 0 20 32 24 31 15 1 50 8 0 40 38 37 47 25 41 6 0 5 10 24 0 5 48 0 49 22 26 7 6 
0 38 32 18 9 39 0 34 0 5 41 0 39 35 32 23 17 0 47 1 5 11 35 33 47 14 22 29 34 43 27 28 25 49 9 15 42 5 43 3 11 45 21 0 15 24 5 25 15 23 9 29 23 0 0 34 13 23 39 13 11 50 15 20 24 0 33 0 18 13 34 22 47 24 0 21 0 0 25 45 7 38 36 42 15 34 29 45 13 0 0 20 
7 37 9 13 20 0 3 0 12 34 25 45 11 42 0 5 14 0 22 0 50 20 33 30 20 25 38 21 8 0 38 49 22 6 32 0 0 0 41 27 49 49 25 26 0 7 4 0 44 0 48 34 35 13 46 41 33 43 0 7 0 18 25 48 33 50 11 27 27 19 2 35 29 37 6 40 44 31 3 44 31 28 38 1 18 17 16 28 0 0 27 
23 5 48 36 24 43 12 17 7 40 5 0 45 44 20 14 27 46 39 23 14 41 43 41 41 3 20 25 0 30 0 3 20 34 32 31 12 16 43 10 3 28 21 12 35 0 24 10 0 7 16 11 50 8 0 2 24 48 40 6 41 40 23 27 40 50 0 0 0 23 6 0 16 16 31 24 0 0 0 6 34 48 40 44 34 19 34 28 23 30 
37 13 4 16 0 9 36 3 0 19 20 3 45 20 22 24 26 41 49 39 1 46 0 34 11 4 23 0 7 0 21 27 4 45 2 47 19 46 0 19 23 23 42 0 13 12 8 39 46 40 40 11 30 32 30 44 1 2 11 0 28 41 0 45 0 39 26 35 12 0 0 28 24 4 7 48 48 19 41 0 43 37 46 32 0 2 0 15 0 
8 32 5 6 34 0 36 12 45 15 28 48 40 42 31 49 31 32 0 49 38 20 8 42 8 46 26 13 13 26 20 0 0 7 33 41 16 0 10 48 49 8 10 0 40 31 0 25 23 26 0 31 3 12 1 47 0 0 0 33 15 16 2 35 5 0 42 0 30 24 9 27 0 3 25 30 47 6 22 47 46 22 13 10 8 37 12 48 
12 48 2 3 16 38 0 19 11 30 44 0 1 19 48 0 29 13 47 46 0 32 0 41 8 39 37 6 0 22 20 0 5 39 12 33 23 33 14 0 27 33 42 0 0 45 0 45 1 23 33 1 6 13 36 42 29 31 0 3 0 49 6 0 28 9 6 33 0 49 15 34 7 27 23 34 25 0 0 29 9 32 0 40 38 0 14 
0 0 13 22 0 43 8 44 0 47 14 10 0 0 22 0 0 23 41 45 11 21 44 8 1 34 9 30 10 41 48 16 16 0 5 1 17 34 43 32 34 50 20 28 0 25 32 0 12 0 0 17 22 21 38 0 50 5 34 15 0 4 26 48 16 26 11 18 50 49 22 44 40 50 14 9 41 34 33 6 7 29 36 42 1 22 
3 27 6 46 50 11 4 18 47 26 4 13 0 22 19 36 46 5 8 0 15 50 23 0 21 10 3 25 6 0 47 26 49 40 39 2 46 40 22 8 39 38 0 47 49 47 14 0 0 41 43 8 19 43 40 31 14 0 0 6 30 25 0 31 9 26 30 0 5 2 2 6 27 17 0 0 36 18 0 0 0 0 0 0 0 
0 17 21 0 9 4 28 15 14 7 34 1 17 47 26 34 34 45 43 37 27 0 38 14 38 16 7 18 14 20 19 30 48 31 2 48 27 49 34 45 16 6 0 18 17 24 0 14 0 45 1 29 22 36 0 24 31 11 0 2 43 44 34 9 44 36 43 25 28 27 0 0 9 1 14 10 11 11 43 14 11 30 0 35 
34 18 40 49 13 17 9 32 15 35 8 25 28 17 3 33 43 15 30 20 31 19 13 26 8 15 0 38 26 0 0 0 50 39 25 41 1 0 0 42 39 8 50 15 1 13 45 2 43 38 23 29 17 0 42 15 25 22 14 0 11 29 26 40 9 32 23 41 14 28 6 10 11 0 20 45 2 24 40 40 50 13 0 
0 32 0 0 41 45 8 25 42 19 0 38 48 1 0 45 18 24 39 42 4 5 0 49 20 49 0 0 9 20 28 9 0 49 0 42 0 37 18 11 29 41 4 19 11 7 27 39 43 7 32 26 4 0 46 0 33 1 43 6 13 14 37 14 50 28 38 3 0 0 0 6 5 43 16 26 39 39 0 27 41 44 
0 43 47 47 32 34 9 0 46 0 0 36 36 34 4 25 49 43 8 12 26 48 15 0 26 3 4 13 23 3 0 0 27 0 0 8 50 32 29 38 41 25 6 30 0 0 22 37 46 27 19 18 39 25 36 28 13 4 23 30 17 9 28 34 42 50 30 49 8 26 23 0 15 32 0 17 4 0 25 31 26 
45 6 15 27 33 27 0 9 10 12 36 35 13 2 12 15 38 24 4 8 18 40 31 27 18 14 14 41 8 0 16 0 28 17 40 12 2 7 24 34 38 43 42 21 1 22 16 23 29 39 32 24 35 49 18 6 41 2 37 0 0 35 20 47 2 16 37 0 16 0 30 47 0 30 18 0 1 15 11 13 
26 12 20 35 47 0 0 34 22 22 24 22 1 0 3 45 0 1 35 46 49 43 45 24 38 17 6 30 41 33 20 18 50 44 8 0 14 29 29 9 39 36 48 46 21 29 46 15 15 31 46 13 10 6 0 17 43 21 49 26 49 1 16 35 12 41 0 8 36 13 0 8 0 25 17 8 0 38 26 
22 2 2 22 10 37 29 26 24 0 16 42 44 1 0 0 10 19 4 23 47 2 28 12 32 0 29 42 50 15 19 31 0 34 0 31 2 19 46 24 0 0 4 1 0 45 18 15 19 11 10 29 0 28 33 40 20 20 40 46 2 13 18 5 36 44 33 31 48 47 28 33 14 19 13 0 0 21 
8 40 15 15 43 24 5 41 31 3 44 0 44 3 39 0 21 35 39 29 5 29 5 45 47 48 37 18 0 16 49 24 45 31 24 15 2 0 1 22 3 12 31 2 7 0 15 21 50 50 24 0 1 0 9 0 11 6 28 36 0 39 40 44 36 29 6 40 32 29 12 9 18 41 30 28 28 
48 0 18 16 42 29 22 25 0 28 0 18 16 0 45 39 22 44 10 3 17 49 18 29 27 38 0 0 42 19 2 31 5 35 0 46 34 32 0 47 0 0 6 46 40 24 41 30 27 40 17 48 10 6 40 45 28 32 5 44 0 39 41 0 4 24 0 12 0 38 27 45 0 6 13 0 
48 0 41 31 40 0 31 38 8 44 21 0 18 2 2 19 6 29 20 41 19 43 42 2 0 0 30 34 10 43 34 0 41 13 25 4 30 0 9 14 0 42 28 14 0 0 5 0 44 24 29 24 27 3 11 26 16 5 4 26 15 8 9 3 0 36 45 15 20 0 0 6 19 0 30 
26 15 10 30 20 0 24 21 28 37 0 44 13 3 36 31 12 12 3 4 2 7 12 46 1 20 9 36 40 0 19 20 50 44 11 23 17 1 14 28 42 50 4 0 16 5 39 36 43 36 44 1 48 0 0 43 26 38 20 1 47 46 24 45 0 0 13 28 48 25 6 45 0 13 
0 24 37 34 37 29 31 40 37 0 0 38 45 15 12 11 3 47 5 47 37 50 36 0 26 2 38 44 27 2 18 30 45 45 2 1 41 43 34 0 42 21 40 8 25 7 35 47 4 40 38 29 35 16 13 27 7 30 38 20 44 34 28 47 41 24 34 19 43 30 29 40 0 
9 35 44 23 0 29 35 0 32 20 24 35 22 17 19 38 36 1 35 23 10 43 12 48 29 13 12 32 47 0 27 31 16 31 12 8 0 50 0 21 43 34 16 49 21 0 19 16 25 0 24 22 0 0 0 28 26 18 36 31 23 23 39 23 21 30 43 21 0 0 7 32 
30 34 13 6 45 0 35 25 42 41 8 0 11 5 15 37 0 30 46 1 5 34 44 0 26 48 22 5 28 0 6 14 36 9 22 37 46 5 31 0 7 43 0 38 14 37 46 27 21 5 45 0 34 0 10 1 36 31 0 28 47 0 0 33 7 10 0 4 15 23 16 
8 0 27 0 37 7 9 13 9 26 16 0 8 43 12 0 0 31 8 46 24 48 33 34 0 2 16 10 32 32 10 2 36 48 49 31 26 0 48 12 1 3 2 0 27 5 40 41 32 5 13 21 8 0 5 9 15 47 19 4 20 0 0 37 36 0 44 15 33 19 
0 0 7 46 36 17 11 33 43 11 47 6 50 42 13 41 19 49 6 25 2 18 26 30 12 12 32 37 44 29 38 46 4 47 14 0 25 13 28 32 37 18 24 44 43 6 12 35 8 0 14 2 31 37 33 40 47 0 33 41 18 11 0 0 0 22 0 5 4 
5 38 27 29 37 23 41 39 0 0 28 16 24 23 0 42 20 0 27 0 5 3 22 14 7 36 35 10 15 49 50 11 9 14 11 0 30 12 9 30 50 21 50 49 26 23 10 0 50 12 41 8 0 50 2 22 18 21 0 30 0 25 12 25 0 0 28 10 
45 19 18 35 14 32 1 26 3 31 19 36 33 39 29 37 13 33 23 31 21 43 34 31 1 47 29 18 38 46 47 40 25 0 36 9 35 42 40 1 47 11 16 22 49 28 48 27 0 42 47 17 28 46 16 11 38 11 37 30 9 7 44 0 41 0 13 
43 0 0 50 31 6 0 15 0 43 8 0 2 14 3 4 19 8 20 8 17 9 1 24 1 39 30 34 38 31 36 39 6 49 0 6 39 8 16 0 48 12 35 9 20 28 48 0 47 12 0 13 15 4 6 24 0 22 6 0 10 39 5 42 34 44 
29 0 12 22 12 45 40 46 34 47 20 23 10 3 31 38 0 46 0 0 18 27 46 34 0 44 3 48 1 18 36 23 13 21 23 0 37 38 12 15 12 16 1 0 39 32 46 18 0 20 10 40 13 23 42 44 50 0 29 38 0 38 12 24 9 
20 14 37 40 35 35 46 49 40 37 30 37 33 40 3 41 9 2 0 42 21 25 39 44 16 0 0 2 46 8 37 0 19 4 46 1 8 0 4 22 32 3 3 23 11 16 36 22 37 19 10 19 34 50 43 17 0 36 34 6 29 44 3 25 
37 41 11 42 43 25 19 20 46 36 17 49 0 40 49 7 21 0 13 32 22 44 0 16 24 7 4 47 44 49 46 0 0 35 19 0 19 40 4 19 29 42 19 0 25 45 3 0 34 36 0 14 10 13 0 26 35 12 33 36 33 31 27 
0 29 40 26 47 6 27 36 10 3 2 15 36 24 8 37 20 27 38 6 17 0 0 1 36 6 0 29 49 0 22 49 9 12 11 0 43 0 37 0 36 49 13 0 28 1 19 3 11 37 25 0 3 17 10 44 0 32 48 37 20 13 
40 38 37 6 20 35 2 0 2 1 0 0 33 46 37 30 35 39 0 18 14 4 0 21 0 0 35 38 39 47 13 13 29 39 35 43 38 20 0 2 25 7 0 0 24 19 0 44 21 2 44 0 21 0 19 31 5 11 13 0 50 
26 43 43 8 16 13 36 18 32 6 13 49 12 21 46 20 16 9 32 16 41 40 14 24 16 41 49 9 10 35 50 25 18 12 0 0 50 23 1 13 23 15 0 9 22 0 24 19 17 44 0 7 6 14 47 10 14 8 9 33 
36 0 13 0 25 50 45 1 50 8 10 0 39 9 0 48 6 0 13 40 23 19 6 0 7 43 16 44 36 0 19 0 24 12 21 30 50 18 41 25 36 0 26 15 25 12 45 0 49 0 22 47 46 49 39 34 41 14 1 
46 16 9 13 37 0 0 29 39 0 8 35 0 46 46 30 0 0 8 27 0 47 0 24 0 22 4 44 0 5 8 19 0 7 0 47 35 43 47 15 5 19 32 39 0 41 32 27 50 30 17 48 1 2 0 18 45 2 
26 7 11 30 15 10 9 43 0 15 17 0 16 36 29 0 27 0 0 38 45 0 24 45 0 18 38 11 43 0 45 13 16 39 49 46 32 19 11 22 5 35 0 0 22 0 5 5 7 36 28 1 4 25 0 47 0 
6 22 5 2 45 42 1 32 0 8 33 0 0 41 32 47 27 0 2 31 48 4 29 0 12 19 13 18 20 42 5 46 0 45 34 40 20 15 38 21 31 0 36 0 20 0 46 36 0 23 37 39 0 40 36 5 
28 0 0 40 0 31 12 26 0 24 49 47 21 17 19 0 18 20 18 40 46 43 23 6 7 44 28 0 50 7 22 50 40 12 35 39 39 12 46 38 38 6 31 21 50 7 28 20 28 27 42 44 11 2 0 
0 21 0 0 0 45 27 7 25 17 36 0 45 27 13 33 16 2 8 0 18 49 22 16 16 35 10 22 43 10 29 17 36 42 15 0 21 0 43 20 42 9 32 16 0 5 4 2 0 8 37 12 43 31 
42 32 0 6 50 20 0 44 44 15 49 8 4 5 23 37 23 42 0 4 38 27 0 0 0 33 4 50 38 40 50 0 14 4 10 47 44 41 36 32 0 19 0 34 9 49 21 40 32 11 0 18 15 
4 13 0 27 38 0 46 16 29 1 5 42 0 9 17 0 47 27 41 7 22 2 16 13 24 11 4 44 41 5 11 32 8 37 17 23 0 49 0 43 39 27 5 12 0 37 20 9 15 0 46 16 
8 25 19 32 29 7 4 0 0 23 39 3 27 0 1 0 48 19 1 48 22 47 29 0 27 50 20 8 38 4 0 24 48 11 0 33 2 40 9 14 19 15 48 29 23 36 48 30 0 12 11 
0 33 37 21 49 25 0 13 32 50 0 31 30 5 8 14 40 0 0 14 25 23 23 34 23 12 43 0 0 8 33 39 33 33 22 23 23 50 4 43 4 44 0 2 28 31 0 44 27 14 
24 12 30 24 42 3 0 26 0 30 31 21 44 17 2 0 41 40 6 22 8 8 0 32 2 19 47 28 0 20 0 0 18 49 33 41 48 5 31 49 45 17 31 1 19 11 3 29 11 
3 26 31 18 13 3 37 42 32 44 26 47 31 17 32 38 48 0 2 27 48 21 49 6 0 11 39 0 17 16 37 49 0 33 27 22 30 0 0 26 14 13 38 15 42 11 18 0 
22 45 45 26 2 31 38 47 36 21 32 16 0 49 46 0 49 16 38 27 30 20 1 2 47 26 12 2 12 14 25 14 12 38 43 45 39 29 2 28 1 16 14 44 25 14 27 
0 0 11 0 35 41 8 0 2 10 38 50 3 9 3 22 0 14 14 0 4 42 48 32 19 39 0 43 11 47 6 33 42 23 0 31 34 21 24 32 9 0 35 12 50 0 
21 16 10 15 47 18 0 0 0 32 2 43 4 0 18 45 43 24 31 14 5 19 17 49 7 26 11 43 37 12 45 34 23 35 6 37 31 18 1 33 0 45 20 44 42 
3 43 42 0 0 11 1 40 32 4 45 44 48 46 33 4 28 24 0 44 33 30 35 35 45 41 30 30 0 30 0 13 33 4 0 34 35 13 27 41 33 21 8 0 
7 27 42 34 5 0 49 30 35 29 46 0 41 12 27 0 37 9 44 10 33 0 26 24 24 27 26 6 0 7 21 28 27 0 23 27 37 31 6 4 6 22 1 
38 18 46 44 43 34 48 30 31 3 27 0 0 0 13 11 36 6 26 20 0 8 17 41 33 34 13 39 13 0 5 29 8 0 43 19 23 38 5 36 15 27 
40 39 15 36 32 0 49 39 34 4 18 36 26 0 13 5 7 20 0 48 17 28 8 28 37 0 4 0 50 41 5 1 1 13 3 29 14 15 0 41 26 
48 19 31 2 19 49 49 41 9 10 29 19 37 42 40 37 21 12 2 23 37 0 22 50 13 34 15 5 39 21 3 32 38 48 33 32 0 43 50 39 
2 23 0 0 8 27 25 0 0 30 0 18 3 17 4 1 0 1 22 43 0 0 44 0 40 13 2 34 24 47 24 23 32 34 14 2 46 17 39 
27 43 43 0 0 7 38 15 22 6 37 30 9 6 38 38 34 17 41 0 41 4 0 0 4 27 24 33 42 34 0 21 31 30 40 29 14 6 
28 22 40 0 30 22 26 5 22 45 17 0 8 41 30 47 0 40 32 8 0 1 36 29 40 48 47 31 0 6 46 23 40 17 44 29 19 
37 19 5 22 42 0 47 23 22 29 26 44 44 7 7 23 20 17 15 35 16 0 30 22 0 3 15 27 6 0 0 49 14 24 41 22 
15 14 2 0 1 22 23 31 45 16 22 19 0 27 33 25 15 3 31 39 42 43 27 50 10 28 0 0 2 2 12 0 24 5 41 
0 3 27 3 33 33 6 23 35 23 28 0 16 0 13 31 0 46 11 0 50 4 14 35 10 43 0 0 41 8 38 0 44 11 
24 15 39 19 28 29 28 16 36 19 3 23 14 0 29 27 0 34 21 5 42 3 19 17 30 0 0 48 20 14 15 49 0 
18 19 3 16 6 39 30 9 0 0 0 0 41 48 50 11 28 12 44 41 0 22 28 39 15 20 18 39 49 6 30 46 
9 0 1 35 0 5 24 21 19 7 16 0 4 24 0 18 48 0 0 0 0 40 49 14 9 19 48 38 36 6 8 
0 17 27 20 10 30 49 23 43 33 4 40 26 0 41 0 28 0 34 8 17 41 34 37 33 20 1 0 12 0 
22 23 39 14 0 19 33 5 0 21 49 7 4 0 39 0 0 12 28 4 0 47 0 22 4 31 11 5 42 
39 22 0 24 0 0 16 43 38 2 43 26 0 23 16 7 36 23 3 1 0 0 0 12 50 35 21 20 
9 41 0 5 16 44 23 1 46 44 0 0 0 25 26 2 25 0 31 2 15 38 26 45 38 17 45 
46 40 44 40 25 35 24 36 32 5 18 12 27 30 5 17 14 0 18 15 23 41 29 18 0 22 
23 10 29 37 42 0 19 0 37 47 25 2 16 19 31 46 0 20 13 30 4 27 2 35 14 
34 9 13 16 45 6 0 33 49 3 44 6 50 7 13 35 33 9 0 28 46 41 42 35 
15 25 13 3 0 11 29 13 42 0 15 2 23 29 8 9 21 0 33 3 2 0 45 
23 4 36 0 31 26 20 14 26 21 0 4 32 29 0 27 0 19 10 39 0 27 
3 17 26 4 41 0 0 35 0 20 46 0 13 44 15 26 7 18 37 28 38 
25 7 24 1 50 3 41 13 41 25 6 25 1 27 46 17 18 39 42 22 
26 31 0 48 0 0 0 31 44 44 28 0 8 5 34 5 22 8 0 
0 3 11 46 45 0 3 41 27 0 7 0 12 0 7 43 36 0 
23 4 22 42 45 49 12 37 13 0 35 9 20 2 39 47 6 
0 19 0 32 21 0 0 35 23 50 20 17 40 13 1 0 
18 16 11 4 41 28 25 15 16 0 34 47 21 48 0 
16 32 4 49 24 0 17 2 27 1 50 19 21 11 
0 3 13 0 42 38 50 4 36 0 18 41 7 
0 0 25 50 8 22 7 24 33 38 0 8 
5 10 9 36 16 21 12 30 36 11 15 
28 35 5 3 45 32 22 13 26 35 
22 0 34 22 34 29 34 14 41 
0 16 50 13 46 37 0 3 
21 0 41 37 4 0 10 
0 48 45 49 8 0 
0 7 0 42 0 
0 47 3 41 
0 39 6 
16 29 
3 

1 2
1 6
1 21
1 23
1 24
1 30
1 32
1 38
1 41
1 54
1 65
1 68
1 72
1 77
1 84
1 86
1 91
1 100
1 101
1 111
1 113
1 117
1 120
1 123
1 126
1 129
1 130
1 135
1 146
2 18
2 20
2 25
2 28
2 37
2 40
2 43
2 48
2 53
2 54
2 55
2 60
2 62
2 68
2 70
2 74
2 84
2 93
2 106
2 109
2 111
2 113
2 115
2 116
2 123
2 135
2 143
2 145
2 147
3 9
3 13
3 15
3 18
3 23
3 36
3 49
3 55
3 66
3 70
3 80
3 81
3 86
3 87
3 99
3 100
3 102
3 109
3 121
3 124
3 125
3 136
3 138
3 143
3 145
3 149
4 32
4 39
4 50
4 55
4 60
4 61
4 73
4 86
4 92
4 95
4 109
4 111
4 115
4 116
4 118
4 124
4 135
4 141
4 143
4 144
4 148
5 11
5 12
5 13
5 18
5 20
5 23
5 26
5 27
5 31
5 36
5 43
5 47
5 54
5 56
5 69
5 74
5 78
5 85
5 87
5 98
5 110
5 111
5 115
5 122
5 134
5 146
5 147
6 12
6 20
6 22
6 31
6 34
6 43
6 45
6 52
6 61
6 62
6 68
6 69
6 78
6 81
6 82
6 88
6 93
6 113
6 114
6 118
6 119
6 127
6 139
6 141
6 145
6 150
7 17
7 18
7 23
7 32
7 34
7 37
7 46
7 48
7 60
7 61
7 64
7 68
7 73
7 76
7 86
7 96
7 97
7 114
7 131
7 133
7 135
7 140
7 142
7 143
7 144
7 147
8 10
8 27
8 33
8 39
8 41
8 50
8 51
8 67
8 86
8 89
8 93
8 98
8 114
8 115
8 122
8 138
8 143
8 145
9 10
9 27
9 31
9 35
9 38
9 58
9 60
9 64
9 74
9 77
9 78
9 89
9 91
9 98
9 102
9 105
9 118
9 123
9 136
9 139
9 143
9 147
10 12
10 20
10 22
10 30
10 40
10 46
10 50
10 54
10 58
10 65
10 66
10 68
10 72
10 79
10 80
10 87
10 93
10 95
10 101
10 106
10 125
10 130
10 132
10 134
10 136
10 144
10 145
10 147
10 150
11 14
11 15
11 20
11 28
11 35
11 45
11 47
11 49
11 54
11 55
11 56
11 58
11 68
11 69
11 72
11 78
11 80
11 81
11 85
11 89
11 90
11 96
11 98
11 104
11 107
11 122
11 125
11 126
11 128
11 133
11 135
11 142
11 149
12 13
12 14
12 15
12 17
12 20
12 21
12 26
12 28
12 33
12 35
12 36
12 39
12 41
12 49
12 51
12 52
12 61
12 68
12 70
12 77
12 90
12 94
12 99
12 107
12 109
12 116
12 127
12 133
12 143
12 146
13 16
13 18
13 19
13 20
13 22
13 24
13 36
13 37
13 49
13 53
13 59
13 62
13 63
13 67
13 73
13 74
13 81
13 84
13 89
13 100
13 102
13 106
13 109
13 121
13 127
13 128
13 140
13 143
14 16
14 33
14 36
14 46
14 72
14 77
14 92
14 93
14 98
14 103
14 124
14 125
14 140
14 145
14 149
15 18
15 27
15 31
15 35
15 38
15 45
15 51
15 53
15 60
15 66
15 68
15 83
15 93
15 98
15 103
15 120
15 121
15 123
15 132
15 136
15 143
15 148
16 35
16 36
16 49
16 51
16 58
16 79
16 86
16 93
16 105
16 108
16 119
16 121
16 129
16 133
16 134
16 137
16 148
17 24
17 37
17 56
17 60
17 70
17 78
17 89
17 113
17 120
17 122
17 125
17 127
17 130
17 134
17 136
17 139
17 143
18 22
18 25
18 29
18 34
18 43
18 45
18 50
18 53
18 55
18 56
18 59
18 64
18 68
18 70
18 87
18 89
18 110
18 112
18 125
18 130
18 136
18 137
18 147
19 29
19 47
19 50
19 54
19 55
19 62
19 67
19 70
19 75
19 76
19 77
19 88
19 90
19 94
19 98
19 104
19 109
19 110
19 113
19 114
19 124
19 125
19 130
19 134
19 145
19 149
20 22
20 23
20 26
20 33
20 37
20 42
20 46
20 53
20 61
20 65
20 66
20 78
20 82
20 84
20 88
20 101
20 105
20 106
20 109
20 142
20 143
20 146
21 22
21 27
21 36
21 37
21 41
21 42
21 46
21 56
21 65
21 68
21 69
21 72
21 102
21 103
21 107
21 108
21 112
21 117
21 121
21 124
21 127
22 23
22 39
22 41
22 44
22 49
22 52
22 60
22 84
22 88
22 91
22 101
22 105
22 113
22 118
22 131
22 134
22 144
22 149
23 26
23 30
23 33
23 41
23 44
23 53
23 54
23 55
23 57
23 65
23 67
23 72
23 87
23 95
23 112
23 114
23 117
23 118
23 141
23 150
24 33
24 42
24 43
24 49
24 51
24 53
24 60
24 70
24 74
24 78
24 106
24 107
24 109
24 113
24 119
24 128
24 136
24 138
24 139
25 28
25 29
25 30
25 32
25 37
25 45
25 56
25 64
25 67
25 68
25 76
25 80
25 84
25 87
25 95
25 121
25 127
25 132
25 140
26 37
26 40
26 41
26 44
26 50
26 59
26 62
26 67
26 82
26 85
26 89
26 93
26 100
26 110
26 112
26 123
26 131
26 143
26 147
26 148
27 28
27 39
27 44
27 49
27 60
27 61
27 62
27 67
27 68
27 69
27 77
27 81
27 92
27 103
27 116
27 120
27 121
27 128
27 133
27 134
27 137
27 149
27 150
28 32
28 33
28 44
28 46
28 47
28 58
28 72
28 74
28 101
28 106
28 136
28 138
28 142
29 34
29 40
29 47
29 49
29 54
29 60
29 64
29 70
29 72
29 75
29 83
29 86
29 94
29 95
29 96
29 98
29 104
29 115
29 118
29 119
29 122
29 128
29 137
29 146
30 39
30 51
30 60
30 72
30 74
30 87
30 90
30 92
30 99
30 100
30 103
30 104
30 109
30 111
30 123
30 125
30 129
30 132
30 144
30 148
31 44
31 55
31 70
31 71
31 72
31 73
31 80
31 87
31 93
31 96
31 104
31 105
31 109
31 111
31 114
31 122
31 123
31 124
31 129
31 136
31 146
32 52
32 60
32 77
32 80
32 96
32 98
32 99
32 114
32 116
32 123
32 127
32 128
32 129
32 137
32 143
32 150
33 40
33 41
33 59
33 66
33 68
33 73
33 76
33 82
33 87
33 88
33 99
33 101
33 102
33 106
33 108
33 114
33 119
33 128
33 139
34 37
34 38
34 43
34 53
34 64
34 92
34 97
34 99
34 118
34 123
34 128
34 134
34 136
34 144
35 46
35 56
35 57
35 63
35 65
35 71
35 90
35 94
35 102
35 109
35 111
35 115
35 126
35 137
35 150
36 46
36 52
36 55
36 58
36 59
36 75
36 77
36 78
36 81
36 88
36 92
36 97
36 102
36 112
36 115
36 125
36 139
36 143
36 145
36 149
37 56
37 57
37 75
37 77
37 83
37 88
37 97
37 103
37 107
37 115
37 116
37 120
37 124
37 125
37 130
37 131
38 44
38 57
38 63
38 64
38 78
38 98
38 105
38 108
38 114
38 134
38 137
38 147
39 40
39 44
39 51
39 78
39 81
39 83
39 105
39 114
39 130
39 137
39 138
39 146
40 41
40 47
40 52
40 54
40 57
40 68
40 80
40 86
40 97
40 105
40 119
40 132
40 142
40 143
40 144
41 44
41 54
41 57
41 77
41 85
41 90
41 97
41 103
41 108
41 113
41 119
41 120
41 121
41 141
41 145
42 43
42 44
42 49
42 65
42 66
42 71
42 72
42 75
42 81
42 98
42 101
42 115
42 119
42 149
43 53
43 59
43 60
43 63
43 68
43 85
43 87
43 90
43 95
43 105
43 110
43 111
43 123
43 138
43 143
43 145
44 57
44 62
44 69
44 72
44 74
44 75
44 82
44 95
44 98
44 102
44 116
44 123
44 124
44 141
44 142
45 53
45 65
45 68
45 69
45 74
45 75
45 77
45 80
45 84
45 94
45 97
45 114
45 129
45 133
45 142
45 150
46 53
46 58
46 61
46 62
46 68
46 75
46 79
46 90
46 101
46 107
46 111
46 119
46 134
46 139
46 140
47 51
47 54
47 55
47 58
47 59
47 63
47 75
47 93
47 94
47 101
47 102
47 112
47 122
47 140
47 149
47 150
48 73
48 79
48 80
48 81
48 84
48 89
48 91
48 93
48 100
48 102
48 103
48 107
48 122
48 123
48 127
49 51
49 57
49 86
49 89
49 102
49 106
49 108
49 114
49 119
49 121
49 127
49 136
49 148
50 52
50 54
50 76
50 77
50 80
50 85
50 88
50 92
50 95
50 107
50 114
50 116
50 139
50 141
51 53
51 54
51 55
51 60
51 68
51 70
51 71
51 75
51 82
51 84
51 86
51 90
51 100
51 116
51 122
51 123
51 132
51 144
51 148
52 65
52 67
52 71
52 82
52 103
52 111
52 121
52 122
52 123
52 127
52 129
52 139
52 140
52 142
52 150
53 56
53 69
53 82
53 89
53 95
53 107
53 123
53 126
53 138
53 143
54 64
54 67
54 75
54 77
54 81
54 100
54 105
54 107
54 111
54 130
54 138
54 144
55 61
55 63
55 64
55 72
55 80
55 89
55 110
55 111
55 128
55 129
55 130
55 131
55 135
55 136
55 137
55 140
55 146
56 63
56 77
56 85
56 89
56 96
56 100
56 115
56 119
56 121
56 123
56 130
56 147
57 64
57 67
57 68
57 70
57 75
57 79
57 91
57 98
57 101
57 107
57 116
57 120
57 121
57 130
57 138
57 142
57 145
58 59
58 65
58 67
58 70
58 76
58 102
58 112
58 113
58 124
58 126
58 133
58 135
58 136
58 148
58 149
59 65
59 67
59 74
59 77
59 79
59 89
59 95
59 96
59 97
59 104
59 107
59 109
59 118
59 120
59 148
59 149
60 72
60 89
60 91
60 106
60 109
60 115
60 127
60 128
60 129
60 132
60 137
60 138
60 139
61 66
61 70
61 84
61 89
61 91
61 100
61 105
61 121
61 124
61 126
61 131
61 132
61 141
61 146
61 148
61 150
62 68
62 81
62 94
62 95
62 100
62 106
62 109
62 113
62 119
62 120
62 121
62 128
62 130
62 135
63 70
63 75
63 79
63 84
63 86
63 92
63 95
63 103
63 107
63 108
63 110
63 122
63 124
63 127
63 132
63 141
63 142
63 146
63 149
64 65
64 66
64 69
64 73
64 77
64 78
64 80
64 81
64 98
64 109
64 112
64 114
64 115
64 120
64 125
65 78
65 85
65 89
65 95
65 108
65 113
65 114
65 123
65 124
65 128
65 133
65 140
65 141
65 144
65 145
65 146
65 147
65 148
65 149
65 150
66 67
66 70
66 88
66 109
66 113
66 115
66 121
66 125
66 137
66 138
66 149
67 94
67 97
67 98
67 99
67 105
67 106
67 121
67 127
67 141
67 150
68 69
68 71
68 72
68 79
68 83
68 91
68 95
68 96
68 101
68 103
68 105
68 122
68 124
68 137
68 138
68 139
68 147
69 70
69 77
69 79
69 80
69 93
69 100
69 101
69 103
69 104
69 114
69 115
69 141
69 144
69 147
70 77
70 100
70 102
70 130
70 131
70 138
70 140
70 143
70 146
71 77
71 78
71 85
71 88
71 107
71 126
71 138
71 142
71 144
71 148
72 82
72 87
72 88
72 98
72 105
72 107
72 113
72 114
72 117
72 125
72 148
72 149
73 85
73 89
73 102
73 111
73 119
73 125
73 127
73 129
73 134
74 76
74 83
74 85
74 88
74 101
74 102
74 109
74 113
74 115
74 116
74 135
74 138
74 141
74 143
74 147
74 150
75 77
75 81
75 87
75 100
75 101
75 107
75 113
75 116
75 120
75 121
75 123
75 140
75 145
75 146
75 149
76 82
76 87
76 106
76 120
76 130
76 131
76 141
76 142
76 149
77 78
77 87
77 88
77 101
77 117
77 150
78 83
78 86
78 108
78 115
78 117
78 124
78 128
78 131
78 132
78 133
78 147
78 148
79 85
79 91
79 96
79 103
79 109
79 119
79 122
79 131
79 133
79 138
79 141
79 142
79 146
80 82
80 84
80 92
80 96
80 97
80 105
80 118
80 124
80 134
80 142
80 143
80 146
81 82
81 83
81 117
81 131
81 139
81 144
81 145
81 146
81 148
82 91
82 92
82 97
82 100
82 102
82 118
82 130
82 135
82 141
82 143
82 147
82 148
83 117
83 132
83 147
83 149
84 86
84 87
84 91
84 93
84 96
84 119
84 124
84 132
84 135
84 141
84 144
85 87
85 102
85 104
85 105
85 110
85 121
85 129
85 134
85 143
85 146
86 105
86 112
86 113
86 118
86 124
86 143
87 100
87 105
87 110
87 119
87 120
87 123
87 131
87 135
87 138
87 142
88 89
88 110
88 111
88 115
88 118
88 124
88 126
88 128
88 132
88 140
88 145
89 97
89 100
89 101
89 108
89 112
89 114
89 115
89 128
89 132
89 133
89 136
89 141
89 143
89 149
90 125
90 126
90 133
90 136
90 141
91 93
91 95
91 103
91 106
91 109
91 115
91 121
91 123
91 133
91 139
91 141
92 98
92 99
92 102
92 105
92 109
92 110
92 113
92 115
92 117
92 121
92 125
92 127
92 137
92 147
93 102
93 105
93 109
93 111
93 112
93 115
93 118
93 123
93 136
93 137
93 139
93 148
93 150
94 103
94 106
94 107
94 112
94 118
94 127
94 136
94 138
94 140
94 143
94 147
95 97
95 98
95 100
95 104
95 111
95 123
95 150
96 97
96 99
96 100
96 101
96 108
96 116
96 132
96 134
96 141
96 145
97 100
97 104
97 116
97 120
97 121
97 122
97 129
97 138
97 140
97 148
98 101
98 104
98 111
98 114
98 135
98 137
98 143
98 148
99 107
99 108
99 113
99 115
99 123
99 130
99 134
99 148
100 101
100 107
100 111
100 118
100 119
100 128
100 129
100 143
100 147
101 108
101 110
101 117
101 124
101 130
101 132
101 133
102 120
102 127
102 130
102 135
102 140
102 141
102 150
103 116
103 119
104 105
104 106
104 108
104 112
104 121
104 124
104 131
104 139
104 146
104 150
105 112
105 113
105 114
105 119
105 146
106 110
106 111
106 125
106 135
106 137
106 141
106 150
107 113
107 119
107 123
107 129
107 136
107 141
108 120
108 121
108 122
108 129
108 138
108 142
109 115
109 123
109 128
109 135
109 137
109 148
110 132
110 147
111 114
111 115
111 119
111 120
111 122
111 128
111 132
111 133
111 135
112 116
112 117
112 132
112 135
112 136
112 143
113 117
113 125
113 130
113 134
113 142
114 120
114 136
114 139
114 144
114 145
115 119
115 128
115 142
115 143
115 147
116 117
116 128
116 130
116 133
116 136
116 143
116 144
116 148
117 131
117 134
117 143
117 144
117 150
118 127
118 128
118 129
118 130
118 139
119 121
119 124
119 131
119 134
119 137
119 138
119 139
119 140
120 121
120 134
120 136
120 138
120 148
120 150
121 126
121 130
121 135
121 137
121 138
121 142
121 144
122 125
122 127
122 128
122 135
122 143
122 144
122 145
123 126
123 134
123 135
123 136
123 141
124 142
124 149
125 131
125 133
125 142
126 133
126 145
127 132
127 137
127 145
127 149
128 132
128 139
128 143
128 145
128 149
129 135
129 136
129 138
129 141
131 134
131 136
131 137
131 138
131 143
131 150
132 133
132 138
132 142
132 144
132 146
132 150
133 143
134 135
134 137
134 140
134 141
134 150
135 145
135 150
136 142
137 138
137 141
137 147
138 139
138 140
138 149
141 143
142 143
142 149
143 145
143 149
144 145
144 150
145 146
145 148
145 150
146 147
147 148
