100 198 1000

14 56 58 29 64 30 73 110 38 16
104 51 11 80 18 70 79 105 80 93
18 105 93 105 106 73 26 52 71 81
11 62 91 68 106 92 107 97 68 16
47 80 54 65 66 62 41 74 75 103
42 73 80 98 46 30 20 92 81 71
108 103 110 106 50 82 27 57 54 78
19 95 58 51 63 97 70 49 69 18
61 30 12 52 40 28 44 37 41 33
57 85 68 23 36 11 69 103 78 96

4 46 48 19 54 20 63 100 28 6
94 41 1 70 8 60 69 95 70 83
8 95 83 95 96 63 16 42 61 71
1 52 81 58 96 82 97 87 58 6
37 70 44 55 56 52 31 64 65 93
32 63 70 88 36 20 10 82 71 61
98 93 100 96 40 72 17 47 44 68
9 85 48 41 53 87 60 39 59 8
51 20 2 42 30 18 34 27 31 23
47 75 58 13 26 1 59 93 68 86

7 0 0 0 0 0 14 0 0 32 38 0 0 1 31 0 22 0 0 37 9 48 37 4 0 0 0 48 30 0 40 3 15 11 0 0 0 0 0 0 0 0 0 5 6 31 0 4 42 7 0 18 15 2 1 0 0 0 33 18 16 3 22 18 49 0 22 0 26 17 38 27 34 0 40 9 30 0 0 21 0 0 39 2 27 36 22 23 0 0 0 0 0 1 0 4 0 41 0 
15 0 1 22 4 0 0 38 0 0 15 34 15 0 0 0 0 35 0 0 7 0 8 13 0 0 0 9 12 0 20 0 0 43 0 15 0 11 20 29 35 0 26 0 7 32 0 0 0 3 0 1 0 24 0 0 22 41 12 5 0 6 35 15 37 0 18 0 0 0 0 2 8 49 0 3 40 0 0 0 0 0 0 1 0 11 0 0 0 0 42 0 0 20 19 0 0 0 
0 30 0 0 0 0 0 12 0 0 30 10 0 4 0 0 18 0 0 0 0 0 0 15 23 25 42 0 36 0 0 0 3 0 13 25 0 0 16 0 0 43 0 35 11 22 48 47 30 12 0 21 21 27 2 16 0 0 0 0 28 38 0 37 25 0 0 0 21 0 0 0 0 35 0 24 49 0 0 0 4 29 5 0 0 0 42 0 0 0 0 17 32 28 14 0 0 
0 10 13 0 9 50 0 0 0 12 0 0 33 0 0 0 0 0 0 41 0 18 21 0 0 33 0 13 48 0 31 0 0 9 40 0 33 1 0 0 0 0 0 20 0 0 10 0 0 31 11 38 22 0 28 13 26 0 15 0 0 20 43 31 3 25 27 0 42 0 0 0 4 4 0 24 0 0 21 0 49 0 0 8 41 0 23 0 15 37 0 0 21 14 48 38 
5 46 38 48 0 0 12 3 0 0 0 0 0 0 0 14 28 43 3 33 19 0 0 0 16 4 0 0 0 0 0 27 37 14 7 18 0 0 21 0 4 0 0 50 42 0 29 0 49 29 0 32 39 41 40 46 0 0 13 46 0 7 0 20 0 0 33 9 0 0 25 0 6 3 47 0 15 31 0 23 0 28 0 8 0 0 13 0 15 0 0 21 0 0 26 
42 0 39 0 0 0 0 0 11 24 0 0 0 0 9 26 14 0 37 0 36 0 0 5 46 22 3 0 9 25 3 0 19 33 0 50 0 30 10 0 0 0 0 0 48 0 16 3 0 45 0 0 24 0 0 0 0 0 0 8 41 22 38 17 13 43 0 0 16 0 5 0 45 43 0 0 25 47 0 0 48 8 4 14 33 5 26 0 11 0 0 50 16 0 
14 49 1 28 0 24 35 48 42 46 0 0 25 32 0 30 0 41 34 21 0 34 7 26 0 0 38 46 1 40 0 0 0 0 0 0 20 35 0 0 41 0 20 3 6 0 0 38 0 50 0 47 0 3 17 32 0 0 0 25 0 40 4 0 24 48 36 0 22 16 0 47 31 9 3 0 36 0 40 0 0 31 0 0 0 16 0 0 26 19 0 0 0 
0 0 0 0 0 0 0 0 13 26 0 0 21 0 0 18 28 0 31 0 46 32 46 26 0 0 49 0 40 24 19 0 0 0 27 0 18 0 20 0 28 0 0 47 26 46 0 44 0 24 0 8 45 0 15 5 0 39 0 0 31 23 0 0 50 6 0 7 7 0 3 0 0 4 4 0 0 37 0 36 8 0 0 37 0 5 48 8 39 37 2 0 
0 50 0 14 0 0 0 0 36 38 0 20 36 7 29 0 26 0 0 0 0 0 30 41 27 0 44 0 0 0 0 0 17 15 0 38 0 0 0 0 27 44 0 15 0 7 0 0 17 48 48 16 23 0 30 19 41 0 0 0 39 18 0 0 0 0 2 0 8 0 0 34 0 0 9 35 20 0 37 41 0 0 0 40 0 43 1 0 47 50 0 
26 17 25 9 2 0 31 49 41 27 0 0 32 11 0 0 19 40 0 2 0 9 11 0 25 0 0 13 39 0 42 33 21 39 17 0 20 31 34 49 0 22 2 40 39 0 49 0 49 0 0 27 49 43 19 17 0 35 0 1 16 37 14 0 31 0 9 36 19 26 23 16 10 15 0 0 24 44 49 25 0 0 0 50 42 47 10 13 41 22 
34 24 0 1 19 0 47 0 0 8 0 37 33 0 0 41 0 0 0 20 34 0 18 0 12 16 23 27 0 0 44 0 36 28 0 27 25 28 0 13 0 24 32 28 0 4 0 0 16 0 37 14 39 0 41 18 0 27 0 47 14 5 4 35 5 0 0 0 0 0 0 0 10 23 0 0 0 23 24 50 9 0 0 0 0 33 0 19 0 
29 0 0 25 0 7 0 0 3 38 12 0 6 0 9 38 0 0 0 0 0 15 0 0 12 0 36 0 41 0 41 26 28 0 0 39 48 42 34 40 0 0 27 0 23 0 0 0 27 0 6 0 15 27 4 3 0 49 0 8 0 28 0 18 0 2 0 0 0 6 6 0 0 0 0 3 29 28 0 0 47 36 0 0 49 0 0 5 
0 45 37 0 6 16 0 0 0 0 41 21 0 15 4 0 16 3 35 32 0 27 19 0 44 22 33 14 0 0 0 6 31 40 20 0 0 0 0 24 12 38 48 0 0 0 14 0 49 9 0 0 0 0 0 0 0 28 12 11 27 0 44 0 32 1 0 34 0 35 13 38 0 14 22 0 0 50 0 0 0 20 0 6 0 0 31 
39 0 0 49 0 0 0 10 23 17 0 0 29 17 0 0 0 46 40 44 28 20 9 21 0 47 0 42 0 0 1 0 50 0 0 0 44 0 43 0 21 8 3 0 6 42 0 32 4 0 0 0 32 0 0 38 0 3 0 0 0 14 9 37 0 0 37 0 31 18 39 0 33 0 27 0 0 31 4 19 0 21 6 11 12 13 
0 0 37 2 3 21 49 22 41 27 5 0 33 39 37 7 34 44 0 47 0 42 0 0 40 32 0 0 38 24 24 0 30 20 27 0 24 23 8 23 17 0 13 0 46 0 0 1 24 46 50 33 0 0 0 35 0 0 0 46 0 16 50 0 36 25 34 27 31 3 19 2 0 38 40 22 32 15 0 0 47 0 21 30 31 
1 0 14 19 39 0 0 43 0 0 13 40 0 33 11 0 0 29 47 27 0 19 35 0 21 49 0 0 0 0 1 11 9 20 0 0 16 46 35 38 0 0 0 35 0 0 15 13 28 0 1 0 38 27 0 27 0 0 45 0 44 0 6 41 17 0 33 6 32 5 31 30 0 0 24 13 3 0 0 9 0 45 19 0 
20 0 22 13 0 0 14 47 0 41 22 22 2 31 0 7 0 23 24 0 0 46 0 28 0 11 37 46 0 40 26 16 24 0 0 0 40 0 0 34 0 0 41 0 0 0 9 0 19 0 43 0 13 0 0 0 41 16 0 0 1 46 0 0 0 1 18 38 27 0 0 0 0 12 33 9 15 7 6 27 37 8 44 
0 7 29 34 27 0 18 37 0 12 34 8 12 0 30 46 3 11 20 9 49 36 50 39 20 1 10 25 0 25 6 0 45 0 33 11 0 0 24 0 20 0 4 0 31 32 38 28 36 0 37 0 27 0 0 0 40 32 26 39 0 0 27 3 15 12 0 1 48 0 0 0 0 0 39 0 0 9 17 0 0 15 
49 0 19 0 44 36 0 0 0 41 8 0 4 40 0 0 4 3 0 0 20 0 29 38 0 35 5 0 0 0 0 0 0 40 0 0 7 0 26 13 15 43 42 0 0 48 42 0 0 20 0 0 12 39 0 42 0 0 0 0 43 0 32 0 0 0 48 0 0 0 0 48 48 0 0 0 23 45 0 48 2 
0 0 1 0 0 7 18 0 22 0 0 5 32 50 0 15 0 21 15 0 43 0 19 0 33 7 0 29 19 44 44 0 30 5 0 43 32 27 36 0 10 0 0 25 0 0 0 0 44 0 0 0 0 7 41 0 13 35 33 0 22 0 0 0 0 0 27 0 29 41 0 0 0 0 27 32 0 30 0 46 
38 14 8 25 28 0 0 19 13 0 0 26 0 0 0 0 24 6 44 0 0 22 39 0 0 0 0 11 34 49 0 14 3 28 35 0 0 6 33 0 17 0 0 41 24 0 0 28 47 0 42 17 0 9 25 12 32 48 0 0 33 34 12 0 47 0 11 19 0 49 0 24 0 0 11 48 14 0 25 
0 0 7 0 0 0 10 16 0 0 3 4 0 0 0 0 0 0 0 44 4 7 0 0 27 0 22 6 0 0 0 3 37 18 47 0 2 17 49 0 0 0 0 5 0 33 0 0 21 0 0 0 25 0 0 0 0 0 0 0 10 0 1 0 32 0 0 13 4 0 47 38 15 0 0 19 0 0 
46 3 0 0 0 15 0 5 0 0 0 0 7 32 31 0 47 0 34 24 0 39 0 24 50 5 0 0 13 7 15 42 0 14 0 0 0 0 10 20 9 0 0 19 11 49 0 0 40 0 0 0 0 24 36 18 24 37 48 41 0 0 0 23 0 0 0 0 0 0 0 0 43 50 0 38 23 
41 50 27 0 46 3 0 0 2 16 29 0 38 0 3 0 8 11 31 41 0 0 0 15 45 2 0 38 23 28 29 0 0 47 22 0 18 0 0 0 0 38 0 17 48 14 0 0 0 50 28 9 0 0 0 0 18 46 23 0 0 0 0 9 21 3 10 7 49 45 0 24 19 0 0 0 
0 0 9 0 0 0 0 39 11 0 0 23 19 0 29 6 20 0 0 46 0 13 9 0 0 46 0 21 0 0 45 0 48 14 12 0 0 10 0 5 13 0 0 3 35 0 0 0 0 0 1 19 19 6 0 46 48 2 0 25 39 32 41 37 0 18 0 0 0 20 0 9 45 24 2 
35 0 43 24 0 0 0 0 0 36 28 35 31 0 19 14 43 0 0 45 0 0 2 0 0 24 0 23 0 0 50 0 22 17 23 7 41 0 9 23 20 0 1 41 13 0 0 32 38 0 23 1 0 0 16 27 0 22 0 34 0 47 39 27 32 23 0 11 19 11 44 0 0 0 
0 37 0 46 0 0 42 3 0 35 0 9 22 7 0 0 8 41 34 0 0 0 11 47 23 21 0 0 0 0 43 0 0 32 0 0 24 0 0 35 0 0 49 32 0 0 0 0 14 0 5 0 44 46 43 0 23 0 0 0 8 14 27 23 32 0 0 3 47 25 44 16 0 
22 11 35 42 25 50 14 3 0 36 20 24 19 9 0 43 37 0 34 0 5 12 0 0 46 0 0 0 0 0 44 6 22 0 14 0 0 0 0 14 33 0 0 17 0 0 39 6 23 12 0 18 18 31 0 43 32 14 5 0 0 0 0 0 0 14 49 50 41 31 0 14 
0 50 49 29 0 25 30 13 0 0 5 4 12 0 0 29 0 5 13 34 10 24 13 0 0 43 42 31 39 0 33 0 0 0 35 0 20 0 0 13 0 0 0 0 0 26 0 19 50 0 27 31 0 34 0 0 0 26 0 20 0 0 0 33 0 50 0 18 13 0 0 
11 0 50 0 0 0 0 16 39 43 7 18 14 43 0 6 0 41 19 16 0 0 0 46 0 0 29 0 33 0 0 14 30 0 48 25 9 0 0 44 42 0 0 0 35 0 33 0 0 18 9 17 0 3 5 2 42 0 0 0 0 0 0 0 0 32 10 48 0 27 
0 28 0 0 5 0 0 44 45 9 0 23 22 7 0 0 0 0 0 9 11 0 34 0 44 0 0 0 2 0 20 0 47 0 43 0 18 43 0 5 26 0 0 0 0 0 43 0 13 39 0 0 0 2 43 0 18 0 0 2 28 43 0 47 0 1 39 0 0 
0 0 42 40 0 27 0 0 0 50 0 0 44 0 24 0 14 22 39 18 0 0 0 1 25 26 21 6 0 0 0 2 15 22 0 7 0 45 37 0 0 0 0 17 0 43 20 0 22 0 0 0 0 0 42 2 0 6 0 25 8 0 41 17 30 47 0 30 
0 0 0 0 0 29 0 33 39 12 8 0 0 0 48 0 0 7 3 0 8 0 0 23 0 0 0 19 17 43 0 28 33 0 0 4 0 33 23 0 14 21 0 0 25 0 8 13 28 0 40 0 0 5 0 23 38 33 26 1 0 10 24 48 28 37 0 
21 0 26 0 0 0 40 0 0 38 29 20 12 0 3 45 14 24 0 1 28 0 0 0 17 20 41 0 50 0 17 0 38 0 0 23 0 49 25 0 47 44 34 27 18 0 0 4 30 35 4 36 0 0 0 0 0 0 5 1 0 0 44 28 49 13 
47 4 41 0 5 0 8 25 25 0 11 0 0 0 0 32 0 0 19 37 0 49 12 28 24 34 9 16 25 38 0 0 33 2 0 45 0 0 34 0 32 0 49 3 25 17 44 1 29 0 0 42 2 0 10 45 18 0 0 43 0 0 11 0 0 
14 31 0 0 12 29 0 9 33 41 0 16 0 36 0 0 0 0 21 0 39 0 25 25 49 48 0 50 0 0 0 38 0 27 47 0 0 22 0 0 19 36 6 0 36 29 29 41 26 24 0 9 23 0 32 0 36 29 4 0 48 0 0 0 
0 0 0 11 47 0 0 27 0 36 33 27 0 0 19 22 45 10 0 0 33 0 32 0 13 5 0 42 26 47 42 0 19 0 0 33 0 0 0 32 0 0 0 15 0 0 24 32 18 19 14 5 20 0 29 0 0 15 30 30 29 0 16 
0 22 0 0 13 45 34 26 0 34 46 0 0 50 48 48 17 32 0 0 0 0 33 34 0 0 0 0 42 43 13 28 0 0 0 0 45 27 36 0 48 0 42 5 25 0 6 6 0 0 6 0 0 5 12 0 0 22 46 15 2 0 
46 17 0 0 0 0 42 0 0 0 0 0 0 0 0 20 44 32 31 4 0 6 45 33 0 14 41 0 0 34 0 30 0 25 19 0 38 9 42 20 0 20 32 17 38 0 0 0 0 30 27 0 0 29 0 0 0 50 1 14 42 
0 0 0 0 0 4 19 6 0 0 33 0 0 32 0 28 35 44 0 0 0 43 0 11 0 0 0 0 0 0 4 26 0 0 0 11 39 0 39 0 48 2 0 37 0 0 0 45 0 28 31 0 23 17 0 0 23 6 11 26 
0 0 0 0 0 49 33 0 0 40 0 0 29 0 0 37 0 48 41 11 0 46 8 0 20 24 0 32 0 23 0 0 0 34 20 50 0 0 12 0 0 18 0 26 0 0 29 19 11 0 20 11 0 38 0 0 19 0 5 
26 0 10 11 23 0 0 19 6 44 16 0 0 0 6 0 24 38 15 0 0 0 0 0 16 0 0 0 0 50 0 32 39 0 0 0 0 37 0 32 0 0 26 15 18 24 30 2 0 19 36 24 14 11 14 0 4 1 
43 0 42 33 0 31 0 35 7 0 36 0 0 31 9 0 0 8 13 0 10 42 0 0 9 0 5 0 0 0 0 0 26 45 0 8 0 0 0 26 0 0 6 0 0 17 0 8 27 0 0 14 11 46 3 0 0 
0 0 42 0 1 39 0 0 50 43 14 0 0 50 0 6 24 0 37 11 0 0 0 41 21 0 40 0 13 0 19 0 38 3 31 0 1 27 0 0 0 0 0 0 27 14 4 0 13 0 0 19 21 48 25 29 
0 25 22 0 0 0 0 0 47 35 30 0 0 48 38 11 0 49 45 11 0 0 8 32 33 0 16 0 45 0 0 0 0 0 39 0 25 23 29 35 49 48 0 0 49 15 2 0 0 22 0 1 0 47 0 
37 0 0 0 42 42 15 0 2 36 45 29 0 0 41 42 41 0 0 42 35 37 37 0 0 41 34 0 0 40 0 0 34 27 0 0 28 12 0 5 0 0 0 30 0 0 40 0 41 47 0 0 0 0 
0 47 11 12 5 2 7 12 45 24 18 0 36 0 4 20 32 0 0 0 0 3 0 28 24 1 26 0 39 0 0 35 37 0 0 24 10 0 30 0 0 0 48 0 15 0 8 0 0 26 0 0 50 
0 5 27 0 30 0 0 0 2 0 0 0 39 0 0 0 3 0 1 10 0 0 0 48 0 0 13 5 0 16 6 0 0 0 0 0 10 0 0 38 43 40 21 0 0 0 0 0 45 41 32 20 
0 35 0 3 0 0 47 48 0 0 0 0 22 50 20 41 14 40 41 25 0 0 44 0 0 16 37 0 42 43 40 0 0 18 2 4 11 0 2 16 0 0 3 29 36 21 0 14 0 13 0 
0 19 42 11 22 0 0 25 48 29 0 0 3 0 8 41 25 0 0 5 0 0 10 27 41 0 0 0 0 0 17 26 38 0 21 0 0 0 20 0 44 0 38 32 44 0 25 0 24 0 
0 0 7 0 0 0 0 0 0 28 0 26 11 46 6 0 0 30 0 0 32 1 0 28 21 5 0 0 0 0 0 0 0 35 0 0 0 39 19 21 42 0 0 39 19 9 47 11 29 
11 0 34 0 0 0 45 0 46 0 0 14 50 0 9 10 0 43 36 0 47 0 41 0 0 0 10 35 29 0 0 0 15 0 0 19 0 0 15 0 38 4 16 20 12 45 0 0 
48 0 0 31 0 0 0 15 0 0 0 12 0 24 0 0 11 0 0 42 38 41 0 0 0 0 0 20 30 0 37 0 44 0 13 0 0 0 24 24 5 4 28 0 0 9 0 
0 0 0 0 37 0 40 0 0 34 1 43 41 47 40 0 0 0 42 0 37 44 0 0 0 0 0 24 43 26 0 47 35 30 0 18 0 0 42 0 45 0 23 30 0 0 
6 3 6 0 31 0 14 27 0 0 0 13 0 16 0 0 0 0 0 44 21 4 21 0 37 0 6 2 12 19 27 0 0 0 4 0 3 23 0 0 0 48 37 15 0 
17 40 0 0 24 0 43 0 0 4 10 23 22 40 0 27 39 0 0 23 16 21 25 0 46 38 0 44 27 35 0 0 15 0 0 37 47 0 0 0 4 0 49 0 
0 5 16 31 0 14 0 0 12 30 0 0 0 0 3 0 46 0 0 5 0 0 0 0 0 33 0 2 49 0 2 0 35 0 26 42 0 0 0 34 0 0 15 
43 0 16 0 44 0 28 44 10 0 0 0 48 44 0 33 0 36 0 0 46 0 7 35 30 29 0 0 0 42 17 0 30 18 0 0 30 0 18 35 22 2 
0 5 50 0 29 35 0 18 0 46 1 49 0 0 40 17 37 40 26 0 0 0 42 0 0 18 40 0 0 0 0 0 22 4 0 1 0 22 0 0 31 
35 24 0 0 0 0 0 0 32 0 5 0 4 0 39 18 30 0 39 0 0 32 0 22 0 21 29 30 0 24 0 0 33 0 0 19 28 0 0 0 
49 0 33 27 36 43 48 0 6 0 29 0 0 44 0 0 0 0 0 28 0 24 33 0 0 21 0 0 30 0 22 0 0 0 0 0 29 17 0 
0 0 13 25 0 0 20 13 0 28 0 8 0 9 0 43 44 0 0 19 37 13 26 0 17 0 0 0 3 0 0 0 0 0 0 0 0 35 
14 0 9 36 26 0 13 10 0 45 0 19 44 35 8 0 0 47 10 3 21 0 0 0 12 35 31 14 0 39 40 0 0 0 0 34 0 
0 0 2 0 30 0 31 12 45 0 0 0 22 0 45 44 1 10 25 22 11 24 0 0 32 0 29 44 8 0 44 9 40 0 0 0 
20 0 0 30 0 0 0 0 0 25 0 26 0 0 0 41 10 6 0 35 0 40 18 0 0 0 0 6 43 0 46 28 23 0 7 
1 31 49 0 37 5 0 13 13 24 0 40 20 15 0 0 25 0 0 0 36 7 0 41 27 0 18 32 20 0 50 47 22 10 
0 0 47 43 39 24 4 0 5 0 28 22 0 19 25 5 0 5 0 0 18 0 0 0 33 0 1 14 34 1 18 0 23 
0 0 34 0 24 22 0 0 17 1 12 9 0 10 0 2 0 0 36 0 0 0 0 45 33 40 41 46 35 42 0 39 
0 0 0 0 31 15 0 0 28 0 0 0 21 21 5 0 21 0 0 0 0 48 14 0 4 0 0 0 0 13 0 
23 0 0 0 35 29 0 47 40 29 0 50 40 8 2 0 22 0 46 0 43 13 0 35 43 5 0 1 20 0 
25 3 43 0 7 0 0 35 0 42 0 47 25 0 49 0 1 32 0 0 0 8 18 0 10 0 47 14 39 
0 1 0 24 0 38 0 48 0 0 0 44 0 31 0 49 0 0 16 28 0 0 0 0 48 0 23 30 
0 0 12 0 2 14 33 26 0 34 0 0 49 38 0 0 15 16 0 35 0 0 0 0 0 0 0 
38 0 0 0 37 0 25 41 35 13 44 0 37 0 16 3 11 0 0 0 29 25 0 0 0 27 
0 0 22 0 0 0 48 0 32 0 0 0 29 0 0 0 11 48 0 0 50 18 0 0 0 
0 23 13 0 50 36 37 35 5 8 0 0 0 43 18 27 42 0 0 0 44 0 38 0 
0 6 13 0 0 23 38 11 35 0 0 0 0 1 41 0 17 14 31 0 16 25 6 
22 39 33 0 31 43 1 48 0 0 0 21 0 0 39 0 18 13 0 9 0 48 
0 24 41 0 31 0 0 0 40 0 0 33 25 4 30 0 0 27 0 0 38 
2 12 17 1 0 0 44 38 26 34 1 0 0 46 0 1 29 1 0 36 
31 39 0 0 22 20 0 0 12 6 30 0 0 4 16 0 7 0 44 
31 6 43 39 0 32 0 25 8 16 24 0 9 47 34 0 0 0 
0 8 7 0 19 49 29 4 0 0 19 6 0 15 21 0 31 
0 14 14 0 0 2 0 10 0 44 0 0 0 0 0 10 
13 41 0 0 50 28 15 0 0 24 14 0 33 0 0 
50 19 0 0 49 0 19 0 0 34 23 15 0 13 
0 5 0 50 0 26 27 0 0 10 0 30 0 
16 0 0 0 49 38 39 0 0 14 0 0 
29 0 4 13 0 31 0 29 0 12 0 
28 46 32 19 0 0 0 28 0 45 
21 0 50 47 31 0 0 13 24 
0 0 3 0 48 7 0 14 
0 0 21 41 25 40 4 
17 13 31 28 13 0 
0 34 45 25 47 
0 0 0 0 
0 16 0 
12 0 
24 

1 40
1 83
1 93
2 4
2 24
2 29
3 23
3 60
4 29
4 31
4 64
5 45
6 18
6 29
6 43
6 46
6 55
6 74
6 76
6 86
7 32
7 71
7 88
8 12
8 55
8 84
9 12
9 47
9 83
10 40
10 74
10 85
10 92
11 29
11 82
12 30
12 36
12 47
13 21
13 51
14 91
15 68
16 40
16 43
16 74
16 100
17 34
17 38
17 40
17 52
17 59
17 89
18 74
18 95
18 98
19 38
19 48
19 74
20 42
20 85
21 85
22 27
22 36
22 52
22 53
22 63
22 79
23 26
23 33
23 34
23 58
23 88
23 90
24 71
25 27
25 43
25 64
26 50
27 48
27 56
27 68
27 69
27 93
28 54
28 57
28 71
29 72
29 74
29 88
30 37
30 55
30 76
31 32
31 61
31 77
31 90
32 48
32 75
32 84
33 37
33 55
33 67
34 42
34 56
34 64
35 45
35 99
36 49
36 63
37 46
37 64
37 72
38 50
38 63
39 47
39 54
39 68
39 88
39 95
40 67
41 58
41 62
41 81
41 99
42 68
42 79
43 72
44 52
44 65
45 71
45 79
46 71
46 81
46 85
46 92
46 98
46 99
46 100
47 61
48 54
48 86
50 77
51 59
51 83
51 88
52 69
53 62
53 76
53 77
53 85
53 97
54 78
54 94
55 66
55 87
55 91
56 65
57 69
58 75
59 66
60 65
61 76
61 95
62 64
62 68
63 65
63 72
63 95
63 98
65 89
66 85
66 86
66 96
67 80
67 89
68 70
68 76
68 89
69 71
69 96
71 80
71 87
72 85
72 87
76 88
78 82
78 94
80 99
81 88
81 94
85 94
85 100
88 96
89 91
90 96
90 97
91 97
93 94
