100 198 1000

25 62 74 70 84 44 105 84 58 89
47 17 39 73 53 55 71 54 88 74
65 19 93 67 26 15 94 82 38 23
38 36 35 98 50 42 99 22 40 49
63 85 33 91 86 36 64 68 50 33
26 94 68 52 65 31 63 62 105 68
103 93 73 44 77 80 23 31 58 11
23 49 34 65 58 67 110 86 44 27
33 20 67 81 16 85 55 43 45 30
104 51 23 16 39 108 105 104 62 81

15 52 64 60 74 34 95 74 48 79
37 7 29 63 43 45 61 44 78 64
55 9 83 57 16 5 84 72 28 13
28 26 25 88 40 32 89 12 30 39
53 75 23 81 76 26 54 58 40 23
16 84 58 42 55 21 53 52 95 58
93 83 63 34 67 70 13 21 48 1
13 39 24 55 48 57 100 76 34 17
23 10 57 71 6 75 45 33 35 20
94 41 13 6 29 98 95 94 52 71

0 9 46 24 7 0 24 0 0 40 39 0 13 8 4 0 2 0 6 13 0 44 0 26 0 47 0 0 25 42 34 49 46 45 44 5 16 0 0 0 0 0 0 29 0 0 9 0 5 20 2 0 32 2 0 1 0 12 0 0 33 0 49 8 34 27 47 0 43 0 0 36 1 8 26 27 0 22 21 38 0 0 48 0 0 35 0 30 0 38 37 0 0 0 0 0 0 36 0 
36 9 22 0 21 32 28 0 0 17 3 40 25 7 0 0 0 48 0 3 0 28 23 39 32 0 0 0 0 31 0 0 0 47 15 0 21 0 8 28 47 3 0 40 0 0 10 2 0 0 0 0 40 47 0 15 0 0 0 0 0 43 28 0 1 14 0 16 0 32 1 0 19 15 0 0 37 1 0 48 13 0 0 0 0 0 25 0 5 37 0 0 0 0 5 0 0 12 
0 0 0 0 0 12 0 21 43 0 29 3 38 0 0 22 13 0 35 0 0 29 0 49 0 32 39 0 42 23 0 33 0 6 0 0 47 0 0 0 0 45 0 12 0 0 0 4 0 17 34 2 0 0 0 22 0 27 2 40 36 27 20 35 0 6 39 0 9 18 0 0 0 29 0 0 1 0 46 25 35 13 0 0 14 4 21 0 0 0 0 37 0 5 29 0 0 
0 0 0 0 0 2 44 28 0 0 48 28 46 0 40 0 16 46 0 0 23 0 0 0 0 3 0 3 9 0 10 0 0 0 49 21 0 4 0 0 0 35 35 33 18 0 0 25 0 8 0 0 0 48 33 40 35 11 11 0 0 45 17 6 20 36 37 38 0 0 0 2 0 45 33 0 0 38 19 20 0 0 0 13 0 0 0 0 0 25 45 26 0 6 0 0 
16 0 0 24 43 19 0 9 0 0 0 42 46 0 0 0 0 0 0 46 0 7 14 9 34 28 0 12 6 24 3 0 0 0 46 0 16 0 0 20 45 0 0 0 31 24 0 15 47 11 27 49 23 18 17 14 0 0 25 41 50 35 20 6 48 0 10 3 0 0 0 0 22 0 37 11 12 0 0 16 44 24 1 36 0 0 0 17 0 36 22 10 19 45 48 
47 0 0 36 0 0 14 6 0 8 0 0 0 7 0 18 11 0 0 0 44 47 25 0 7 15 31 23 30 41 32 3 30 45 0 23 0 38 29 36 46 0 17 0 0 0 0 46 0 0 50 44 0 0 0 0 0 0 0 23 21 0 42 0 0 0 0 45 3 18 11 0 49 0 0 0 13 1 27 30 4 50 46 9 42 25 0 0 17 18 0 24 36 0 
33 0 13 26 0 0 0 22 17 24 0 34 0 43 45 0 0 0 14 35 20 0 21 22 29 6 9 4 0 18 0 0 0 0 0 0 0 28 0 0 16 39 0 16 30 0 0 12 48 5 25 0 8 0 0 8 41 33 0 0 0 0 0 7 3 7 14 26 41 0 46 0 0 42 41 41 18 49 0 0 0 30 0 0 0 42 20 0 16 0 0 0 0 
0 26 24 0 0 0 0 0 0 0 5 0 0 0 20 0 0 37 0 9 0 20 0 0 0 18 15 0 0 44 0 8 0 25 19 16 0 0 0 8 11 0 48 1 26 0 0 40 0 41 41 15 48 0 0 1 0 12 44 0 0 1 0 0 0 31 0 20 41 11 30 44 11 24 0 41 0 0 47 0 6 0 29 2 0 15 0 0 4 6 0 0 
39 24 30 25 0 0 8 0 15 0 23 0 0 0 44 46 27 6 8 41 43 0 0 18 0 0 0 0 36 0 38 45 22 0 0 0 0 0 41 0 30 0 7 7 0 46 34 0 20 0 20 19 15 12 25 31 29 0 0 50 23 19 0 38 24 50 0 37 28 47 0 0 34 0 25 0 0 0 6 6 34 0 5 27 0 22 19 13 0 0 0 
16 0 44 18 0 19 0 46 42 0 29 15 5 29 21 11 36 0 0 0 0 27 0 4 0 18 0 11 42 0 7 1 36 50 0 0 29 0 0 26 4 42 31 0 0 18 42 44 24 0 24 16 48 5 24 49 33 36 32 28 0 28 31 0 11 47 24 44 0 0 15 40 38 34 40 34 43 28 41 17 31 42 0 29 0 34 32 0 0 8 
0 0 0 14 15 0 16 0 0 0 0 20 0 0 38 0 0 46 12 36 6 24 0 0 0 21 0 7 0 0 31 11 0 43 12 0 0 12 5 34 0 0 33 32 15 0 0 4 12 0 0 0 8 0 20 7 0 0 0 0 0 0 3 31 0 0 33 7 0 38 0 35 7 2 8 0 48 13 0 10 0 0 0 0 5 4 0 1 0 
20 23 0 0 0 0 27 0 8 28 10 8 0 0 0 31 20 19 0 0 0 0 0 0 21 0 22 0 0 0 0 0 25 15 47 0 20 0 20 0 25 12 27 0 23 35 0 0 29 30 43 0 43 12 0 0 17 0 34 15 0 45 24 15 45 16 0 46 0 0 28 0 0 34 0 28 0 0 0 2 23 0 0 24 0 31 2 31 
0 36 0 16 41 19 0 9 0 0 22 26 43 49 0 48 0 16 0 18 21 18 0 0 29 38 0 7 6 0 40 1 44 11 0 49 11 40 0 46 0 20 35 0 0 0 47 0 23 0 0 0 0 0 0 47 0 0 1 0 0 36 10 12 11 45 0 0 0 0 0 4 12 47 8 0 0 35 0 10 3 0 9 0 0 31 17 
40 3 0 19 16 45 5 41 30 0 0 0 45 0 0 10 0 0 0 0 0 0 0 0 0 42 9 0 0 30 42 0 0 23 14 35 1 19 0 2 12 34 0 0 0 0 0 0 0 42 0 12 42 0 0 21 0 1 0 29 20 13 20 0 0 0 42 5 0 0 0 1 49 0 0 0 0 23 0 0 42 47 0 38 0 0 
22 43 6 5 47 9 0 10 22 0 40 12 0 4 2 10 31 13 0 0 33 45 8 13 32 0 41 33 48 48 0 41 37 0 2 4 14 0 0 0 11 16 40 2 34 0 16 44 29 1 0 7 0 5 0 0 36 2 0 40 0 0 0 0 44 0 0 48 4 9 28 37 0 0 0 5 0 0 17 29 0 3 28 0 19 
0 48 0 0 0 30 0 31 11 0 31 0 11 0 10 34 0 0 0 34 38 0 1 13 7 33 4 39 0 0 9 11 0 26 27 0 28 15 39 0 0 0 0 0 0 0 37 44 20 0 0 38 46 11 16 42 0 0 0 35 17 24 0 0 5 0 0 6 36 16 0 11 22 0 40 0 0 0 29 0 35 0 0 25 
25 36 47 33 41 0 0 27 0 10 0 0 31 0 6 0 19 22 0 0 0 0 41 28 48 20 9 0 0 49 15 0 2 28 2 34 5 16 0 3 0 33 0 0 44 37 0 6 38 0 0 10 31 0 0 0 0 50 0 0 0 0 26 39 13 0 7 16 0 0 0 0 16 32 35 0 0 1 0 22 22 31 0 
16 30 42 0 42 0 0 0 12 0 0 0 44 1 17 10 0 47 0 26 6 4 29 0 5 0 23 0 10 11 22 0 0 0 17 5 23 0 22 6 31 1 12 8 24 41 0 0 48 0 0 25 0 1 37 0 0 0 0 6 0 0 0 3 0 24 37 50 50 0 0 28 0 0 25 24 49 39 0 0 34 23 
0 0 0 0 0 35 0 23 32 0 41 0 0 12 0 0 0 31 46 15 0 21 0 0 0 0 0 48 0 21 0 0 0 0 1 31 0 13 0 44 40 0 0 47 0 48 0 0 29 27 0 0 36 0 0 20 16 0 24 0 0 0 43 31 0 0 27 0 45 21 3 0 0 0 15 12 18 0 23 20 16 
29 47 0 0 0 31 50 0 35 0 0 0 0 22 8 44 0 0 0 0 13 0 0 0 26 0 22 49 0 9 0 0 0 49 0 0 15 15 0 7 35 0 0 20 37 35 0 24 2 0 32 0 0 0 47 12 28 0 48 0 0 0 0 0 0 18 7 8 0 0 0 13 31 0 24 4 0 41 29 0 
0 48 6 19 0 37 0 10 16 0 14 4 31 11 0 35 49 0 31 18 4 0 0 12 46 0 0 50 0 30 0 0 30 29 0 0 0 0 24 0 0 0 0 13 44 8 43 0 0 29 29 0 20 0 0 4 21 0 41 9 0 36 0 0 27 0 23 0 39 18 0 15 0 17 0 36 47 37 0 
0 0 0 0 0 31 10 38 0 0 11 0 26 34 0 17 2 26 0 11 0 0 49 0 0 12 22 27 0 12 16 42 0 0 0 29 0 26 40 5 1 0 0 4 0 4 22 0 20 0 0 0 0 25 0 1 0 0 0 35 23 39 0 0 45 34 0 0 0 11 0 26 0 0 0 20 35 0 
34 0 38 10 43 46 0 49 31 0 14 26 4 40 36 45 0 0 48 27 0 0 30 0 19 13 41 44 22 0 35 0 49 28 0 42 0 4 35 20 0 0 46 29 4 0 0 25 50 0 50 5 38 29 0 0 15 44 2 0 0 0 43 0 0 0 0 33 8 0 10 31 0 20 0 0 0 
0 0 47 35 5 19 0 0 0 39 0 45 0 10 10 3 33 10 13 0 32 15 0 32 49 21 29 0 3 30 0 44 21 0 0 16 27 0 0 0 27 33 43 11 0 0 44 28 48 0 0 48 37 0 44 0 1 29 0 0 0 29 22 25 0 0 0 0 26 10 20 0 25 0 0 30 
0 20 31 0 5 14 0 36 9 23 24 19 0 0 9 19 0 0 6 8 30 0 0 41 0 0 0 18 46 0 0 0 0 0 28 33 16 4 44 0 12 0 0 11 44 0 0 0 0 37 0 0 0 0 48 29 0 46 41 0 0 17 49 44 0 30 43 47 0 1 44 48 0 26 0 
6 1 23 0 2 0 29 0 42 0 17 39 3 32 33 2 0 0 0 35 3 0 15 0 35 0 37 0 45 24 24 13 1 0 0 0 0 38 0 0 42 6 30 42 15 0 0 0 0 47 0 0 0 32 1 46 0 17 45 0 0 44 0 0 45 48 0 0 2 32 0 39 26 38 
41 10 20 30 6 33 0 0 0 45 0 15 31 0 35 33 47 48 18 0 5 0 42 0 0 0 40 25 0 27 28 19 0 0 2 34 0 46 0 24 22 0 0 0 0 35 0 8 49 47 4 19 5 0 0 4 0 37 11 0 0 0 47 9 0 44 0 0 36 28 0 3 22 
38 8 26 19 0 0 0 40 0 0 0 30 1 17 10 20 11 0 0 15 0 0 0 21 47 0 17 0 0 0 30 0 31 0 0 40 0 7 0 27 19 4 44 0 0 0 0 0 0 44 0 48 42 18 0 0 21 40 0 30 49 27 0 49 9 0 36 37 6 0 0 0 
0 0 11 0 0 18 0 41 13 41 17 0 0 0 0 0 0 5 33 9 7 33 44 0 16 20 50 20 41 33 49 0 12 21 36 39 0 4 0 0 0 17 0 34 0 27 17 0 0 0 0 0 0 0 20 18 0 39 29 0 0 0 0 11 0 42 31 0 0 0 34 
3 0 42 11 0 0 23 0 43 0 17 0 0 0 18 13 0 0 8 0 0 0 0 0 35 10 23 0 0 11 23 0 40 12 2 6 0 0 0 27 0 2 0 47 0 0 9 42 48 0 49 43 30 0 2 33 26 36 0 48 25 35 19 0 0 0 0 0 0 0 
0 8 46 0 0 0 46 0 0 3 0 0 0 0 29 0 0 39 32 10 44 0 44 30 0 0 7 0 0 31 0 12 0 21 0 16 35 20 33 29 11 0 0 0 0 5 21 17 0 22 41 0 10 0 24 45 8 0 34 0 23 0 21 10 26 8 40 0 0 
46 0 0 0 0 0 30 0 0 48 2 2 0 46 0 18 0 49 0 0 2 0 31 12 0 0 0 47 0 0 10 0 38 5 0 29 29 0 44 0 0 0 43 4 16 7 0 0 5 20 22 0 0 48 0 42 1 24 20 0 0 0 0 0 46 0 46 0 
6 37 0 25 30 31 0 0 0 0 0 40 12 19 3 34 44 14 13 0 47 29 45 25 0 11 45 0 0 20 29 20 0 0 49 0 45 30 23 11 18 25 0 28 36 37 0 17 7 0 0 7 0 0 45 27 21 49 21 17 13 5 0 11 23 0 13 
5 44 0 0 18 44 0 0 0 7 22 0 19 0 0 0 0 44 20 19 15 24 14 26 0 0 0 45 0 0 33 0 46 0 19 0 31 19 14 5 0 44 29 0 0 0 26 49 42 25 48 6 0 0 37 20 19 10 12 23 0 0 33 38 0 4 
29 38 0 0 27 0 32 0 2 0 0 17 0 26 0 49 45 11 49 0 0 19 0 0 8 47 47 0 24 22 0 0 5 47 0 32 32 0 26 43 1 0 7 0 23 34 38 36 21 50 22 29 12 12 44 0 0 0 31 26 24 2 33 47 0 
0 0 11 0 0 18 35 12 0 0 0 0 21 27 34 8 0 2 0 0 49 0 0 0 5 0 33 0 32 33 0 0 0 24 0 16 0 16 0 0 0 15 33 0 0 32 45 24 0 0 0 42 0 2 0 0 46 0 0 38 50 29 0 0 
0 0 1 37 0 38 0 0 0 0 0 8 43 46 0 27 0 0 18 29 0 18 7 38 6 0 4 0 0 22 0 5 14 6 25 33 11 0 7 0 0 11 0 43 42 0 16 9 0 0 0 7 44 43 15 7 16 32 46 39 0 0 11 
0 6 0 0 18 0 11 0 0 39 35 23 0 12 23 18 43 0 13 0 3 0 0 5 0 13 9 39 0 0 34 0 1 50 8 0 0 0 0 0 0 40 1 0 0 0 0 38 0 3 0 0 30 27 0 0 0 0 25 46 0 0 
39 0 42 0 28 9 0 33 0 0 0 44 9 0 0 0 0 0 28 0 23 26 12 35 6 0 6 14 21 0 39 7 0 17 0 43 0 43 0 49 0 34 0 0 41 0 44 23 4 28 0 0 0 0 31 0 41 47 0 0 47 
0 0 0 0 38 44 0 0 0 47 0 0 45 0 15 3 32 13 13 26 34 0 23 0 0 36 31 0 26 0 0 0 0 35 43 0 0 0 47 40 0 18 0 10 0 16 0 48 1 0 0 45 25 0 0 7 0 48 0 43 
0 0 0 0 0 0 0 0 0 0 0 17 49 0 39 33 24 0 19 9 15 26 42 0 20 14 0 0 0 15 0 0 16 11 38 0 0 0 19 38 41 0 0 12 41 15 36 0 19 0 30 0 0 0 35 0 28 0 47 
36 5 13 48 0 14 0 39 0 46 45 0 38 0 19 42 35 0 0 0 46 0 0 42 0 30 0 0 0 0 6 21 0 41 0 0 5 48 23 45 36 0 0 43 39 0 18 0 37 12 33 0 15 45 22 41 44 43 
0 28 0 0 0 0 26 0 0 0 0 0 29 33 0 0 9 20 24 2 10 0 0 50 40 14 0 0 0 36 3 22 0 0 0 40 0 0 29 0 0 0 43 0 0 24 6 0 38 0 0 0 4 24 35 0 0 
27 39 0 33 0 0 30 19 0 16 7 0 34 21 23 0 0 8 0 11 23 0 45 30 23 0 44 24 0 29 0 30 0 19 28 0 0 0 44 0 0 0 43 0 0 0 0 0 8 25 0 23 43 0 38 17 
0 12 14 4 0 30 0 23 42 0 0 0 2 0 20 49 0 0 0 27 19 24 0 0 20 31 38 25 0 47 0 12 19 0 48 0 0 47 0 12 0 0 24 7 0 15 17 0 0 2 15 42 0 12 0 
0 5 35 0 37 21 0 0 0 0 0 0 39 27 40 32 31 0 0 0 19 21 40 0 0 39 39 29 11 25 0 0 0 0 17 0 39 0 0 0 0 0 6 48 42 0 14 0 0 0 0 47 32 20 
40 3 29 42 0 21 49 37 4 10 31 0 23 5 27 31 38 0 50 50 18 0 0 0 0 0 0 0 0 41 0 0 46 15 7 6 11 0 0 18 14 0 47 0 0 0 1 14 0 0 9 0 0 
39 0 0 12 0 0 0 0 0 22 0 0 41 0 2 0 36 0 20 0 29 20 0 0 0 34 0 0 37 9 0 25 0 0 0 0 7 31 41 0 0 0 29 29 0 0 0 0 5 0 0 4 
0 0 19 33 39 46 0 27 48 0 0 21 30 26 22 37 32 21 27 0 36 13 44 22 0 0 0 45 0 0 11 16 49 0 0 6 24 0 32 0 0 18 5 0 45 11 42 12 0 0 15 
35 0 0 0 27 45 0 35 47 0 13 15 0 25 5 0 0 0 10 28 0 9 0 32 0 0 24 27 19 19 20 0 0 0 23 0 32 21 0 47 0 0 37 0 43 0 18 20 37 0 
15 11 37 33 9 0 37 0 0 0 48 47 0 20 36 25 0 36 0 0 0 19 0 45 0 4 0 35 45 0 0 28 0 0 0 0 34 0 0 5 27 23 38 18 23 23 42 45 45 
0 50 0 0 21 0 0 46 0 32 0 42 0 1 28 0 0 45 30 0 0 23 0 46 7 0 0 43 19 16 0 0 4 31 0 0 50 0 0 31 23 24 0 2 16 0 6 0 
0 0 0 18 15 0 0 0 34 0 0 32 0 44 23 0 42 0 0 0 0 24 20 29 5 42 0 0 20 0 26 16 27 42 0 38 0 0 5 20 0 33 0 36 0 0 0 
30 27 0 0 0 9 0 0 28 0 36 23 48 0 0 18 0 32 0 0 0 45 0 0 0 0 0 37 27 16 0 25 0 41 19 26 0 0 0 15 24 16 11 23 15 18 
0 50 5 41 0 11 0 0 0 0 43 0 0 0 0 0 31 43 22 0 27 0 48 30 46 39 0 42 13 11 45 0 24 0 0 17 34 45 0 25 13 32 15 0 0 
25 0 0 0 42 0 0 22 0 35 11 0 39 40 43 0 0 0 0 27 42 0 50 34 0 0 0 33 0 0 3 0 0 0 0 49 0 22 0 0 45 33 24 48 
44 1 35 0 0 21 44 0 2 35 37 0 0 44 0 0 26 0 2 0 0 0 0 0 0 17 49 0 0 0 0 0 9 0 0 50 0 0 0 0 15 46 0 
0 0 0 21 0 11 0 11 9 46 0 0 0 0 5 0 0 7 23 0 0 50 0 28 12 10 14 0 0 4 36 35 0 0 43 0 0 0 0 9 0 21 
38 4 0 24 0 0 7 20 0 43 0 27 25 16 4 3 44 0 41 0 33 0 0 0 0 0 0 0 27 0 43 0 0 33 29 0 0 1 5 46 0 
0 0 0 0 7 42 0 0 0 0 0 0 0 17 34 32 0 0 14 34 0 20 0 8 13 19 0 23 5 46 14 35 37 40 0 12 0 19 0 32 
27 4 47 10 26 0 40 0 26 46 14 37 0 0 0 0 4 0 50 0 0 16 0 0 0 33 0 0 24 0 0 20 0 27 0 0 0 1 34 
11 0 49 0 15 0 0 0 36 35 27 6 0 0 29 0 39 48 29 0 14 49 14 5 46 0 38 0 0 0 18 0 0 0 13 0 35 0 
31 0 0 0 39 3 4 18 0 17 5 28 0 26 44 4 0 0 48 12 47 0 0 39 47 0 20 16 50 37 0 0 13 41 31 0 0 
0 19 27 40 3 0 30 31 0 0 2 9 13 43 15 34 20 0 17 31 10 30 0 0 0 0 19 30 36 16 0 41 38 43 0 0 
49 37 0 45 0 14 18 0 0 0 0 0 0 0 28 0 0 41 19 50 0 0 50 5 0 0 43 0 5 37 46 0 0 19 0 
11 0 14 0 46 0 41 28 0 31 0 36 23 11 0 0 0 0 21 0 6 6 0 23 3 0 50 33 0 32 13 0 0 35 
0 0 1 29 0 19 15 0 0 18 15 48 25 0 48 0 18 0 39 26 0 0 0 0 0 10 21 0 38 7 47 50 0 
0 8 0 27 37 50 33 26 0 0 0 0 47 0 0 0 6 9 0 16 14 24 42 0 0 39 0 35 0 34 0 18 
0 0 0 48 50 26 25 0 9 0 0 0 0 0 11 6 15 0 37 21 0 42 24 0 12 39 0 15 0 9 14 
47 28 9 0 38 20 0 9 6 5 0 4 0 18 0 0 4 42 23 0 21 47 0 28 0 0 0 16 17 0 
0 31 0 31 0 23 0 0 41 0 0 0 26 0 0 29 0 0 18 3 0 0 0 0 6 34 0 0 16 
0 40 21 0 4 33 36 0 46 0 15 28 45 36 21 43 0 0 34 7 0 44 0 7 0 20 49 0 
41 19 31 0 21 34 0 0 30 17 0 0 0 30 19 0 0 0 0 0 47 14 0 0 36 49 0 
0 45 0 25 29 5 12 0 0 50 10 0 0 0 0 21 40 0 0 0 0 0 16 0 0 0 
0 36 18 2 35 27 21 0 0 23 0 0 0 21 23 11 38 32 26 0 0 25 39 0 0 
7 36 6 42 47 37 43 30 0 0 0 26 18 0 32 0 27 39 0 7 0 0 15 0 
5 0 9 0 0 3 0 0 0 3 3 0 36 29 46 0 21 0 45 48 0 7 28 
23 0 38 35 22 3 0 23 0 0 21 49 0 35 0 41 0 20 30 0 14 0 
0 18 0 0 19 0 22 0 9 0 49 0 0 48 0 48 0 0 27 0 24 
7 38 4 34 0 4 13 18 25 25 2 0 0 23 46 26 20 18 47 24 
38 0 0 37 48 0 50 0 20 17 0 0 29 39 0 42 0 8 0 
17 11 0 43 0 5 0 8 7 17 0 1 3 0 6 0 0 0 
0 18 14 0 0 0 0 0 34 36 1 0 23 0 50 38 0 
0 30 35 20 0 0 26 19 26 0 17 0 0 0 11 0 
0 22 0 38 35 47 49 39 0 10 0 26 50 18 11 
14 0 32 43 0 0 41 0 36 0 29 0 0 2 
0 6 37 5 0 2 41 0 37 1 26 16 0 
0 29 13 0 0 11 0 0 33 20 21 13 
45 2 19 0 39 5 27 0 0 0 0 
0 0 0 40 19 16 0 0 0 0 
39 26 0 0 0 0 0 36 43 
43 31 0 0 0 15 0 2 
40 33 0 0 19 29 15 
13 0 22 24 49 0 
0 0 0 19 26 
0 26 0 21 
33 0 1 
25 48 
36 

1 24
1 28
1 60
1 71
1 88
1 97
2 31
2 54
2 63
2 71
3 13
3 34
3 42
4 13
4 23
4 44
4 50
5 48
5 77
6 8
6 93
7 9
7 44
7 62
7 98
8 20
8 27
8 45
8 69
8 99
9 17
9 19
9 36
9 37
9 44
9 45
10 37
10 46
10 74
10 93
10 98
11 17
11 41
11 58
11 65
11 95
12 16
12 20
12 73
13 16
13 22
13 30
13 67
13 84
14 31
14 39
14 47
14 62
14 83
15 74
15 77
16 17
17 31
17 60
17 61
18 44
19 50
19 93
20 56
21 59
21 73
21 94
21 96
22 47
22 86
23 45
23 88
24 75
25 71
25 98
26 52
26 89
26 97
27 51
27 52
27 98
28 60
28 63
28 79
28 87
29 80
29 81
30 42
30 47
30 67
30 98
30 100
31 42
31 56
31 99
32 36
32 57
32 61
32 73
32 79
33 43
33 80
33 87
34 37
34 64
34 68
35 63
36 53
37 45
37 54
38 46
38 70
38 77
38 83
39 53
39 78
40 90
40 97
41 45
42 71
42 85
42 94
43 48
43 76
43 83
44 49
45 57
46 66
46 71
46 85
46 94
46 95
46 96
47 74
49 75
49 98
50 57
50 86
51 68
52 63
52 90
53 64
53 83
54 75
54 78
55 62
55 69
56 59
56 75
57 69
57 72
57 88
57 89
57 91
57 92
58 75
59 65
59 79
61 85
62 78
63 67
63 94
64 89
64 95
65 86
65 100
66 72
66 75
66 81
66 82
68 71
69 82
69 87
72 95
73 80
74 93
74 96
75 86
76 86
76 95
77 79
77 81
78 91
79 89
81 89
81 92
83 84
84 100
86 88
86 92
89 97
91 94
96 97
