100 198 1000

84 57 81 93 71 35 68 19 45 24
102 108 70 44 80 14 94 105 99 53
16 110 76 42 29 22 49 45 93 46
37 19 106 45 21 109 38 37 43 76
86 64 64 90 89 87 99 39 17 80
37 13 43 67 36 30 34 33 72 87
106 100 80 35 92 99 26 66 105 90
70 64 33 56 45 54 33 61 27 86
68 27 98 28 99 12 30 74 108 49
55 106 86 19 86 27 48 19 73 40

74 47 71 83 61 25 58 9 35 14
92 98 60 34 70 4 84 95 89 43
6 100 66 32 19 12 39 35 83 36
27 9 96 35 11 99 28 27 33 66
76 54 54 80 79 77 89 29 7 70
27 3 33 57 26 20 24 23 62 77
96 90 70 25 82 89 16 56 95 80
60 54 23 46 35 44 23 51 17 76
58 17 88 18 89 2 20 64 98 39
45 96 76 9 76 17 38 9 63 30

25 0 1 33 12 0 35 0 0 0 0 45 0 0 39 11 0 15 0 12 27 47 0 45 12 0 0 42 0 29 5 20 0 0 41 0 0 0 0 0 0 22 0 30 5 2 0 40 28 27 0 0 37 19 30 0 39 0 1 0 0 14 30 49 11 0 0 0 14 16 8 29 0 0 0 48 19 15 0 0 29 37 41 0 21 0 44 41 0 0 0 29 0 16 0 37 29 0 17 
0 0 0 21 8 0 0 13 34 0 10 19 20 0 0 0 47 0 35 0 0 39 0 6 0 0 0 0 0 46 29 19 0 0 28 0 26 30 17 45 0 0 0 0 0 0 0 0 0 4 50 0 0 48 0 0 37 7 38 0 19 50 0 22 42 37 0 0 1 5 0 0 12 38 0 0 0 0 0 0 44 0 29 31 25 34 0 0 0 0 9 0 0 0 48 0 0 0 
0 0 0 38 0 15 7 30 0 41 0 0 21 33 0 35 0 46 30 0 28 0 28 44 7 0 0 0 5 18 0 0 0 35 22 0 18 0 0 46 21 26 46 11 0 32 11 33 27 14 0 31 0 0 0 35 44 0 39 9 31 34 17 0 10 25 0 0 0 29 0 0 0 0 8 17 50 16 0 0 0 24 44 0 9 0 0 0 22 0 0 24 0 20 0 22 0 
0 0 0 0 0 33 39 0 0 30 0 21 0 0 1 45 33 0 0 4 0 44 0 0 48 0 0 10 18 0 41 10 0 0 0 0 36 1 0 0 50 0 26 6 17 0 0 0 15 23 30 2 0 7 0 5 46 0 14 31 26 28 2 0 7 11 48 1 13 24 0 0 19 50 4 6 0 0 0 31 0 0 0 0 49 49 0 42 0 34 30 0 12 45 33 38 
41 43 0 23 40 16 0 0 0 34 0 0 0 0 0 0 20 0 2 0 0 42 7 18 0 13 4 45 23 29 0 0 48 0 3 44 0 46 36 0 0 0 0 0 0 0 35 0 16 0 26 4 0 1 32 35 7 33 50 10 5 34 29 0 0 0 25 0 21 35 0 0 0 12 0 28 13 18 19 0 0 45 0 17 49 0 0 14 25 0 3 33 42 0 17 
0 4 12 0 36 0 29 23 17 35 39 0 0 0 24 0 0 5 0 0 0 46 36 40 0 2 12 46 33 14 13 28 0 4 4 24 21 0 0 0 37 0 0 22 17 0 0 0 0 12 0 5 36 37 0 0 17 0 0 0 0 33 23 24 33 2 0 32 0 47 6 0 46 0 48 18 20 0 0 0 0 23 19 12 0 46 10 31 0 25 0 0 39 32 
0 0 22 45 31 0 0 39 16 23 23 11 36 0 26 40 0 50 11 0 25 47 28 0 10 7 12 31 14 33 0 1 0 0 0 0 0 0 14 35 0 24 32 0 0 0 40 0 39 0 24 8 0 9 0 25 46 14 0 0 0 42 0 2 0 50 0 35 12 47 0 0 9 37 48 0 13 32 13 23 0 47 0 0 0 0 0 0 41 38 0 0 0 
14 29 5 37 0 25 0 0 35 23 0 0 0 0 0 26 33 0 0 0 12 0 0 4 0 0 0 8 0 31 42 21 0 4 42 0 11 16 0 49 6 50 0 0 25 12 47 27 0 30 0 10 29 0 0 20 50 0 5 0 0 50 9 0 43 0 0 0 20 44 13 0 22 0 48 14 0 30 0 27 7 0 0 43 0 42 46 0 27 25 42 0 
12 0 0 50 0 44 0 0 0 19 30 2 22 0 0 0 0 0 0 22 4 0 50 0 0 0 22 0 0 15 0 0 35 0 11 0 7 0 0 19 11 0 0 0 0 19 0 0 35 13 5 50 0 0 0 24 20 15 46 45 0 0 0 7 0 0 46 0 47 0 0 0 41 24 48 0 17 45 0 13 0 0 4 36 0 0 24 0 29 0 0 
23 0 0 27 24 0 0 0 7 34 0 42 6 0 0 44 41 13 36 41 0 0 0 21 0 31 48 46 0 0 0 24 25 25 0 7 0 0 7 0 41 13 28 0 13 0 29 0 39 0 0 0 31 48 21 0 34 0 21 25 37 0 0 27 0 10 31 0 0 25 38 41 3 0 43 39 46 39 30 40 48 31 11 0 40 9 17 37 29 1 
0 49 48 39 0 17 3 15 0 0 31 0 0 46 37 15 0 27 0 9 0 0 24 0 0 34 0 4 0 0 22 0 23 0 27 0 10 0 22 0 30 0 48 0 22 0 0 0 0 33 31 0 0 0 33 0 26 0 4 0 44 0 20 16 0 0 0 4 9 5 0 38 26 15 7 9 35 0 0 0 0 11 0 0 0 39 37 14 0 
0 0 32 0 33 4 0 0 21 0 29 19 0 0 0 0 0 12 31 11 47 0 0 0 14 0 0 0 0 22 2 39 0 0 0 0 0 36 0 0 4 0 0 21 6 44 0 10 46 0 34 0 0 23 32 44 38 0 5 0 0 16 0 18 0 7 19 33 0 0 47 0 6 0 0 0 0 0 10 0 40 0 38 0 20 44 0 14 
22 0 20 43 34 16 0 46 0 0 0 0 18 44 17 0 0 39 50 0 40 0 37 0 6 11 18 28 37 39 0 38 0 30 0 0 46 0 0 31 42 17 44 0 0 0 42 15 0 0 0 41 46 0 27 12 0 0 42 48 0 0 0 0 24 32 9 0 44 0 19 11 29 8 0 0 0 0 0 29 0 0 42 0 0 0 0 
21 20 34 24 13 0 0 0 9 0 0 4 34 45 0 0 0 0 0 7 0 7 23 0 0 0 22 0 3 0 31 11 20 0 33 0 46 14 32 0 17 0 39 0 0 0 0 41 10 0 0 43 0 0 0 0 0 36 0 24 0 0 13 27 0 0 37 32 0 0 41 0 0 0 0 0 26 46 0 0 0 30 16 3 41 42 
25 28 9 2 0 0 23 35 0 22 0 9 10 9 0 0 16 0 31 47 4 42 45 6 21 13 0 28 0 33 23 0 48 0 35 0 5 34 27 3 48 0 21 0 43 0 0 0 42 14 5 42 4 14 10 32 23 0 0 0 12 35 3 4 0 9 28 49 0 0 37 30 0 31 0 0 0 49 48 0 24 46 39 23 44 
14 39 0 0 26 0 1 0 46 13 0 0 10 45 0 0 26 13 0 45 0 5 0 0 0 12 0 0 0 24 0 0 2 39 0 10 19 0 36 0 9 25 11 17 41 0 0 23 0 18 44 0 9 0 0 49 17 0 23 0 0 23 0 0 14 43 0 0 0 9 0 0 49 0 29 0 7 0 0 15 0 0 48 10 
38 31 46 0 0 9 0 24 0 0 7 50 0 0 19 0 0 39 0 0 12 0 0 27 0 0 0 39 10 0 0 34 1 0 13 47 28 7 43 40 0 50 0 33 0 46 8 17 9 23 0 35 0 0 44 0 0 27 0 0 31 0 0 0 0 0 0 0 31 28 46 0 0 35 34 0 0 38 36 0 15 0 10 
43 0 0 50 0 0 0 0 25 37 0 21 0 26 8 0 11 0 44 13 35 0 0 42 16 0 14 12 11 38 11 1 12 43 28 26 22 27 41 19 24 12 25 0 0 0 0 28 0 19 34 32 0 0 0 30 0 13 0 0 0 0 31 4 41 0 0 1 33 0 0 0 1 0 36 49 30 0 0 0 19 2 
26 0 0 0 0 2 0 42 0 5 0 0 27 15 0 0 16 0 0 22 17 0 0 1 4 0 0 0 0 22 0 11 15 0 0 0 0 46 0 23 0 23 0 0 12 15 0 6 0 40 38 4 0 0 46 0 0 45 9 36 34 0 0 30 0 0 8 0 40 50 10 20 2 16 0 0 21 46 8 0 7 
0 0 0 49 7 0 0 0 0 0 0 0 0 0 0 41 0 42 0 4 0 24 0 0 47 0 0 36 12 0 49 1 0 4 31 6 0 6 0 36 18 0 15 0 36 0 0 0 13 1 0 48 3 0 26 39 0 25 39 38 17 0 4 0 0 15 0 0 11 35 35 12 0 0 0 41 0 18 0 37 
0 41 0 0 0 34 39 0 31 0 47 35 22 0 21 14 0 0 22 1 0 0 0 5 45 44 50 0 0 0 44 45 0 0 0 0 37 0 0 0 41 0 0 16 0 21 0 0 44 0 0 0 9 0 34 9 0 0 0 0 41 1 0 7 0 0 16 32 0 5 0 20 0 46 15 0 40 0 0 
0 0 0 24 3 20 0 0 0 6 0 8 33 0 45 0 0 0 47 32 0 25 0 40 0 49 5 12 5 0 0 33 11 0 0 4 33 0 0 34 30 0 0 0 0 0 23 41 37 37 0 0 42 4 0 34 50 29 42 30 46 0 0 42 0 0 0 0 0 50 30 33 0 22 5 0 0 0 
25 18 0 0 0 0 44 36 0 35 7 0 0 17 0 22 0 42 5 0 0 14 45 0 0 42 0 0 15 16 0 47 44 0 3 21 34 7 0 0 28 0 39 0 0 0 0 46 0 42 0 0 0 8 28 25 0 0 17 0 50 15 28 0 31 0 0 0 49 0 27 0 0 0 35 0 0 
6 20 34 16 16 0 0 0 22 0 31 0 7 35 23 38 32 0 0 38 0 36 0 0 14 8 38 14 50 47 18 0 14 2 3 47 38 21 0 0 44 2 16 32 18 0 0 21 0 8 21 5 0 0 31 39 44 0 33 35 0 22 0 48 29 0 0 0 9 49 23 0 0 0 36 0 
28 0 0 34 34 0 13 39 28 6 0 22 44 9 22 10 2 0 0 0 19 6 21 8 0 0 45 3 0 20 0 44 2 50 17 46 43 0 47 0 0 0 8 22 37 4 0 3 0 0 32 38 46 0 23 0 28 0 4 4 0 0 0 21 0 39 0 0 0 46 31 0 15 25 50 
9 0 0 37 0 0 0 0 0 41 24 20 0 0 6 0 0 0 0 0 0 0 6 35 18 0 0 0 20 13 41 0 32 35 0 0 0 47 50 12 11 0 27 0 48 20 0 1 40 0 39 0 21 0 44 0 0 4 44 0 15 47 0 37 36 0 38 36 29 0 40 0 0 0 
6 11 49 23 49 36 0 0 29 38 35 0 8 0 2 48 36 27 0 27 28 50 0 2 46 34 0 28 0 0 0 0 33 45 0 0 0 0 12 0 0 0 37 34 0 0 0 0 42 0 3 0 32 26 0 43 35 44 0 0 10 22 0 2 0 25 0 30 9 0 0 28 0 
11 0 0 0 0 0 43 0 0 0 4 25 30 0 25 1 28 0 6 0 0 0 0 0 0 0 40 0 0 32 23 28 8 0 44 0 43 0 25 36 46 0 0 0 32 0 38 42 0 7 0 29 27 43 0 0 44 0 13 0 42 44 3 0 0 0 0 0 0 2 8 6 
0 10 38 50 0 0 42 0 0 22 0 4 10 33 0 32 1 22 4 24 8 10 39 0 31 17 11 43 0 38 0 0 41 50 19 0 0 7 29 0 31 40 0 0 0 26 32 34 13 25 0 5 0 48 3 19 12 0 0 0 0 26 0 0 14 0 8 0 0 0 0 
0 0 0 0 49 13 0 0 24 0 0 0 44 10 47 40 48 0 31 18 0 28 0 0 38 33 0 0 0 24 0 48 0 5 49 35 13 28 0 38 5 33 0 18 14 30 26 0 0 0 0 26 0 0 0 0 3 7 0 3 0 30 0 48 0 20 5 23 0 29 
9 5 35 48 0 11 19 0 0 0 14 5 0 0 28 0 4 38 25 0 0 0 0 49 3 35 14 0 0 8 0 37 38 34 14 9 0 35 14 30 0 0 0 0 0 0 2 32 0 17 0 15 21 0 35 0 31 0 37 0 26 34 0 33 35 3 5 0 0 
47 25 49 0 44 24 21 18 0 0 0 23 49 0 0 0 47 0 0 0 35 0 50 0 22 21 0 2 0 27 19 4 5 16 0 0 6 0 21 38 25 0 16 45 0 14 0 0 34 25 43 33 23 0 27 0 36 0 17 0 7 0 47 0 1 18 0 0 
1 0 26 28 19 0 36 2 0 0 38 31 1 32 0 0 17 25 0 47 0 12 0 40 16 0 0 0 30 3 14 43 6 34 16 0 0 49 0 0 33 0 0 35 0 32 0 14 0 8 35 0 0 0 36 42 16 0 40 24 0 8 0 2 10 26 0 
0 37 0 20 0 41 19 43 0 0 43 0 48 39 21 18 17 31 0 8 8 0 0 0 1 5 0 16 15 9 0 0 0 30 50 21 6 40 37 40 0 45 0 0 0 22 7 20 0 16 19 0 13 0 30 3 0 41 7 42 33 0 24 49 37 27 
0 0 9 11 46 0 49 28 49 0 0 38 0 39 0 4 0 38 0 0 0 0 0 0 35 38 0 48 0 33 0 0 24 34 31 23 47 0 0 10 4 2 0 46 40 39 25 29 26 15 0 0 39 0 5 23 0 20 4 5 0 21 0 2 0 
42 0 28 13 34 9 28 27 23 45 0 0 12 0 17 25 23 25 42 8 0 1 13 0 0 0 4 0 0 0 36 5 0 9 32 0 0 21 0 20 26 12 0 0 0 47 0 0 0 39 50 37 17 33 20 3 0 0 1 0 33 48 0 0 
0 34 46 4 0 41 41 0 0 0 49 0 48 45 29 40 0 5 23 6 1 25 6 0 11 0 1 6 30 0 0 0 0 13 12 0 12 4 20 48 17 0 14 0 0 41 5 8 29 0 16 6 0 0 0 24 21 37 19 16 0 0 30 
31 0 0 48 0 47 26 0 0 2 0 0 31 21 0 0 44 0 8 0 10 0 0 0 0 44 32 0 0 0 0 0 24 47 0 0 0 0 39 46 15 0 28 6 0 0 0 33 0 30 35 33 0 0 0 0 16 11 0 0 37 0 
26 33 7 0 0 8 42 0 0 43 0 1 18 0 4 10 0 29 13 24 0 29 0 0 0 0 45 23 2 0 0 0 45 0 0 0 0 4 2 0 2 43 33 6 0 0 49 28 23 0 0 17 0 21 0 5 4 16 9 4 26 
43 0 0 39 37 0 16 0 0 4 0 0 0 0 0 20 33 34 0 3 0 29 0 0 0 0 0 44 3 0 1 0 0 32 0 0 36 0 26 5 0 25 0 0 26 0 0 29 0 46 7 0 40 47 35 0 0 3 11 0 
14 43 15 20 0 0 0 42 3 0 0 44 36 36 0 0 0 3 18 10 0 39 37 0 0 3 0 0 0 38 27 0 0 0 25 0 30 8 30 0 12 31 6 5 12 0 31 9 0 6 0 46 0 0 18 37 23 35 0 
13 0 44 7 0 41 6 26 0 0 42 35 13 39 0 0 12 0 49 46 23 41 7 0 33 9 0 20 14 0 35 0 42 28 26 0 6 0 0 0 37 0 0 8 0 0 0 3 0 49 18 0 30 22 33 30 1 32 
0 1 0 0 5 11 0 34 0 13 0 0 24 32 0 0 0 13 49 0 0 0 0 0 3 37 0 0 0 0 0 35 0 38 0 0 0 23 14 41 20 0 0 48 42 3 0 0 0 0 0 0 9 23 0 4 27 
6 4 0 48 0 0 0 2 0 33 0 12 1 8 14 39 0 0 0 10 22 0 24 0 0 41 25 0 23 14 0 31 0 26 13 25 44 0 0 10 20 0 0 0 43 0 0 29 0 32 0 36 0 15 45 0 
22 3 0 1 0 37 0 34 45 0 0 0 0 49 15 42 9 0 0 32 0 21 0 20 0 0 41 0 39 0 0 0 0 40 25 0 0 32 28 43 23 0 49 36 0 48 0 49 19 15 24 0 5 0 0 
0 0 18 0 24 34 11 0 42 38 40 0 44 0 0 0 4 42 0 27 14 0 21 0 0 0 0 0 0 18 0 0 2 20 26 13 0 0 33 37 0 0 7 3 0 36 33 21 26 0 10 0 3 0 
33 0 18 0 0 0 0 36 0 35 6 26 32 28 28 6 0 19 41 47 0 0 6 16 0 19 1 44 0 0 0 0 7 38 0 0 0 27 0 13 15 0 14 0 37 38 22 29 41 0 0 0 16 
32 0 8 0 0 12 36 0 0 0 12 39 40 0 21 0 0 41 39 21 0 49 0 41 29 0 0 0 12 0 12 0 0 0 0 0 24 12 0 0 0 0 0 0 48 0 8 4 32 0 0 0 
29 0 0 48 0 49 0 42 0 38 0 0 7 0 0 6 19 16 38 2 0 0 11 0 49 0 16 0 1 0 0 0 50 12 0 5 49 0 13 49 0 21 4 39 6 0 0 0 32 0 14 
0 0 4 49 6 24 0 12 14 24 0 44 0 36 24 0 35 18 41 0 0 8 46 0 0 14 0 0 44 38 35 15 0 0 6 0 0 0 0 24 0 29 0 0 0 0 0 0 28 12 
40 0 0 0 38 0 0 0 10 15 0 0 0 0 0 18 26 0 33 0 0 8 38 16 47 21 0 0 16 0 0 0 18 11 50 47 27 0 0 16 20 0 0 0 0 14 45 0 0 
0 19 46 34 2 0 24 1 0 39 18 7 0 0 0 18 34 28 35 0 3 0 36 0 14 0 27 20 42 0 31 3 29 42 0 0 35 0 8 46 0 0 49 47 0 14 45 21 
22 0 0 43 18 0 50 7 0 48 3 0 0 31 18 23 0 32 0 32 33 35 0 14 0 9 6 0 0 34 17 29 0 7 0 5 25 0 34 0 0 14 0 11 34 0 17 
9 0 17 12 2 44 2 5 37 16 0 20 43 23 0 43 0 11 20 18 32 0 10 47 0 42 0 0 0 0 50 0 0 16 42 37 0 46 0 4 0 27 36 0 0 0 
0 0 0 0 49 12 11 27 0 0 0 4 0 5 0 8 2 2 37 0 0 21 13 0 41 0 39 0 28 0 0 0 0 0 29 0 0 48 0 0 0 0 30 26 0 
36 0 27 44 29 0 49 0 0 0 26 0 28 41 0 0 0 41 0 24 0 0 33 0 0 8 0 0 26 0 0 0 0 14 0 42 0 0 0 0 16 12 0 0 
0 4 0 0 38 50 27 0 25 0 14 0 48 0 7 2 23 0 37 2 36 14 34 0 0 0 0 0 33 45 48 0 44 8 7 11 0 0 0 0 42 27 0 
0 0 18 34 0 38 0 32 26 23 0 27 0 19 0 0 4 0 4 0 22 0 21 0 9 39 31 0 0 0 0 14 0 0 0 50 0 0 29 0 0 24 
0 21 0 39 18 28 8 1 0 0 0 0 28 25 0 46 0 15 0 29 16 35 35 8 0 50 14 0 10 40 44 19 0 30 46 0 0 30 4 39 0 
0 31 27 29 14 1 0 0 31 0 27 0 0 26 0 0 0 24 0 43 0 0 0 35 0 0 0 0 0 0 5 0 2 0 16 0 0 0 30 9 
26 25 0 5 15 27 0 0 47 19 0 0 21 0 17 0 0 0 45 29 33 0 40 41 50 42 0 49 27 0 41 23 0 46 0 0 42 0 0 
0 43 10 0 48 12 42 0 43 46 38 41 0 0 0 41 0 0 0 14 29 8 23 0 27 0 0 0 47 14 41 0 0 19 6 9 20 0 
20 3 24 0 0 8 0 31 0 0 0 5 7 15 21 31 44 0 0 5 30 9 50 0 40 48 27 0 19 22 48 0 0 0 0 44 10 
23 30 0 11 0 0 31 36 0 0 5 26 0 0 18 9 39 21 6 0 0 27 48 0 4 0 0 7 0 17 41 0 0 0 0 0 
30 8 48 18 24 3 23 0 37 0 11 0 0 0 5 22 43 50 0 23 0 42 0 0 0 12 0 36 14 0 13 27 10 0 0 
4 0 21 0 23 13 0 33 13 0 0 23 4 14 0 10 15 44 38 0 0 0 19 0 20 0 0 14 0 41 4 10 0 34 
1 0 0 40 37 6 40 38 16 25 6 31 0 9 49 27 0 0 0 45 10 27 0 0 0 0 42 0 3 4 28 7 22 
0 0 37 2 44 49 0 31 0 44 0 31 36 0 0 0 0 48 28 45 31 37 23 0 31 22 37 24 44 23 12 33 
0 0 0 0 37 1 0 0 22 0 0 0 0 0 40 39 20 0 8 0 0 31 17 0 23 0 13 18 0 30 37 
0 11 32 0 3 25 17 0 13 22 8 19 2 11 0 47 0 0 22 0 2 42 17 0 11 0 49 0 2 0 
24 12 0 0 46 0 0 0 0 0 0 0 0 12 0 0 42 0 49 14 0 0 5 0 0 0 10 2 0 
0 47 0 20 0 36 0 50 19 10 14 21 16 33 50 32 0 0 7 20 0 1 0 0 46 0 0 9 
34 0 0 15 8 21 46 0 3 12 0 29 6 0 0 0 13 0 0 27 0 9 36 0 37 0 0 
0 0 0 0 34 6 37 1 0 25 0 0 0 0 31 44 37 0 0 0 0 0 0 0 44 0 
0 0 5 19 30 20 38 9 0 0 7 26 46 50 2 48 3 0 11 0 0 0 0 26 41 
0 27 27 0 48 2 6 15 0 23 25 0 0 0 23 28 20 0 0 22 0 0 30 38 
14 43 0 0 23 16 23 18 0 0 0 0 23 10 0 17 2 50 2 43 6 20 0 
0 45 1 32 0 46 22 40 0 49 26 0 0 2 0 0 0 0 0 25 3 34 
35 0 0 3 0 0 17 34 28 0 14 2 5 0 22 0 0 0 0 2 33 
4 21 0 27 9 3 34 15 0 30 0 0 0 38 33 43 43 5 14 15 
17 38 0 36 49 7 0 0 31 0 0 0 24 0 15 43 32 3 26 
28 0 0 6 0 6 45 3 8 34 4 44 40 47 0 0 0 0 
44 29 0 0 0 1 0 3 33 29 30 41 18 5 0 45 0 
32 19 0 0 16 0 0 0 21 0 0 12 31 0 8 7 
34 17 0 41 28 0 42 0 28 19 0 17 0 1 6 
0 0 49 10 4 46 0 16 47 0 0 0 34 41 
0 21 0 0 0 0 16 45 2 6 0 43 0 
0 48 16 21 0 46 0 0 16 1 0 34 
2 45 26 32 8 0 0 9 0 0 0 
45 44 0 41 0 0 19 0 0 5 
0 19 42 0 12 0 48 19 30 
18 38 47 0 8 0 0 11 
0 0 34 36 22 2 0 
0 24 11 27 0 0 
0 0 33 0 0 
0 0 0 0 
0 12 0 
16 0 
0 

1 9
1 75
1 90
1 96
2 16
2 50
2 98
3 6
3 31
3 87
3 100
4 43
4 82
5 8
5 18
5 53
5 69
5 70
5 73
5 88
6 46
7 9
7 27
8 31
8 62
9 25
9 28
9 41
9 53
9 54
9 62
9 63
9 85
9 88
9 94
10 21
10 45
11 35
11 43
11 90
12 19
12 27
12 29
12 82
12 96
13 35
13 63
13 83
13 95
13 97
14 24
14 35
14 44
14 48
15 33
15 59
15 90
16 44
16 54
16 68
16 84
16 94
16 97
17 26
17 37
17 70
18 20
18 88
18 96
19 22
19 26
19 53
19 85
20 22
20 23
20 39
20 64
20 97
21 22
22 25
22 33
22 36
22 47
22 56
22 91
23 27
23 57
23 75
23 87
24 43
24 78
24 100
25 36
26 32
26 45
26 86
28 38
28 48
28 50
28 51
28 70
28 71
28 88
29 44
29 80
29 87
29 88
29 98
30 95
31 45
31 73
32 59
32 74
32 80
32 90
32 94
33 82
34 37
34 96
35 62
35 73
35 86
36 57
36 72
36 73
36 83
36 85
36 99
37 54
37 73
37 79
40 48
40 49
40 59
40 64
40 70
40 100
42 69
43 72
43 76
43 91
43 92
44 68
44 75
45 75
46 50
46 72
46 96
47 69
47 98
48 82
48 89
48 99
48 100
49 51
49 52
49 73
50 52
50 93
50 94
51 90
52 58
53 70
55 58
55 95
56 77
57 58
57 61
57 75
58 74
58 93
59 60
59 78
60 75
60 77
60 83
60 94
61 83
66 73
69 81
69 87
70 96
71 96
72 73
72 89
72 95
72 96
73 81
73 92
74 86
76 88
79 89
82 84
82 87
86 88
87 90
92 99
94 95
