100 198 1000

95 104 36 16 58 26 31 102 32 59
105 47 53 67 55 25 65 56 62 32
19 101 11 69 32 77 104 108 48 17
84 54 25 44 92 76 77 104 94 103
109 43 43 41 92 38 82 110 84 27
48 84 66 30 55 29 105 104 39 106
109 107 87 26 107 18 29 49 52 17
17 79 32 47 80 41 108 36 110 97
55 82 77 23 82 91 105 53 23 68
58 13 97 74 33 46 39 34 84 99

85 94 26 6 48 16 21 92 22 49
95 37 43 57 45 15 55 46 52 22
9 91 1 59 22 67 94 98 38 7
74 44 15 34 82 66 67 94 84 93
99 33 33 31 82 28 72 100 74 17
38 74 56 20 45 19 95 94 29 96
99 97 77 16 97 8 19 39 42 7
7 69 22 37 70 31 98 26 100 87
45 72 67 13 72 81 95 43 13 58
48 3 87 64 23 36 29 24 74 89

40 0 4 42 17 0 46 0 0 46 3 0 0 16 24 24 0 8 0 11 40 50 0 0 0 39 0 1 15 16 28 39 0 0 36 25 0 0 0 0 0 0 31 29 8 0 35 15 0 36 42 36 0 36 0 39 36 0 12 0 9 0 13 0 38 31 0 14 0 17 0 0 0 18 0 19 0 0 11 0 14 0 0 0 30 0 49 2 44 50 49 0 0 37 0 24 48 42 0 
0 0 10 0 0 22 10 16 0 0 19 48 13 0 8 6 4 0 0 0 28 0 37 0 46 7 0 0 0 11 0 16 0 9 41 45 0 43 0 12 0 0 19 0 20 0 34 34 23 0 0 10 18 0 0 0 0 0 33 27 8 9 20 7 0 0 48 0 30 0 19 0 0 11 0 0 0 0 0 0 0 0 30 0 4 39 41 0 0 0 0 0 0 0 0 0 43 0 
0 48 0 47 0 16 0 0 9 38 0 0 4 26 0 46 0 49 25 0 31 0 15 37 38 40 0 0 0 15 0 0 32 14 0 10 0 43 0 0 46 9 27 0 0 0 36 12 0 9 8 10 0 18 40 48 35 0 0 26 26 41 12 0 0 44 21 0 0 0 17 0 0 21 0 0 0 49 2 37 0 0 0 22 6 22 0 0 0 0 0 0 0 0 25 0 30 
0 0 0 0 0 16 32 0 2 0 0 14 0 4 0 0 2 22 4 0 0 43 0 50 0 27 50 0 27 5 20 0 2 13 0 41 0 0 0 0 25 0 0 31 18 25 0 33 0 38 41 0 5 16 0 20 0 15 0 10 29 11 35 22 46 38 0 14 24 43 22 6 0 7 25 39 0 2 0 0 0 10 0 7 0 0 3 37 43 43 0 14 33 0 14 37 
16 2 0 22 37 0 0 0 0 27 40 0 0 0 0 0 0 38 5 0 34 29 48 27 0 48 9 0 40 32 11 0 29 0 0 41 38 15 0 10 0 0 0 3 13 0 20 23 0 3 23 9 27 32 47 8 40 0 0 31 10 0 0 0 8 0 0 0 40 0 0 39 2 43 0 45 14 45 10 10 36 14 43 50 0 0 44 0 0 4 36 0 0 0 36 
0 23 19 0 47 0 44 40 4 12 2 0 0 0 45 0 0 10 0 0 0 45 47 21 0 0 0 21 36 0 42 0 16 15 31 27 24 0 3 0 26 9 13 43 0 0 0 0 33 0 36 16 9 0 0 0 0 0 0 0 47 12 4 11 0 0 28 17 19 26 0 5 45 0 35 3 0 47 21 46 0 46 42 15 28 15 41 0 27 0 0 8 42 0 
0 0 31 14 14 15 0 6 17 22 0 0 13 0 0 0 11 0 8 1 30 0 0 0 0 10 0 10 0 50 40 46 0 0 0 0 0 0 3 26 0 9 7 0 32 0 0 0 32 49 25 35 0 0 0 0 3 47 38 0 0 0 0 0 31 43 28 44 0 38 30 17 0 30 7 0 0 15 20 26 4 0 47 0 0 0 46 21 0 1 7 0 0 
13 0 38 38 0 36 0 0 0 0 0 0 20 0 0 9 22 0 5 0 27 38 3 45 0 0 27 0 0 18 0 34 0 31 13 46 0 39 2 0 0 37 30 0 0 27 16 12 0 19 29 5 0 0 0 39 0 0 16 48 0 0 0 0 0 47 21 20 0 25 44 42 33 14 11 37 0 0 0 0 8 32 0 32 46 0 49 0 0 46 9 0 
35 0 0 25 44 27 0 0 0 8 0 37 47 26 0 0 0 44 12 0 15 0 0 14 0 37 0 0 0 14 0 0 0 37 38 0 2 36 0 28 40 44 49 35 8 42 26 0 48 34 42 29 43 0 13 17 13 0 0 42 0 0 16 0 0 0 9 33 18 29 45 2 46 0 21 0 0 40 14 20 0 0 0 45 15 48 29 1 14 2 4 
30 0 18 38 0 7 11 0 22 21 17 19 0 21 47 0 46 16 9 12 14 0 0 0 0 0 0 31 20 18 3 45 0 0 31 0 33 13 10 38 0 0 23 0 12 0 16 20 0 1 50 30 14 41 16 7 37 0 0 24 46 8 0 20 37 0 38 34 0 28 11 0 0 26 48 0 49 50 19 0 13 0 0 7 0 34 2 36 0 0 
29 50 0 0 0 30 0 0 6 29 32 26 2 11 0 14 38 0 34 0 28 38 13 0 33 49 35 1 6 26 13 0 50 39 42 7 39 2 0 38 0 31 15 0 27 0 0 34 0 40 0 40 0 18 0 0 47 0 0 0 0 4 0 3 12 39 0 0 18 20 29 0 0 0 0 22 0 27 0 48 0 48 41 0 0 0 0 0 0 
14 0 21 0 30 0 0 0 0 0 48 30 17 13 46 0 22 5 0 0 0 0 27 5 9 0 40 0 0 0 0 14 11 0 33 31 42 0 40 29 33 0 11 50 41 0 0 0 11 2 25 0 0 32 25 0 9 0 0 0 0 37 42 0 0 0 30 0 0 0 16 44 9 0 34 0 45 26 39 28 7 0 0 44 0 7 24 0 
47 48 0 0 29 0 0 0 0 0 0 2 43 0 44 0 0 14 19 36 0 0 0 42 33 34 0 47 16 0 12 0 0 0 26 0 33 0 0 0 29 12 3 0 0 0 0 0 41 2 28 22 19 0 0 0 0 0 33 0 0 34 40 32 37 21 0 0 0 18 0 0 46 19 12 46 0 21 0 0 21 0 0 0 0 0 3 
4 0 5 27 10 0 21 0 0 0 44 0 25 0 45 6 32 0 0 34 8 0 44 0 44 0 37 0 38 34 20 10 0 0 0 33 0 0 0 20 0 18 0 37 0 29 44 24 49 0 6 22 0 0 45 0 0 0 0 0 0 49 0 0 10 15 34 9 0 0 36 17 11 27 0 0 0 0 0 0 0 15 0 16 0 37 
26 15 14 49 5 0 24 10 46 35 8 6 0 16 32 22 0 21 16 44 0 41 30 0 10 0 17 23 50 16 0 0 0 7 20 0 0 0 0 42 0 14 0 0 50 0 0 18 0 27 44 27 0 23 3 39 8 0 0 0 0 46 48 0 0 40 0 2 22 0 48 0 0 0 0 11 10 32 0 0 21 0 50 36 17 
0 0 0 32 5 0 28 15 31 16 7 11 0 0 0 22 0 44 45 0 46 0 13 0 25 39 6 0 44 11 33 11 15 0 0 0 12 39 35 0 0 0 4 2 0 30 0 2 0 0 0 46 0 0 0 6 14 0 16 9 35 22 0 0 0 22 0 6 0 2 50 35 0 0 0 20 46 2 13 2 0 0 41 47 
1 28 0 0 7 0 21 19 24 0 38 0 0 0 30 13 0 0 0 37 31 32 7 28 18 6 31 4 29 37 0 45 48 0 0 10 1 50 0 27 0 0 0 0 2 0 11 30 30 26 27 8 41 0 0 0 0 4 39 0 18 19 0 0 13 0 37 0 20 0 0 0 0 38 0 0 0 27 25 12 8 0 25 
22 16 26 0 20 0 0 0 38 0 28 46 0 1 0 0 46 49 47 2 12 32 39 37 25 0 3 0 0 13 2 28 29 0 41 0 23 30 0 32 15 25 0 0 0 29 0 27 0 40 0 0 41 11 0 11 2 2 29 32 0 0 0 0 0 42 9 50 0 0 0 0 2 0 45 24 13 33 0 17 4 31 
0 0 14 0 20 19 0 0 0 26 13 0 32 18 0 0 0 0 0 0 26 33 0 0 17 21 0 36 0 23 41 0 16 26 0 7 0 0 8 2 6 0 0 5 0 34 11 41 31 1 0 0 0 5 49 0 6 38 42 49 0 31 45 0 0 23 0 33 0 29 15 23 41 39 39 0 24 0 41 24 0 
0 0 15 0 32 0 24 0 0 0 28 0 0 0 0 0 12 1 0 45 3 47 0 47 0 27 0 0 27 39 0 0 15 9 0 0 5 0 38 0 0 0 0 0 33 25 7 0 0 0 0 27 0 0 0 16 40 0 0 0 0 0 25 3 0 12 0 32 0 48 0 0 0 0 10 0 16 43 0 0 
0 0 42 11 0 31 0 0 44 0 32 16 15 35 0 0 47 0 0 0 10 0 0 0 0 0 35 0 0 38 21 36 0 0 14 0 2 16 0 0 42 17 24 19 0 0 49 19 0 37 29 0 46 0 17 0 19 16 31 0 26 18 0 0 37 4 7 0 3 42 0 25 35 25 6 0 35 0 0 
0 0 38 31 0 0 26 0 0 0 19 0 0 28 0 0 18 30 0 3 17 0 0 0 0 38 0 49 0 16 26 0 0 33 4 31 22 30 0 13 0 27 20 0 6 0 24 0 0 0 13 0 9 0 0 17 0 0 0 0 21 0 0 0 0 0 12 12 0 0 0 42 0 3 24 18 23 38 
16 0 0 40 49 38 17 23 0 30 2 20 6 46 12 49 45 0 14 0 28 0 12 15 0 21 0 2 8 1 0 0 37 44 40 2 0 8 0 22 0 0 32 17 30 0 0 15 0 0 0 0 6 0 45 0 0 0 30 19 49 20 13 13 48 0 0 0 40 0 0 0 0 0 0 41 22 
0 0 0 47 25 0 19 0 29 7 0 3 20 10 34 23 0 10 0 45 48 0 32 8 0 0 0 0 47 12 39 6 7 0 0 0 49 0 8 20 0 21 39 0 0 0 40 0 30 0 0 0 0 27 18 6 0 0 0 0 2 15 8 0 0 30 0 0 0 40 28 47 1 0 37 0 
43 48 0 41 11 24 34 0 0 39 40 25 45 0 0 3 0 0 10 26 0 0 0 0 34 31 0 38 0 0 0 49 41 25 0 9 0 0 50 0 14 0 35 0 0 23 0 0 0 0 23 0 43 0 48 1 17 0 19 0 31 0 7 50 41 0 0 11 2 41 18 30 0 24 0 
0 0 17 10 6 43 9 0 0 30 0 1 0 0 31 36 20 0 0 0 0 0 0 42 0 47 1 0 47 4 10 37 11 48 1 0 0 0 19 0 0 0 0 0 29 47 0 14 37 45 6 0 40 30 37 0 0 41 43 0 0 0 32 14 0 48 0 0 6 36 47 0 0 18 
21 10 30 0 44 39 0 23 32 0 16 41 35 0 21 15 0 6 24 0 1 33 48 43 0 0 30 0 0 0 0 25 0 20 34 14 7 26 0 38 0 0 0 31 0 29 0 42 0 0 4 47 0 17 31 0 10 0 39 0 0 0 0 47 30 6 0 27 0 8 0 3 0 
0 46 22 0 35 43 36 22 48 8 0 0 0 41 0 0 0 21 11 47 0 0 0 5 0 16 13 0 10 41 16 0 0 0 0 22 34 45 0 43 23 42 0 30 23 0 43 0 23 20 0 0 0 0 28 40 19 0 0 2 35 11 38 0 0 0 2 19 50 11 39 19 
33 41 0 11 14 0 15 37 0 0 19 3 0 16 0 25 0 0 23 41 9 0 36 45 0 16 24 18 0 0 27 47 20 29 50 33 0 0 20 6 24 15 0 36 39 0 0 3 0 0 0 8 7 0 0 0 21 0 31 16 0 29 31 0 0 4 0 0 20 0 0 
0 0 38 0 0 0 3 8 5 0 37 0 0 0 28 0 0 0 6 13 36 29 13 38 0 6 0 0 44 37 39 0 44 50 0 0 2 5 0 0 30 16 0 39 0 49 0 2 50 0 29 0 0 48 22 0 0 30 0 10 0 23 0 49 25 0 0 0 0 0 
34 0 0 0 0 50 42 47 42 0 49 42 25 43 27 6 29 37 16 24 50 0 14 0 0 2 23 16 0 35 0 14 0 47 0 4 27 0 45 0 15 17 3 47 3 33 35 0 1 12 45 38 0 0 48 25 6 10 0 28 29 3 0 8 44 0 20 37 49 
0 0 0 45 33 33 0 45 45 18 0 44 0 14 0 46 0 0 0 33 0 21 0 14 27 0 0 7 0 6 30 1 0 27 0 0 33 0 50 9 24 8 39 0 0 21 23 22 0 28 0 8 6 26 6 22 0 0 0 0 10 0 0 16 0 27 0 2 
0 37 0 31 10 29 0 15 41 0 0 24 40 43 13 8 0 38 35 28 43 0 49 0 0 31 47 0 0 34 49 0 0 9 0 0 41 16 0 15 46 0 42 0 4 0 0 0 0 1 0 9 0 0 27 0 11 29 9 31 0 0 37 43 45 49 0 
0 32 39 0 0 0 0 22 28 15 14 0 0 0 0 0 0 0 44 45 0 0 24 8 0 36 11 0 36 0 13 48 0 0 29 0 0 0 0 25 18 0 37 30 41 1 40 39 10 5 0 0 0 28 0 36 13 0 0 0 8 44 15 0 12 0 
21 10 22 28 0 0 0 0 48 1 4 7 0 50 0 9 3 15 9 50 0 0 0 46 14 0 13 35 42 44 9 0 43 19 12 16 10 23 4 0 9 25 0 0 0 0 14 22 33 0 28 13 16 22 16 0 7 0 0 0 0 42 21 9 26 
35 0 43 0 39 0 0 0 42 36 30 0 0 37 0 0 48 50 49 5 0 0 36 23 0 0 0 0 0 0 27 20 4 44 13 10 13 24 0 0 0 9 29 32 0 10 41 0 0 10 0 32 0 14 45 0 32 14 8 0 14 0 0 3 
37 0 41 0 15 0 48 48 0 0 0 0 0 0 8 3 1 18 0 33 12 0 7 18 14 19 0 0 23 0 23 0 20 20 1 35 13 5 0 0 0 35 27 0 6 28 0 7 8 40 0 0 28 37 19 41 0 42 42 41 45 43 0 
0 0 47 3 0 0 43 0 32 17 31 15 32 0 23 0 43 39 3 0 15 46 0 0 7 0 5 5 0 2 0 0 0 0 40 27 0 0 0 0 32 36 0 0 10 0 34 0 0 0 0 42 14 33 0 0 0 0 19 36 0 0 
0 50 0 19 28 7 43 29 49 0 0 0 0 8 25 0 0 0 48 0 0 32 40 49 6 3 0 30 35 29 0 3 0 0 0 1 0 0 0 9 0 50 30 0 0 17 0 35 40 32 39 0 0 0 33 20 0 35 44 0 0 
26 7 36 0 0 0 0 2 45 9 0 0 31 0 0 37 0 3 3 30 46 8 39 13 0 0 29 0 32 0 0 19 22 29 27 0 43 0 0 0 0 32 44 46 37 0 9 0 0 0 0 47 0 38 28 0 0 8 12 19 
11 0 0 7 0 0 0 17 2 0 11 21 23 0 0 5 46 0 0 13 25 4 32 0 20 44 0 41 0 11 0 0 44 9 14 9 0 0 41 0 35 0 31 48 35 0 0 28 41 29 34 27 16 0 0 0 16 32 0 
40 25 0 14 3 16 11 0 0 0 0 0 36 38 19 14 37 0 0 35 0 0 0 0 2 0 31 0 45 25 0 19 0 0 0 20 5 14 0 43 40 0 0 23 11 34 0 50 47 38 5 0 45 1 46 0 0 21 
0 24 0 5 0 0 46 0 0 48 40 0 0 0 0 15 29 4 26 16 0 0 0 36 14 0 0 0 21 24 0 46 0 3 0 0 0 0 0 14 0 49 27 0 0 0 4 23 6 0 0 0 0 20 27 31 0 
0 0 0 13 0 0 10 0 38 0 1 0 0 43 5 26 13 0 16 0 0 33 3 42 0 50 0 0 50 0 14 0 47 0 48 16 0 0 28 27 0 10 0 0 0 0 0 18 14 0 28 1 0 32 0 15 
19 0 0 46 0 0 2 45 0 0 0 30 30 0 12 33 0 0 0 0 5 0 34 41 0 21 0 9 48 0 43 0 0 0 2 0 11 15 0 0 26 7 26 0 0 0 31 0 30 0 33 18 0 24 5 
35 0 0 0 9 47 18 50 13 0 1 0 49 41 0 12 27 0 29 8 9 45 0 10 0 0 0 21 37 11 0 0 17 0 37 0 23 0 0 0 0 36 8 0 0 25 50 26 7 23 0 27 0 34 
26 45 5 34 14 0 43 0 8 12 31 0 0 0 29 0 46 12 32 42 0 20 19 41 22 32 0 0 50 17 0 15 16 0 0 0 9 34 0 0 14 0 0 0 0 0 0 0 24 0 7 0 0 
25 0 49 0 5 0 11 0 0 46 0 4 39 50 0 0 0 18 0 0 3 26 47 8 0 0 0 0 37 1 47 0 0 12 10 6 0 0 0 19 0 32 3 9 43 0 3 0 7 0 22 10 
0 3 0 0 0 2 0 5 34 0 1 29 0 42 0 27 8 11 47 0 0 15 28 0 0 0 9 33 0 0 15 26 1 21 0 6 22 34 0 34 0 26 1 0 17 27 2 0 33 0 11 
0 44 27 22 37 1 0 39 29 0 3 0 0 0 43 42 12 0 0 30 0 0 21 0 39 5 44 0 0 9 50 40 26 4 39 0 0 17 0 0 0 8 3 44 0 42 0 40 0 0 
0 0 0 0 17 32 0 29 0 42 8 35 0 38 0 0 0 0 18 0 31 0 49 37 46 0 43 0 0 0 0 0 0 0 13 8 20 3 49 0 0 0 14 0 0 5 48 0 0 
12 0 19 23 0 0 15 0 1 0 0 0 0 11 18 0 47 9 38 3 0 33 0 12 23 40 0 49 15 2 0 0 2 3 0 0 22 43 0 13 25 48 0 0 28 29 34 36 
23 12 0 18 0 0 27 24 0 29 0 24 23 0 13 0 0 31 0 0 46 46 20 1 0 0 49 17 2 37 0 0 33 0 0 0 8 8 13 8 30 45 0 34 0 23 0 
0 0 0 0 25 0 0 46 46 1 0 17 0 22 0 20 0 0 0 0 45 25 29 12 0 0 0 19 49 14 0 0 0 43 13 48 9 35 38 0 36 40 11 31 0 0 
0 36 0 0 0 0 20 0 34 0 0 0 0 30 35 7 0 11 0 0 19 0 28 0 34 21 0 38 43 39 39 0 0 0 30 0 0 49 23 0 31 0 45 0 43 
47 0 12 0 18 0 0 8 24 0 0 0 0 0 0 39 0 16 22 21 0 0 16 0 0 15 6 0 0 2 0 0 0 13 11 0 0 0 0 16 0 41 0 0 
32 7 0 4 0 27 0 0 50 13 0 2 0 26 0 0 20 20 20 0 19 0 0 0 0 0 37 0 14 36 0 8 0 0 44 22 0 0 0 31 21 0 45 
34 0 15 0 46 0 32 0 43 0 39 0 0 0 37 16 0 0 33 0 0 16 0 36 0 18 0 0 0 0 44 45 0 17 0 0 0 29 0 0 48 27 
0 38 30 0 0 43 11 34 16 29 23 41 31 32 2 0 2 16 37 0 49 0 50 45 13 37 0 0 43 0 0 0 17 29 11 0 9 11 5 32 0 
0 0 0 30 0 0 0 0 0 0 0 8 0 0 22 30 22 0 48 0 15 0 33 0 0 0 48 49 0 50 46 0 15 44 0 0 0 37 23 38 
0 46 13 48 6 0 0 25 0 44 34 33 0 43 0 20 0 0 40 0 12 0 0 50 0 1 35 0 0 14 0 0 0 0 0 0 0 0 12 
47 4 19 34 0 17 47 0 48 9 0 26 0 40 0 44 11 8 9 0 44 19 30 0 8 23 38 0 8 0 14 0 0 0 0 0 0 0 
7 0 0 24 21 0 0 0 0 0 37 0 30 0 0 8 0 3 16 48 13 0 47 0 0 0 0 32 38 0 29 0 31 13 0 23 0 
40 39 27 32 0 0 0 39 24 50 6 0 39 19 21 32 10 0 45 3 0 0 0 44 9 7 0 34 14 0 0 49 42 21 0 1 
11 29 9 41 0 42 0 30 0 3 32 0 0 29 0 0 26 11 1 0 2 35 6 31 0 9 0 25 23 7 0 28 37 0 37 
47 1 0 6 48 46 43 40 0 5 0 0 35 17 0 29 36 1 5 0 32 40 28 0 0 0 42 0 36 0 45 35 0 0 
50 0 0 49 0 43 15 31 45 0 0 0 0 28 50 34 0 0 0 0 23 0 49 0 40 24 11 0 18 1 0 14 27 
5 18 0 0 3 0 23 0 0 0 0 34 25 1 21 39 8 39 0 0 50 0 6 23 36 7 0 15 0 12 0 0 
0 35 17 0 0 28 0 0 0 0 0 0 47 33 19 22 0 35 29 0 21 18 12 0 0 0 28 21 38 49 8 
49 44 0 0 0 32 0 43 20 0 0 0 0 6 0 0 44 48 0 0 0 37 0 38 0 19 0 0 35 0 
0 43 0 0 0 0 0 0 0 27 37 2 24 0 0 31 11 8 0 25 0 26 32 0 0 40 37 23 12 
30 2 47 27 36 39 42 47 40 27 11 16 0 28 29 0 0 0 28 35 0 8 0 0 0 16 49 2 
27 9 5 18 0 8 19 25 26 0 23 0 0 0 0 0 0 19 0 0 0 0 0 0 0 0 0 
0 9 24 17 0 0 0 0 0 0 38 0 0 49 50 15 34 0 10 0 13 0 0 0 35 15 
39 46 42 34 0 15 0 4 11 37 0 43 0 0 0 0 0 38 46 0 0 0 49 45 38 
0 20 0 48 49 17 0 0 24 44 0 0 32 45 16 27 13 0 27 37 0 0 47 0 
21 0 0 9 18 31 4 0 38 0 13 0 10 41 38 0 0 0 0 0 0 0 50 
37 32 14 0 0 0 0 5 49 0 0 0 43 0 4 39 0 10 48 44 44 0 
12 10 18 0 19 0 14 0 49 0 27 0 0 0 39 0 15 0 37 33 42 
49 0 4 22 28 4 5 0 25 35 34 0 0 1 0 8 14 0 33 6 
0 41 0 37 48 0 48 0 42 0 32 22 0 0 0 42 0 48 13 
37 3 0 21 0 7 40 48 7 49 41 0 29 48 0 0 0 0 
0 40 0 0 0 44 49 8 0 0 9 22 13 26 10 2 10 
33 0 7 48 0 0 0 0 16 4 0 0 0 0 7 14 
0 0 0 0 0 5 37 0 49 0 0 0 0 0 1 
12 8 14 0 0 3 29 31 8 0 0 29 0 0 
0 0 25 13 0 0 39 0 0 11 0 20 23 
37 0 0 0 46 0 0 0 0 0 11 0 
7 40 31 47 27 7 0 48 23 0 0 
12 47 25 0 25 14 32 9 0 0 
0 14 7 1 0 37 3 0 0 
0 45 0 44 37 37 29 20 
0 29 9 49 27 25 0 
35 0 50 0 35 1 
0 50 0 0 4 
0 0 0 43 
0 17 0 
7 0 
0 

1 13
1 35
1 47
1 68
1 79
2 6
2 7
2 35
3 40
3 67
3 78
4 19
4 20
4 59
4 84
5 33
5 44
5 67
5 80
5 98
7 9
7 18
7 60
8 39
8 45
8 77
9 68
10 12
10 76
10 83
10 90
10 92
11 55
11 71
11 83
12 21
12 43
12 50
13 36
13 58
13 85
14 70
14 92
14 99
15 52
15 53
15 87
16 56
16 63
16 65
16 89
17 27
17 36
17 81
17 99
18 25
18 26
18 79
18 83
18 87
19 56
19 80
20 52
20 78
21 26
21 75
21 85
22 31
22 63
22 74
23 41
23 62
23 77
24 27
24 75
24 76
24 89
24 91
25 40
25 56
25 63
25 91
26 28
26 35
26 39
26 44
26 49
26 70
26 82
27 37
27 44
27 66
27 70
28 29
28 93
29 32
29 58
29 94
30 55
31 85
31 94
31 97
32 49
32 68
32 77
33 61
33 72
33 86
33 87
34 48
34 50
34 73
34 94
35 67
35 95
36 52
36 61
37 50
37 94
38 67
38 89
39 52
39 73
41 96
42 50
42 75
42 81
43 56
43 57
43 74
43 80
43 82
43 88
45 48
45 65
45 79
46 87
46 97
47 55
47 81
48 56
48 65
48 89
49 62
49 75
50 60
51 58
51 60
51 91
51 95
52 62
52 63
52 95
53 88
54 100
55 56
55 79
56 66
56 70
56 88
56 95
56 100
57 73
57 77
59 90
59 91
60 69
60 73
60 92
63 95
65 99
66 100
67 70
68 95
68 97
68 99
69 74
69 80
71 74
71 76
72 89
72 97
74 81
74 83
75 90
77 95
78 83
79 87
79 91
80 88
81 84
82 87
83 86
83 92
85 87
85 99
88 95
91 100
