100 198 1000

55 109 103 106 77 39 110 75 51 33
101 12 80 109 91 11 56 106 69 14
67 14 110 30 103 18 71 37 16 58
64 27 20 21 35 25 68 30 17 89
24 101 23 14 11 11 106 103 60 56
31 54 105 83 27 31 49 73 14 104
105 96 51 15 35 15 24 22 55 51
72 80 59 60 28 110 47 74 86 107
26 23 33 105 57 49 69 58 26 14
54 78 105 68 89 44 26 88 67 37

45 99 93 96 67 29 100 65 41 23
91 2 70 99 81 1 46 96 59 4
57 4 100 20 93 8 61 27 6 48
54 17 10 11 25 15 58 20 7 79
14 91 13 4 1 1 96 93 50 46
21 44 95 73 17 21 39 63 4 94
95 86 41 5 25 5 14 12 45 41
62 70 49 50 18 100 37 64 76 97
16 13 23 95 47 39 59 48 16 4
44 68 95 58 79 34 16 78 57 27

42 50 0 30 34 0 0 0 0 3 7 0 44 24 48 0 9 0 39 36 48 45 32 35 45 0 0 39 9 12 0 34 0 0 0 0 0 0 0 0 0 28 19 4 3 0 0 29 17 50 0 37 10 35 6 0 40 0 20 0 27 26 39 0 22 0 5 0 5 14 29 32 0 0 31 38 7 0 0 50 0 27 46 5 0 0 15 0 0 15 0 22 0 28 0 19 43 38 0 
0 12 0 0 15 0 36 0 0 26 0 3 0 0 0 0 42 0 0 48 12 34 3 0 0 0 49 0 45 0 37 20 0 0 22 0 22 48 0 12 0 0 0 32 34 0 0 0 18 4 0 0 48 0 0 47 1 26 15 10 0 47 0 28 46 0 0 17 12 0 31 41 0 0 0 6 0 0 0 29 0 26 27 12 12 0 0 0 0 24 0 0 16 3 26 0 0 0 
0 0 44 32 34 38 10 0 0 17 0 0 0 0 37 27 0 18 0 3 25 0 0 20 0 46 7 0 0 0 0 0 44 0 28 6 0 21 47 0 35 10 0 36 14 0 21 18 23 15 0 42 0 44 31 3 50 24 0 0 33 0 20 36 0 0 0 0 0 0 4 0 24 14 0 9 0 0 0 41 41 18 0 0 0 48 0 0 23 1 0 0 37 13 41 0 0 
27 5 6 10 0 0 42 0 2 0 34 25 42 27 0 0 0 0 1 0 45 0 0 0 0 46 0 6 0 0 0 32 0 4 0 0 38 4 0 0 13 0 30 0 43 28 23 29 0 16 50 17 0 28 15 0 15 0 12 41 26 0 8 48 14 0 18 45 0 14 0 0 35 49 0 0 3 0 36 0 0 32 0 11 8 0 0 44 0 30 12 49 0 25 0 0 
30 37 39 0 0 16 0 0 0 0 0 0 34 11 0 35 13 0 48 24 0 24 0 39 27 0 0 0 16 0 0 2 8 17 0 0 0 0 48 0 0 34 27 47 1 0 0 4 32 34 0 27 12 0 25 25 0 0 0 25 1 10 0 0 49 0 18 4 0 0 12 31 15 22 40 20 0 0 47 2 0 0 36 27 50 0 2 14 34 0 13 0 31 38 0 
0 21 34 0 0 0 48 0 26 45 0 0 0 0 38 0 0 0 0 0 0 46 5 24 3 33 22 34 0 0 22 0 28 0 0 49 0 0 0 0 41 0 17 37 35 0 0 50 0 0 0 0 1 0 22 33 0 12 0 35 28 0 7 30 0 0 0 0 0 8 0 0 48 44 29 27 0 0 0 48 0 35 33 0 40 34 0 42 32 0 10 31 0 0 
0 0 42 0 15 39 0 31 0 0 50 0 0 0 0 1 2 0 0 12 0 0 50 0 0 7 35 0 0 0 0 0 0 0 50 0 0 14 0 39 40 7 0 12 5 0 0 0 44 0 0 20 30 0 0 0 0 0 8 44 28 45 13 5 11 3 0 29 1 27 0 12 40 16 44 0 41 0 0 0 35 14 0 0 0 0 0 0 3 0 0 0 0 
12 0 0 37 15 0 0 5 0 0 8 9 0 32 0 0 39 49 36 0 0 23 0 35 33 0 0 11 33 0 14 14 0 0 4 24 0 0 9 0 0 0 31 50 25 29 37 7 0 37 0 0 0 0 24 36 0 22 0 11 0 26 41 26 35 23 45 32 0 0 22 0 16 0 0 26 0 0 18 0 7 9 37 48 41 28 45 23 0 0 0 22 
0 0 0 0 0 0 22 0 39 47 27 0 11 18 0 25 11 0 0 32 23 0 21 0 18 0 49 0 28 40 0 18 4 0 48 15 0 23 48 16 46 49 4 26 0 34 45 0 0 0 11 0 0 50 11 0 48 0 0 47 0 35 9 0 25 33 0 37 0 0 5 0 37 29 36 40 0 0 0 34 23 0 5 31 0 28 46 8 0 0 0 
0 0 0 0 47 42 22 0 0 40 0 29 31 0 3 2 0 0 1 31 19 4 0 38 20 24 44 28 0 44 0 0 32 14 42 13 0 16 29 18 48 0 5 47 38 16 10 0 0 34 5 20 16 0 24 0 0 0 27 2 7 48 41 6 0 29 0 41 0 0 0 15 45 44 0 11 0 33 10 4 38 36 49 0 39 0 23 0 0 29 
47 0 0 26 48 33 10 0 37 13 0 10 46 14 14 42 29 11 0 47 49 16 0 34 0 0 0 30 35 17 3 0 0 0 0 0 44 0 0 10 36 7 0 13 0 39 0 26 47 0 24 0 2 29 26 11 0 30 45 24 25 6 0 0 40 6 0 5 0 22 1 37 0 0 0 0 0 16 0 7 2 17 0 0 0 0 31 6 15 
6 4 38 12 0 50 5 0 0 0 0 14 31 30 0 33 0 14 0 21 12 6 4 19 17 50 25 5 18 1 0 1 9 0 0 8 13 29 25 0 15 0 10 7 0 15 0 24 12 0 13 0 16 0 0 0 0 0 44 29 13 0 3 0 35 11 0 40 0 25 0 21 0 38 0 0 48 33 45 21 32 0 0 30 0 13 45 22 
8 0 4 29 0 19 15 2 21 41 12 8 30 20 0 32 0 28 14 0 0 4 4 42 19 0 0 0 0 0 33 19 40 0 0 0 29 23 49 37 25 0 0 0 0 17 21 0 0 18 22 0 35 21 0 0 0 19 0 0 0 35 3 42 19 0 0 45 0 16 0 0 0 3 0 1 0 0 0 45 21 15 25 21 0 0 0 
6 0 0 46 40 0 0 47 44 8 15 21 40 26 13 47 0 9 27 17 21 0 0 0 0 12 0 0 34 0 12 0 39 0 24 35 0 40 0 0 14 0 0 0 1 0 0 47 15 0 0 2 5 27 0 43 24 0 0 0 39 47 0 16 0 0 0 45 0 0 44 0 0 47 4 0 0 10 0 26 6 38 0 46 0 18 
0 11 32 0 0 0 48 47 28 0 0 35 0 32 0 0 49 39 14 50 0 43 27 10 1 0 34 30 11 41 21 3 0 47 44 0 33 42 47 34 30 39 32 46 39 0 0 0 0 33 0 48 41 0 41 0 0 0 4 25 0 5 5 49 23 0 25 24 48 24 0 9 0 0 0 45 0 34 0 0 0 0 10 15 6 
0 0 0 46 12 0 11 2 0 11 0 0 35 8 44 0 11 0 2 16 28 0 0 22 10 22 5 37 44 31 0 10 46 7 0 0 23 0 0 0 26 21 0 50 20 0 30 0 0 46 0 15 0 16 0 0 42 18 0 17 9 24 27 12 10 0 0 5 1 0 0 17 0 0 0 48 14 0 12 0 20 14 26 0 
0 10 0 0 19 14 1 50 0 20 43 31 39 0 0 44 0 0 11 47 28 0 0 27 0 18 2 0 0 0 0 5 0 37 0 15 17 37 0 47 0 16 0 12 21 16 0 0 48 0 0 0 0 0 46 0 40 39 34 5 0 0 20 3 0 26 27 0 38 31 36 0 4 9 0 10 0 0 0 8 44 23 29 
0 0 38 0 36 19 15 2 20 9 47 33 33 0 39 0 0 34 0 20 0 0 19 0 11 30 0 50 0 0 0 14 0 0 0 40 0 26 5 0 27 0 43 0 0 37 47 0 27 0 30 0 48 0 11 0 17 43 17 50 34 15 36 0 18 3 0 50 17 14 42 39 0 14 30 12 0 0 0 0 2 38 
0 0 0 38 0 19 13 0 0 18 47 0 0 0 2 8 0 20 33 0 13 0 28 0 0 12 0 0 0 0 0 24 0 21 37 48 0 0 11 0 32 0 5 0 41 31 3 0 0 0 0 0 11 0 44 27 0 0 0 0 0 38 7 31 0 0 0 0 0 10 0 0 7 29 0 3 20 0 0 0 0 
0 0 22 8 0 6 0 29 0 21 0 12 15 0 0 18 0 12 2 8 0 36 24 45 0 20 21 0 2 5 1 36 0 50 0 0 0 0 0 46 27 33 1 0 0 0 42 0 0 49 0 33 0 22 0 50 8 0 0 0 11 0 43 0 0 41 0 2 0 30 34 0 0 8 8 47 34 0 41 27 
47 19 0 0 29 0 16 0 0 20 31 45 0 30 0 50 0 0 3 0 0 29 8 0 46 10 33 0 0 0 4 23 0 13 24 0 0 41 0 0 0 10 25 0 37 0 0 45 0 7 17 8 0 0 44 0 0 11 15 0 0 19 0 15 0 27 0 0 6 0 4 19 43 7 20 23 0 0 0 
39 7 42 0 45 0 0 47 0 0 0 11 0 45 12 31 43 0 0 23 25 0 24 18 8 6 39 21 0 0 43 12 38 0 0 0 13 40 0 0 41 12 0 0 0 0 0 42 0 0 0 16 0 0 0 0 10 0 37 33 35 0 32 43 7 0 0 16 41 0 0 29 14 7 48 0 44 0 
5 32 20 44 0 20 0 18 0 39 0 24 0 3 18 9 0 0 27 43 0 40 0 0 0 26 0 45 18 24 0 0 46 0 0 8 0 0 0 0 0 0 0 26 0 30 12 10 13 30 0 0 0 43 0 0 0 0 0 0 24 35 0 0 24 12 34 7 0 0 0 0 16 29 43 33 0 
22 0 40 0 37 0 20 0 45 31 0 0 25 22 42 47 9 12 2 34 12 0 24 26 30 15 0 0 26 0 0 0 0 6 33 0 0 5 25 0 0 0 0 0 37 21 0 0 0 0 0 2 6 30 0 31 23 19 0 0 39 0 44 0 0 50 0 0 18 6 22 25 6 30 0 42 
0 0 0 0 0 15 0 38 0 0 16 20 0 39 16 15 35 0 0 37 0 0 0 0 16 0 0 36 0 17 0 0 0 39 23 38 0 0 0 34 14 49 19 40 40 0 0 0 0 0 12 0 24 7 35 0 9 0 49 0 0 0 12 8 17 9 34 12 0 25 0 18 36 0 49 
0 27 46 1 28 0 37 35 10 45 21 0 12 0 44 0 0 0 0 0 0 0 0 0 0 31 28 6 32 0 33 0 43 4 16 0 40 44 0 50 0 23 0 42 0 0 39 0 0 9 4 32 35 31 23 0 8 37 45 31 23 46 50 0 41 24 5 0 42 8 35 16 19 0 
0 0 0 0 0 11 0 0 27 0 46 46 0 26 0 41 17 12 7 38 42 9 32 6 0 0 0 26 28 0 0 0 5 0 0 5 7 4 16 28 41 0 0 0 0 0 0 42 0 43 4 1 0 7 0 0 50 14 19 46 13 0 0 0 39 33 20 4 0 0 0 0 0 
0 42 0 0 0 0 0 0 29 0 0 0 40 46 17 0 0 14 0 0 0 29 0 0 47 31 4 41 0 29 1 1 0 9 0 0 22 0 0 0 0 0 4 0 13 0 0 31 22 49 0 0 35 6 26 50 0 47 22 10 0 34 0 12 0 0 42 9 18 22 44 0 
48 0 0 18 0 0 7 0 46 32 30 0 11 0 0 0 15 0 44 17 0 47 18 0 23 44 31 8 0 0 44 0 0 10 0 1 0 5 9 0 0 0 0 0 0 0 0 0 0 40 34 0 0 0 0 0 0 1 5 33 45 0 0 2 0 45 0 0 0 16 0 
40 0 29 0 31 0 31 0 0 6 46 41 25 24 32 0 16 0 46 21 0 4 0 13 37 0 0 0 8 16 0 0 3 33 0 46 18 0 0 33 17 0 0 0 42 45 16 0 0 35 0 34 2 0 0 23 0 47 0 0 0 0 0 0 23 0 0 0 0 0 
46 31 40 0 0 0 0 35 0 4 0 0 11 34 29 0 41 0 27 0 0 0 0 13 11 0 11 0 21 21 39 23 28 28 0 12 0 28 0 4 49 0 47 6 0 49 12 0 38 46 5 3 0 19 0 0 45 0 11 0 0 24 30 22 29 6 0 12 42 
45 18 0 33 49 18 0 5 0 15 9 0 0 0 43 0 29 23 12 35 18 0 14 0 18 0 4 0 22 0 0 0 0 11 21 22 42 46 0 3 49 0 0 26 0 34 11 45 45 47 0 0 0 0 0 11 18 0 43 0 7 28 2 0 23 38 31 0 
3 0 0 26 26 30 36 20 34 0 21 0 8 26 19 0 0 46 42 0 33 44 0 8 45 0 9 30 42 12 20 5 28 49 0 0 19 14 6 0 0 0 34 0 16 0 5 16 31 36 0 21 0 34 40 8 45 44 0 46 0 7 49 7 0 14 0 
10 0 3 0 0 42 45 30 0 35 8 0 35 28 0 40 19 0 25 12 0 38 0 0 0 0 2 31 0 39 28 0 0 0 9 20 43 0 0 23 4 0 0 20 23 0 15 35 0 0 0 49 49 0 0 11 0 0 10 32 21 5 3 0 0 0 
2 0 0 0 36 14 41 28 26 50 0 26 7 0 0 27 22 24 38 0 0 46 43 45 47 43 0 29 0 0 38 0 0 0 42 0 0 43 0 1 0 42 22 36 6 12 7 8 0 0 0 0 0 0 49 4 37 11 0 16 35 0 0 25 0 
0 20 19 0 0 40 33 44 14 48 22 27 0 31 0 0 0 0 0 0 28 36 0 28 36 0 43 3 25 0 41 21 0 42 0 0 0 0 0 13 30 39 0 0 0 0 6 14 25 0 0 16 14 0 9 50 0 4 49 14 17 12 0 0 
0 0 0 44 0 16 38 34 34 33 16 32 0 45 38 9 36 0 45 0 0 47 0 33 10 26 0 23 0 0 29 0 16 9 0 34 37 0 39 17 18 0 0 0 0 0 35 33 39 26 19 6 3 42 0 0 20 10 7 3 0 17 47 
0 0 44 0 0 0 19 15 30 21 21 0 0 41 0 0 18 0 10 0 30 0 0 31 24 29 47 0 0 22 0 43 12 23 0 0 0 36 39 31 0 13 15 4 0 47 0 0 0 40 0 0 0 2 0 0 0 49 49 20 19 49 
0 0 24 32 0 0 0 0 9 0 50 0 38 44 44 0 0 23 46 45 0 0 6 0 32 0 0 0 12 0 41 31 25 0 0 45 9 48 15 39 29 13 0 0 0 0 47 0 13 0 0 0 0 0 0 0 48 31 0 47 11 
0 14 32 0 0 31 0 0 8 0 6 0 28 0 11 0 0 25 0 0 12 0 38 0 0 24 31 0 14 0 49 0 0 35 0 0 0 14 0 0 0 47 0 0 0 30 31 0 0 15 0 0 6 26 38 0 0 49 0 37 
0 27 0 0 0 0 0 30 3 0 18 0 42 0 14 50 0 9 0 10 42 33 13 20 0 33 0 0 34 0 49 0 0 35 31 0 38 29 0 0 26 43 19 0 50 0 34 50 50 45 43 28 24 29 0 0 26 38 34 
49 0 29 2 0 2 0 0 9 0 19 26 0 0 31 24 0 5 0 0 10 0 0 5 0 43 0 0 46 0 45 9 0 0 10 13 0 0 7 7 38 0 41 50 0 9 37 0 26 32 1 7 49 34 3 0 47 0 
32 0 15 0 0 44 0 34 0 45 0 0 0 32 0 0 50 0 36 0 27 33 30 0 0 0 0 26 0 0 0 0 0 30 0 45 0 23 21 0 0 41 0 32 22 38 0 0 18 48 9 0 0 47 8 0 32 
17 0 11 0 6 0 0 36 23 0 43 0 0 15 0 0 0 19 0 0 48 0 34 34 0 13 0 0 36 0 28 0 0 46 46 30 38 48 39 50 0 0 0 0 0 0 0 9 0 0 50 4 0 31 0 0 
0 34 0 28 5 0 10 3 0 50 37 1 21 0 43 20 0 48 0 4 40 23 5 0 42 28 13 33 0 27 0 0 7 0 12 0 6 40 26 2 46 27 36 0 0 32 45 27 0 9 20 0 0 42 29 
42 0 0 0 7 29 0 0 31 0 0 32 16 0 8 1 18 0 0 13 40 26 6 34 49 22 0 26 31 47 0 0 21 0 22 0 35 0 38 0 33 0 32 0 0 0 23 17 10 0 0 0 44 10 
35 50 0 0 36 47 34 0 18 47 0 0 0 17 0 45 3 0 22 0 22 20 0 5 31 0 0 27 0 0 0 30 0 0 0 0 11 23 0 0 0 0 31 0 0 27 0 0 50 0 47 0 0 
0 0 36 0 0 48 0 36 0 15 0 32 0 20 0 0 10 0 0 0 0 10 0 31 48 37 0 44 0 0 21 2 0 9 1 0 0 0 0 0 28 0 8 25 48 0 36 0 18 42 1 43 
7 50 0 0 32 47 50 35 0 21 0 0 43 0 37 22 0 45 0 0 0 0 0 0 23 11 0 0 0 34 37 0 1 0 5 5 36 0 21 31 0 44 0 50 25 14 0 29 0 0 0 
48 18 19 40 0 0 0 48 31 0 0 0 0 0 0 0 48 37 26 0 31 0 0 30 48 44 0 8 0 0 2 3 11 39 38 46 0 0 15 0 0 0 3 9 43 0 4 0 33 0 
0 36 0 30 0 0 0 0 3 1 26 7 20 0 43 46 0 0 0 0 0 14 6 7 0 38 0 1 0 39 0 0 0 0 43 42 0 0 10 10 49 0 32 0 0 18 44 0 0 
6 0 11 41 10 0 4 0 33 12 0 49 0 0 38 29 0 12 31 0 10 0 28 2 11 0 0 6 0 0 0 0 0 0 0 30 0 47 0 15 11 0 0 23 31 32 25 0 
0 0 0 6 0 0 12 50 15 0 0 41 0 0 46 0 14 0 0 23 0 0 8 23 5 25 8 0 0 8 48 48 0 0 0 48 0 25 45 5 0 23 25 24 0 34 0 
20 0 36 0 14 0 0 0 34 49 42 46 46 0 27 0 0 0 1 43 0 0 0 0 41 0 0 33 0 0 4 48 26 5 0 0 0 26 3 8 0 46 0 27 0 0 
0 34 0 20 0 0 0 0 0 0 34 0 0 0 2 0 17 22 0 1 0 37 6 50 44 22 21 27 45 30 6 0 0 0 3 40 24 0 5 50 0 37 0 34 0 
6 25 9 0 35 0 0 17 0 25 45 2 33 39 0 0 40 4 0 24 17 30 0 0 33 0 0 37 24 0 0 0 32 0 0 0 20 12 38 0 31 0 0 24 
0 0 0 0 40 37 0 42 37 17 0 0 16 0 0 0 0 0 0 46 0 0 0 0 9 0 34 0 18 25 0 1 0 0 37 29 0 32 40 0 29 11 6 
8 0 19 0 37 0 0 0 43 0 0 0 45 0 0 0 13 0 12 48 0 15 36 0 35 0 22 25 0 17 14 0 0 19 0 37 0 20 0 0 23 0 
0 38 0 5 6 22 33 35 0 27 0 18 50 0 0 24 8 0 3 5 25 31 29 16 0 31 37 0 0 0 44 13 0 0 36 2 47 41 0 17 0 
0 0 0 0 35 0 19 17 0 0 0 7 0 0 0 0 45 0 22 13 0 25 0 47 4 2 38 43 0 0 9 0 18 4 0 0 0 0 9 22 
2 16 24 32 45 10 25 49 37 0 18 0 0 43 0 30 0 0 21 0 41 3 0 0 17 0 0 25 0 50 0 0 0 0 43 0 2 40 0 
32 39 4 10 7 0 15 10 0 0 33 23 0 48 17 42 7 0 37 0 22 0 17 21 36 0 0 0 0 25 0 0 0 0 11 42 0 0 
25 0 0 11 0 5 24 0 44 0 39 0 21 0 33 42 47 0 1 10 0 47 0 0 19 12 0 31 34 0 9 0 0 9 1 7 0 
13 0 0 0 29 3 32 9 0 6 0 19 0 0 0 21 30 31 36 11 0 0 0 44 27 0 0 0 43 41 39 0 37 25 0 43 
41 23 44 0 50 0 0 25 36 18 26 0 0 14 0 0 0 45 14 12 0 0 39 48 18 0 46 0 34 0 29 27 0 8 0 
8 0 42 20 10 0 16 0 12 0 13 3 39 0 0 24 0 15 0 0 49 0 0 0 12 0 0 0 39 38 0 22 9 11 
1 0 0 0 0 0 29 0 24 47 37 39 44 50 24 0 41 0 0 0 3 20 26 49 0 0 32 45 0 6 37 30 18 
16 0 0 0 17 23 0 27 26 38 0 6 0 29 0 25 20 0 0 0 23 0 0 0 28 7 32 5 0 0 0 26 
38 25 5 20 0 0 17 0 0 0 0 6 20 46 0 0 0 0 0 0 50 0 0 39 0 0 0 41 12 0 0 
22 0 0 35 0 0 0 4 35 0 39 35 15 0 15 32 0 43 47 14 0 20 0 30 0 0 0 28 35 0 
0 0 0 36 36 0 23 14 20 0 0 36 26 8 0 42 0 0 0 32 3 0 41 9 41 0 0 41 0 
0 0 41 0 26 0 23 1 8 0 38 49 31 0 36 12 39 7 45 15 39 48 18 24 45 0 0 0 
0 43 25 0 15 0 8 25 0 39 45 0 12 0 37 0 12 9 0 20 0 12 48 0 0 0 0 
13 49 0 11 32 0 0 10 16 38 0 36 44 19 47 0 0 7 0 0 0 0 0 30 23 0 
0 0 0 0 8 0 29 36 27 2 0 0 0 0 0 28 0 21 44 30 0 0 43 0 0 
0 0 42 31 47 21 24 48 0 0 44 29 0 38 0 0 49 44 0 0 17 0 23 5 
10 29 0 0 0 10 0 0 0 30 0 0 0 20 44 0 36 35 24 19 47 12 19 
0 0 0 8 26 48 44 31 48 0 22 22 40 0 0 14 3 18 0 40 0 21 
21 3 0 27 6 0 20 0 0 0 7 20 36 0 13 25 0 10 0 10 0 
5 29 42 0 24 0 0 41 0 29 0 23 42 0 39 0 8 12 30 45 
2 34 21 13 23 43 13 47 0 47 0 4 0 27 15 42 0 29 0 
0 9 0 24 0 31 24 32 0 0 35 23 20 0 0 23 36 34 
42 47 30 0 50 0 0 1 8 8 0 25 45 46 42 18 22 
0 23 27 28 0 0 48 1 0 25 0 10 26 0 0 0 
0 0 41 40 0 25 20 0 16 0 0 48 28 36 0 
0 42 39 3 0 16 0 7 0 0 44 0 38 22 
0 40 34 19 0 0 0 19 0 0 9 0 0 
25 0 38 0 4 5 30 0 24 0 0 48 
22 0 49 48 48 30 0 40 0 0 25 
9 0 47 0 0 0 0 0 21 0 
16 48 0 36 42 0 47 0 37 
6 35 42 39 0 44 0 7 
0 0 46 0 20 0 0 
0 0 42 25 20 16 
0 0 20 4 34 
0 0 2 0 
0 0 36 
0 44 
0 

1 41
2 8
2 18
2 20
2 36
3 25
3 35
3 91
4 33
4 37
4 97
5 91
6 7
6 63
6 68
6 71
6 87
7 28
8 50
8 65
8 98
9 13
9 68
9 79
10 27
10 64
11 95
12 62
13 28
13 65
13 99
14 17
14 69
14 83
14 84
16 25
16 28
16 64
16 87
16 96
17 42
18 39
18 40
18 45
18 63
18 68
18 97
19 43
19 50
19 90
20 82
20 89
21 61
21 77
21 78
21 84
22 28
22 51
22 84
23 32
23 57
23 95
24 30
24 84
25 49
25 58
25 64
25 72
25 75
26 46
26 47
26 50
26 65
26 67
26 100
27 29
27 32
27 35
27 52
27 62
27 91
28 36
28 61
28 64
29 41
29 70
29 73
29 82
29 83
29 96
29 98
30 62
30 81
30 84
30 97
30 100
31 40
31 52
31 89
32 63
32 77
34 39
34 58
34 66
35 62
35 65
35 86
35 88
36 37
36 81
37 80
37 81
39 56
39 66
39 67
39 83
39 87
40 57
40 79
40 97
40 99
41 45
41 48
41 60
41 77
42 69
42 87
43 48
43 50
43 61
43 63
43 70
43 72
43 99
44 66
45 81
46 98
47 51
47 76
47 97
48 53
48 66
48 71
49 60
49 61
50 55
50 57
50 63
51 57
51 68
51 88
52 69
52 83
52 91
53 54
53 63
53 74
54 80
54 97
55 60
56 72
56 96
57 80
58 70
58 84
59 100
60 70
60 76
61 94
61 97
63 77
63 93
63 95
64 87
66 72
66 80
68 71
68 91
68 99
69 78
69 92
70 72
73 74
73 79
73 98
75 76
75 77
75 96
75 97
77 90
78 79
79 82
80 89
82 85
86 96
87 94
93 100
99 100
