100 396 1000

84 57 81 93 71 35 68 19 45 24
102 108 70 44 80 14 94 105 99 53
16 110 76 42 29 22 49 45 93 46
37 19 106 45 21 109 38 37 43 76
86 64 64 90 89 87 99 39 17 80
37 13 43 67 36 30 34 33 72 87
106 100 80 35 92 99 26 66 105 90
70 64 33 56 45 54 33 61 27 86
68 27 98 28 99 12 30 74 108 49
55 106 86 19 86 27 48 19 73 40

74 47 71 83 61 25 58 9 35 14
92 98 60 34 70 4 84 95 89 43
6 100 66 32 19 12 39 35 83 36
27 9 96 35 11 99 28 27 33 66
76 54 54 80 79 77 89 29 7 70
27 3 33 57 26 20 24 23 62 77
96 90 70 25 82 89 16 56 95 80
60 54 23 46 35 44 23 51 17 76
58 17 88 18 89 2 20 64 98 39
45 96 76 9 76 17 38 9 63 30

0 0 1 33 12 0 35 0 0 0 22 45 0 37 0 11 0 15 0 0 0 47 0 45 0 0 11 0 44 29 5 0 9 0 41 16 0 11 0 0 0 22 22 0 0 0 0 40 0 27 21 3 0 0 30 44 39 0 1 0 22 14 30 0 11 0 14 47 14 0 8 29 6 0 35 48 19 15 40 0 0 37 41 2 21 0 44 41 0 0 0 0 44 16 0 0 29 0 0 
5 16 41 21 8 27 43 0 0 0 0 19 0 0 0 0 47 0 35 0 0 0 0 0 15 30 50 48 0 46 29 0 46 28 28 36 0 0 17 0 22 44 32 0 0 32 0 0 0 4 50 0 0 48 7 0 37 0 38 0 19 50 0 0 42 37 39 19 1 0 10 0 12 0 0 0 0 44 0 0 44 30 0 31 25 34 0 0 42 0 9 39 0 0 0 0 0 0 
0 13 0 0 43 0 0 0 0 0 0 24 0 33 31 0 0 46 0 0 28 36 0 44 0 0 24 0 0 0 8 0 23 35 22 39 18 12 7 46 0 26 46 11 13 0 11 0 0 0 45 31 16 35 0 35 44 0 0 0 0 0 17 0 0 25 0 0 16 29 0 1 50 50 8 0 50 16 0 0 0 0 0 0 0 0 0 0 0 3 0 24 0 0 0 0 0 
0 0 9 0 26 33 0 0 0 30 19 0 0 0 1 0 0 0 19 0 18 44 0 9 0 0 0 10 18 0 0 0 0 6 0 6 0 1 0 0 0 0 26 6 17 0 40 30 15 23 0 0 38 7 0 5 0 38 14 31 0 28 2 0 7 11 48 1 0 24 25 0 0 50 0 6 20 0 4 0 20 0 0 10 0 49 42 0 38 34 30 21 0 0 0 38 
41 43 0 23 0 16 0 6 0 34 23 43 0 48 0 0 0 0 2 3 1 0 7 0 23 0 0 0 0 0 0 0 0 41 3 44 0 0 0 15 0 0 0 48 0 0 35 0 16 0 26 4 50 1 32 0 0 33 0 0 0 34 0 0 0 0 0 0 21 35 0 0 11 12 0 0 0 0 0 0 15 45 0 17 49 0 0 0 25 45 3 0 0 0 17 
0 0 0 11 36 0 0 23 17 35 0 0 0 8 0 7 0 5 0 50 0 0 0 40 0 0 12 0 33 0 13 28 23 0 0 24 21 0 16 0 37 0 0 0 17 31 0 0 18 12 19 5 36 37 0 5 0 27 0 0 0 33 23 0 33 2 27 0 12 0 6 32 0 19 0 18 0 0 24 0 0 0 0 12 35 46 10 31 0 25 33 41 39 0 
0 0 0 45 31 30 12 0 0 0 23 0 36 18 26 40 0 0 11 0 0 0 0 9 10 0 0 31 0 0 0 1 0 16 0 0 0 49 14 0 15 24 0 7 31 35 40 0 0 2 24 0 1 0 4 0 46 14 0 0 32 0 0 0 18 50 0 0 12 0 0 30 9 0 0 0 0 0 0 0 41 0 50 50 10 0 0 0 41 0 48 6 0 
14 29 5 37 0 25 0 38 0 0 10 0 0 15 0 0 33 0 8 42 0 29 0 0 39 31 0 8 13 0 0 21 20 4 42 0 11 0 0 0 6 0 0 0 0 12 47 0 0 0 0 0 29 0 0 20 0 0 0 23 0 50 9 0 43 14 20 0 20 0 13 0 0 45 48 0 0 0 0 0 7 17 0 43 25 42 46 41 27 25 42 30 
0 25 0 50 35 44 0 17 12 19 0 2 0 37 0 0 0 25 0 22 4 42 0 0 0 0 22 21 17 15 27 0 35 44 0 0 7 11 4 0 0 0 0 0 0 19 0 0 35 13 5 50 0 0 44 24 20 0 0 45 50 0 45 0 27 0 46 0 0 12 0 19 0 0 0 0 17 45 0 0 0 18 4 0 0 35 24 6 0 49 0 
23 0 31 27 24 0 2 31 0 34 0 0 0 0 0 0 0 13 36 0 35 32 22 21 23 0 0 0 0 3 30 24 0 25 0 7 6 48 0 7 41 0 0 45 0 0 29 0 0 40 37 23 31 48 21 28 0 1 21 25 0 0 2 0 0 0 31 0 41 0 0 41 3 0 43 0 0 39 0 40 48 0 11 44 40 9 0 0 29 0 
0 49 0 39 34 17 3 15 27 34 0 49 15 0 37 15 0 0 0 0 43 7 0 0 40 0 12 4 41 21 0 0 23 0 27 0 10 7 0 0 0 14 48 47 0 0 0 0 0 33 31 37 45 0 33 0 0 30 4 35 0 5 0 16 0 34 0 0 0 5 26 0 26 15 7 9 35 20 0 5 5 11 46 0 50 39 37 14 0 
43 0 0 0 33 0 0 0 0 17 0 19 0 26 0 36 0 0 31 11 0 11 44 48 0 0 0 37 4 22 2 0 0 0 40 0 0 0 0 0 0 0 44 0 6 0 0 10 0 0 34 32 42 23 32 44 38 37 5 0 0 0 33 18 0 0 19 0 1 0 47 45 0 0 27 0 14 31 0 39 0 0 38 0 0 0 0 14 
0 0 0 43 0 16 6 46 33 0 0 0 0 44 0 0 37 0 0 27 0 0 37 0 0 0 0 28 0 0 0 0 35 30 17 38 46 7 18 0 0 0 44 0 0 12 0 15 6 0 23 0 46 24 0 0 32 48 42 0 0 35 49 0 24 32 9 0 44 0 0 11 0 0 35 0 0 28 0 29 38 0 42 0 47 40 0 
0 20 0 24 13 38 0 0 9 0 0 4 34 0 0 33 0 0 0 7 0 7 23 0 43 29 22 44 3 0 31 11 0 0 0 0 46 14 0 0 17 0 39 0 0 4 0 0 0 33 0 43 0 40 6 0 0 36 0 24 11 30 0 27 15 0 0 32 20 27 0 8 0 0 0 25 0 46 0 0 21 30 0 3 0 0 
25 28 9 2 0 0 23 0 0 22 49 0 10 0 0 0 16 0 0 0 0 0 45 0 21 0 0 28 25 33 0 0 48 34 35 0 0 0 27 3 48 0 0 0 0 0 45 0 42 14 5 42 4 0 0 32 0 0 2 11 12 35 3 0 5 0 28 0 39 0 37 30 4 0 0 0 5 0 48 46 24 0 0 23 44 
14 0 0 7 26 35 1 22 0 0 20 18 0 0 0 29 26 13 50 0 17 5 0 30 16 12 5 0 27 24 20 10 0 0 4 0 19 0 36 0 9 25 0 17 41 19 0 23 9 0 0 0 0 22 23 49 0 0 23 0 0 23 42 25 0 43 43 0 17 0 0 24 49 13 29 5 0 0 46 15 0 6 0 10 
38 0 46 20 48 0 0 0 0 31 7 50 0 0 0 50 42 0 0 0 12 9 0 27 33 0 0 39 0 44 0 0 1 49 13 47 28 7 43 0 0 50 0 33 49 46 0 0 9 23 8 35 0 0 44 5 0 27 0 0 0 0 11 16 12 0 46 47 31 0 46 28 41 35 0 0 5 38 0 0 0 14 0 
0 0 33 50 31 4 16 19 25 0 0 21 0 0 8 17 0 22 44 13 35 0 0 0 0 0 0 0 0 38 0 0 12 43 28 26 22 0 0 0 0 0 25 35 0 0 16 0 7 0 0 32 12 0 34 0 29 13 20 0 0 3 31 0 41 0 0 0 0 0 29 0 0 27 36 49 0 0 18 0 0 0 
0 0 0 27 19 0 0 42 13 0 2 7 0 0 0 32 16 12 0 22 17 2 29 1 4 0 0 0 0 22 0 11 15 0 0 0 22 0 43 0 0 0 25 2 12 15 22 0 6 40 38 4 0 26 46 35 11 0 0 36 34 4 20 30 21 0 8 4 0 50 0 20 0 0 2 45 21 46 8 0 0 
0 0 0 0 0 32 0 19 0 17 0 0 0 41 25 0 11 0 0 0 0 24 48 0 0 0 19 0 0 48 0 1 0 0 0 6 10 0 0 36 0 35 15 0 0 0 48 0 0 0 7 48 3 39 0 0 35 25 0 38 0 0 0 0 0 15 0 45 11 0 0 12 22 0 0 41 0 0 0 0 
0 0 0 40 0 0 39 33 0 21 47 0 0 0 21 0 48 7 0 0 7 1 0 0 0 44 0 23 0 0 0 0 0 44 0 31 37 49 29 0 0 12 0 16 31 0 0 36 0 0 4 14 0 30 0 0 0 0 36 34 0 0 0 7 6 19 16 0 22 5 0 0 40 46 0 0 0 4 11 
0 0 0 24 3 0 43 0 30 0 0 0 0 0 45 0 0 0 47 32 0 0 50 0 0 0 0 0 0 0 21 33 11 0 0 0 0 3 11 0 0 50 3 39 0 41 23 0 0 0 28 0 0 4 14 34 0 29 0 0 0 10 0 0 20 3 0 15 0 50 0 33 15 0 5 19 4 0 
25 0 1 0 22 43 0 0 0 0 0 0 5 0 0 0 48 0 0 8 11 0 0 30 40 0 50 47 0 16 0 47 0 0 0 21 0 0 0 21 28 44 0 0 41 0 2 0 27 42 15 0 0 8 28 0 36 0 0 0 50 0 28 0 31 0 0 30 49 0 27 0 5 0 35 0 0 
6 20 0 16 0 24 0 14 0 22 0 24 0 35 0 38 32 0 0 38 0 0 9 19 14 0 0 14 50 0 18 49 0 2 0 47 0 0 0 25 0 2 16 0 18 42 17 0 15 0 0 0 0 0 31 39 0 0 33 35 0 22 15 48 0 0 9 0 0 0 0 50 38 0 36 0 
28 0 0 0 34 0 13 39 0 6 0 22 44 0 0 10 0 0 7 0 0 6 0 8 39 12 0 3 15 20 6 44 0 0 17 46 0 41 47 46 13 28 0 0 0 4 34 3 12 22 0 38 46 30 0 0 0 1 0 4 50 0 28 0 0 0 26 30 29 46 0 39 15 0 0 
0 0 20 0 3 0 0 45 29 0 24 20 22 0 0 0 0 22 0 0 2 8 0 35 18 2 18 0 20 13 0 24 32 35 44 0 41 47 0 0 11 0 0 0 48 20 15 0 0 0 0 42 21 31 0 49 0 0 0 0 15 47 43 0 0 0 0 36 29 0 0 44 15 3 
6 0 0 0 0 36 22 36 29 0 35 0 8 0 2 48 36 0 0 27 0 0 21 0 46 34 0 28 2 0 0 46 0 0 43 0 0 11 0 0 0 0 37 34 0 0 0 25 0 40 3 34 0 26 6 0 0 0 0 0 10 0 0 0 37 25 35 0 9 43 36 28 13 
0 27 49 34 16 6 43 31 0 0 4 25 30 28 25 0 28 0 6 0 17 0 0 38 0 43 0 44 21 32 0 0 8 0 44 0 43 0 0 36 46 0 0 1 32 0 38 0 0 7 5 29 27 0 27 45 44 7 0 0 0 44 3 26 26 42 0 28 0 2 0 0 
44 10 0 50 0 7 0 38 28 0 44 0 10 0 0 32 1 0 0 0 0 0 0 0 31 0 0 0 6 38 38 28 41 0 19 0 10 0 0 0 0 0 0 0 0 26 32 0 0 25 0 5 2 0 3 0 12 0 0 27 43 26 6 42 14 0 8 0 0 0 0 
0 43 15 34 0 13 38 0 24 0 28 28 0 0 47 40 48 0 31 0 0 28 2 0 38 33 0 10 0 24 32 48 0 0 0 35 13 28 0 38 0 33 0 18 14 0 0 21 49 50 0 0 21 7 0 12 0 0 20 0 0 30 6 0 0 0 5 23 49 29 
9 5 0 48 9 0 19 40 0 0 14 0 16 0 0 9 0 0 0 41 21 0 0 49 3 0 0 1 0 0 4 0 38 0 14 0 6 0 0 30 38 0 0 20 40 0 2 0 26 17 18 0 21 0 35 0 31 13 37 0 26 0 40 33 35 3 5 36 0 
47 25 49 0 44 0 0 18 18 0 15 0 49 0 0 0 47 0 0 50 0 22 0 37 0 21 0 0 0 27 19 0 0 16 29 0 6 0 0 38 25 0 0 0 37 14 14 0 34 0 43 0 23 37 0 0 36 0 0 46 0 0 47 17 1 0 0 7 
0 0 26 28 0 30 36 0 0 20 38 31 1 0 0 47 17 0 24 0 0 12 0 0 0 0 22 0 30 0 0 43 0 34 16 37 0 49 40 0 33 22 37 0 0 0 0 0 0 8 0 34 0 44 0 0 0 0 40 24 0 8 12 2 0 26 0 
16 37 0 0 39 0 19 0 0 0 43 0 48 39 21 18 0 0 0 0 8 0 43 17 1 0 22 0 0 9 0 15 25 0 50 21 0 0 0 40 25 45 32 23 46 22 7 20 1 16 0 0 0 29 30 0 16 41 0 0 33 0 24 0 0 0 
0 49 0 11 0 2 0 28 0 0 0 0 0 39 37 0 50 38 28 25 9 0 29 11 35 38 0 48 0 0 0 0 24 0 0 0 47 0 0 0 4 2 0 46 0 39 25 0 26 15 0 0 39 43 5 0 26 20 0 5 45 21 0 2 31 
0 0 0 13 34 9 28 27 0 0 25 47 12 32 17 0 23 0 42 0 0 0 0 0 18 0 4 27 19 0 36 5 0 9 32 0 0 0 13 0 0 0 0 0 0 47 0 1 0 39 50 0 0 33 20 0 0 41 0 41 0 0 0 42 
24 0 46 0 28 0 41 0 42 34 49 0 48 0 29 0 0 5 0 6 0 25 6 0 11 0 0 0 30 0 0 12 17 13 0 0 12 0 0 48 17 0 14 0 49 41 0 8 29 0 0 0 0 0 42 24 0 0 19 16 14 42 30 
0 35 12 48 0 0 26 21 31 2 8 0 0 0 0 21 44 0 8 5 10 0 42 0 2 44 32 22 0 33 0 0 0 47 0 0 44 7 0 46 0 37 0 0 0 45 29 33 0 30 0 0 21 30 38 0 16 0 22 41 0 27 
26 0 0 28 0 8 0 0 6 0 32 1 0 31 4 10 39 29 0 0 34 0 0 0 7 0 45 23 2 0 44 4 0 6 19 48 0 0 2 28 0 0 33 6 38 0 49 0 23 31 16 17 28 21 8 0 0 16 9 0 26 
0 0 0 0 0 17 16 0 0 0 0 0 0 4 0 20 33 0 0 3 0 29 0 0 0 11 30 44 0 0 0 0 35 32 10 0 36 25 26 0 8 0 0 0 26 41 0 0 44 0 0 20 40 0 0 48 0 0 11 0 
14 43 0 0 46 0 0 0 0 0 0 0 0 36 38 20 35 0 0 10 0 0 37 0 19 3 41 22 45 38 0 0 5 0 0 42 0 0 0 0 0 31 6 5 12 32 31 0 0 6 7 46 39 8 0 37 0 0 20 
0 0 0 0 46 0 6 26 0 11 0 0 13 0 0 0 12 0 0 46 0 41 0 19 0 0 0 0 14 24 0 44 0 0 0 33 0 7 40 18 37 0 0 8 0 0 9 0 0 49 18 0 0 0 33 0 1 0 
38 1 0 0 5 0 35 0 1 13 33 38 24 32 40 28 0 13 49 0 45 0 8 17 0 0 16 38 0 0 30 0 0 0 25 3 0 0 14 41 0 0 0 48 0 3 0 0 0 5 46 0 9 0 0 0 0 
6 4 0 48 28 0 45 2 11 0 28 12 0 8 14 0 34 31 0 10 0 0 24 0 0 0 0 19 23 14 0 0 28 0 13 25 0 37 0 10 0 45 40 23 43 0 24 29 11 0 25 0 12 0 0 42 
22 0 37 0 0 0 7 34 45 18 0 27 0 49 15 0 9 0 0 32 12 0 0 20 11 26 41 42 0 0 0 0 0 40 0 0 0 0 0 43 0 36 0 0 0 48 24 49 19 15 0 31 5 19 0 
0 0 0 0 0 34 11 9 0 38 40 0 0 0 0 23 0 42 46 0 14 0 21 0 24 0 0 0 0 0 22 0 0 0 26 0 30 0 33 0 14 27 0 0 0 36 33 0 0 0 10 0 0 0 
33 48 0 39 45 24 0 0 0 35 0 0 0 0 28 6 17 0 41 0 0 0 6 0 0 0 1 44 29 4 0 8 7 38 0 35 10 27 5 13 0 0 0 0 0 0 0 29 0 39 0 0 16 
0 44 8 21 0 12 0 11 41 0 12 0 0 29 21 0 31 41 39 0 0 49 46 0 0 0 24 0 0 30 0 30 20 0 0 1 0 0 0 4 0 47 0 20 48 0 8 0 0 17 0 0 
29 0 0 48 26 0 0 0 41 0 18 0 7 9 0 6 19 0 38 0 0 14 0 0 49 13 16 40 0 0 12 0 50 12 28 5 49 35 0 0 0 21 0 0 6 18 47 0 0 0 14 
0 0 4 49 6 24 17 0 0 0 8 44 22 0 24 39 35 18 41 0 0 0 0 29 0 14 0 38 0 38 35 0 0 27 0 25 0 0 0 0 0 0 0 0 0 23 39 0 0 0 
40 0 0 0 0 11 0 0 0 15 3 0 0 3 0 18 0 15 0 23 32 0 38 0 0 0 0 18 16 46 0 29 18 0 50 47 27 0 0 0 0 0 0 15 0 14 45 6 2 
9 19 0 34 2 0 24 1 0 39 18 0 0 30 47 18 34 28 0 0 3 28 36 0 0 0 27 0 0 9 31 0 0 0 0 49 35 0 8 46 50 11 49 47 47 14 0 21 
0 15 3 0 18 0 0 0 49 48 0 3 40 31 0 0 0 0 25 0 0 35 0 0 4 0 0 20 0 0 17 29 0 0 0 0 25 0 0 39 0 0 0 11 0 0 0 
9 0 0 12 0 44 2 0 0 0 0 0 0 23 0 43 18 11 20 18 32 10 0 47 0 0 35 0 38 0 50 24 31 0 42 0 0 46 49 4 5 27 0 0 0 0 
0 17 0 0 49 0 11 0 0 0 0 4 0 5 0 8 0 2 0 22 24 21 0 0 41 4 39 15 0 50 18 0 0 0 0 0 0 0 26 0 22 43 30 0 0 
0 0 0 0 0 0 0 15 0 0 26 37 28 0 0 14 39 41 47 0 0 25 0 0 0 0 0 40 0 0 10 0 49 14 0 0 0 49 16 0 16 0 39 47 
0 4 4 0 38 50 0 42 25 48 0 11 0 9 0 2 0 0 0 0 0 14 0 0 0 44 18 45 33 45 0 3 44 0 0 0 43 21 0 0 0 0 0 
0 0 18 0 0 0 0 0 0 0 0 0 46 0 46 0 0 26 4 33 0 0 21 0 9 39 0 24 8 31 0 14 26 0 0 50 36 24 0 0 0 0 
0 21 23 39 18 28 8 1 5 0 32 0 0 0 0 0 0 15 0 0 0 0 0 8 42 50 14 19 10 40 44 19 0 0 0 1 0 0 4 39 0 
0 31 27 0 0 1 0 0 31 11 27 41 41 0 0 7 0 0 0 0 24 0 0 0 0 36 7 0 20 49 0 0 2 0 0 0 40 0 30 0 
0 25 0 0 0 0 0 8 47 0 0 34 0 0 17 27 0 0 45 29 0 0 0 0 50 0 0 0 0 0 41 23 39 0 0 26 0 30 23 
4 0 0 0 48 12 42 0 43 46 38 41 0 0 2 41 0 3 44 0 29 8 23 0 0 0 0 27 47 14 0 36 0 0 6 9 0 23 
0 3 24 0 0 8 43 0 21 0 22 5 7 0 0 31 44 40 0 0 30 9 50 46 40 0 0 49 0 22 0 0 0 28 18 44 10 
0 30 0 0 4 0 0 36 0 5 5 26 2 32 18 0 39 0 0 42 0 27 0 0 4 26 0 0 1 0 0 0 0 8 25 0 
0 0 48 0 0 3 0 0 37 48 11 38 0 20 5 0 43 50 10 0 47 42 29 44 5 0 48 36 0 0 13 0 10 0 28 
4 12 0 33 0 13 0 0 13 44 0 23 4 0 11 0 15 44 0 0 43 23 19 18 0 44 47 14 0 41 0 0 17 34 
1 0 48 40 0 6 40 0 0 0 6 0 0 0 0 0 15 31 50 45 10 0 0 13 25 0 0 4 3 0 28 7 0 
0 37 37 2 0 49 0 0 22 44 39 0 36 0 50 12 33 0 28 45 0 37 23 0 31 22 37 0 0 23 12 33 
0 0 0 0 0 1 10 50 22 0 3 0 46 10 0 39 0 0 0 36 0 0 17 38 0 22 0 0 0 30 37 
48 0 32 0 3 0 17 2 13 0 0 0 2 11 35 47 0 45 22 44 0 42 17 33 11 0 0 0 2 0 
0 12 24 0 0 0 19 24 2 4 4 41 25 0 27 6 0 9 0 14 9 43 0 0 0 0 0 2 0 
0 0 0 20 45 0 0 0 0 0 14 21 16 33 0 0 0 0 0 0 25 0 0 0 0 0 48 0 
0 14 0 0 8 0 46 0 0 12 20 29 6 0 2 0 13 0 0 0 0 9 0 0 37 0 26 
27 2 45 0 34 6 0 0 0 25 49 0 0 28 31 44 37 3 19 0 48 0 0 3 0 38 
38 0 0 19 0 20 38 0 4 0 0 0 0 0 2 0 3 9 11 28 11 20 44 26 0 
32 27 27 21 48 2 6 15 0 23 0 0 0 0 0 0 20 48 0 22 0 33 30 0 
14 0 0 0 23 0 23 18 31 10 0 26 23 10 0 17 2 50 2 0 0 0 13 
6 45 0 32 27 0 0 0 16 49 0 48 42 2 25 40 0 0 0 0 3 0 
0 0 13 0 44 0 17 34 28 0 14 0 5 37 0 5 0 0 0 2 33 
0 21 29 0 0 3 34 15 24 30 0 0 0 0 0 0 43 5 14 0 
17 38 0 36 49 0 25 21 31 26 31 0 24 0 15 0 0 3 26 
28 0 0 0 0 0 0 0 0 0 4 0 40 47 0 27 16 0 
0 29 43 0 0 1 10 3 33 0 30 0 18 5 0 45 1 
0 19 0 33 16 0 19 30 0 35 0 0 31 40 8 0 
34 17 46 41 28 50 42 50 28 19 0 0 5 1 6 
0 0 49 0 4 0 0 16 47 0 8 2 0 41 
0 0 0 0 0 0 0 45 0 6 0 0 10 
46 48 0 21 1 46 0 0 0 1 40 34 
0 0 26 0 8 6 0 0 12 0 22 
45 44 0 0 0 0 0 46 47 0 
44 19 42 0 0 0 0 0 0 
18 38 0 41 0 26 0 11 
33 0 0 0 0 0 0 
0 24 0 27 0 46 
0 0 33 0 39 
40 0 0 32 
0 0 22 
0 39 
11 

1 9
1 29
1 45
1 75
1 90
1 96
2 13
2 16
2 17
2 50
2 58
2 66
2 79
2 81
2 98
3 6
3 31
3 33
3 44
3 61
3 68
3 87
3 88
3 89
3 100
4 43
4 56
4 82
4 89
5 8
5 10
5 18
5 43
5 53
5 69
5 70
5 73
5 88
5 91
5 93
6 18
6 19
6 46
7 9
7 27
7 40
7 42
7 44
7 59
7 82
8 13
8 20
8 31
8 38
8 56
8 62
8 76
8 85
9 16
9 25
9 28
9 32
9 41
9 53
9 54
9 62
9 63
9 85
9 88
9 94
10 21
10 43
10 45
10 59
10 67
10 87
10 100
11 12
11 35
11 43
11 80
11 90
12 19
12 27
12 29
12 72
12 82
12 96
12 97
13 35
13 63
13 68
13 69
13 83
13 95
13 97
14 24
14 25
14 29
14 35
14 44
14 48
14 56
15 23
15 33
15 37
15 39
15 58
15 59
15 90
16 26
16 31
16 44
16 54
16 68
16 84
16 86
16 94
16 97
17 26
17 36
17 37
17 70
17 92
17 96
17 97
18 20
18 32
18 40
18 45
18 60
18 66
18 82
18 88
18 96
19 22
19 26
19 33
19 53
19 67
19 85
19 90
19 93
20 22
20 23
20 29
20 39
20 64
20 69
20 85
20 97
21 22
21 40
21 67
21 71
22 25
22 33
22 36
22 47
22 56
22 57
22 91
23 27
23 38
23 57
23 69
23 75
23 87
24 43
24 78
24 82
24 98
24 100
25 36
25 68
25 84
26 32
26 41
26 45
26 57
26 86
26 92
27 32
27 39
27 51
27 87
28 38
28 48
28 50
28 51
28 70
28 71
28 87
28 88
28 95
29 39
29 44
29 47
29 51
29 65
29 77
29 80
29 87
29 88
29 95
29 98
30 44
30 59
30 76
30 91
30 95
31 45
31 46
31 49
31 73
31 93
32 59
32 74
32 80
32 90
32 94
33 48
33 79
33 82
33 89
34 37
34 53
34 96
35 45
35 47
35 62
35 73
35 80
35 86
36 39
36 57
36 72
36 73
36 83
36 85
36 88
36 97
36 99
37 39
37 51
37 54
37 73
37 79
37 94
38 69
38 74
38 77
38 90
38 99
39 52
40 43
40 48
40 49
40 59
40 64
40 70
40 83
40 90
40 100
41 51
41 72
42 67
42 69
43 72
43 76
43 91
43 92
44 57
44 68
44 69
44 75
44 83
45 75
46 50
46 58
46 72
46 75
46 96
47 55
47 69
47 94
47 98
48 60
48 73
48 82
48 87
48 89
48 91
48 99
48 100
49 51
49 52
49 56
49 73
49 81
50 52
50 60
50 71
50 83
50 92
50 93
50 94
50 98
51 90
52 58
52 71
52 72
52 76
53 70
53 76
53 100
54 56
54 63
54 64
54 67
54 77
54 82
55 58
55 95
56 63
56 77
57 58
57 61
57 72
57 75
58 62
58 74
58 93
59 60
59 69
59 78
60 67
60 75
60 77
60 83
60 94
61 62
61 83
61 90
62 66
62 82
64 70
66 73
66 80
66 91
67 82
68 82
69 70
69 73
69 81
69 87
70 96
71 88
71 96
72 73
72 88
72 89
72 95
72 96
73 81
73 92
74 78
74 82
74 86
75 88
75 100
76 85
76 88
76 92
78 84
79 89
79 98
80 94
81 84
81 97
82 84
82 87
82 97
83 95
84 96
86 88
87 89
87 90
89 97
90 93
90 100
91 95
92 97
92 99
94 95
96 98
