100 396 1000

55 109 103 106 77 39 110 75 51 33
101 12 80 109 91 11 56 106 69 14
67 14 110 30 103 18 71 37 16 58
64 27 20 21 35 25 68 30 17 89
24 101 23 14 11 11 106 103 60 56
31 54 105 83 27 31 49 73 14 104
105 96 51 15 35 15 24 22 55 51
72 80 59 60 28 110 47 74 86 107
26 23 33 105 57 49 69 58 26 14
54 78 105 68 89 44 26 88 67 37

45 99 93 96 67 29 100 65 41 23
91 2 70 99 81 1 46 96 59 4
57 4 100 20 93 8 61 27 6 48
54 17 10 11 25 15 58 20 7 79
14 91 13 4 1 1 96 93 50 46
21 44 95 73 17 21 39 63 4 94
95 86 41 5 25 5 14 12 45 41
62 70 49 50 18 100 37 64 76 97
16 13 23 95 47 39 59 48 16 4
44 68 95 58 79 34 16 78 57 27

42 50 47 30 34 0 0 0 0 0 7 0 0 0 48 29 9 0 0 0 48 45 0 35 45 21 0 0 0 12 19 0 0 0 0 0 0 0 11 0 19 28 0 0 0 0 40 29 17 0 0 0 10 35 6 22 40 13 20 0 0 0 0 29 22 3 5 37 5 14 0 0 0 0 0 38 7 0 6 50 0 27 46 5 0 37 15 12 15 0 26 22 0 0 48 19 43 0 0 
0 12 0 17 0 0 36 37 0 0 6 3 22 26 0 0 0 0 19 48 12 0 3 46 23 0 0 0 0 0 0 20 0 0 0 0 0 0 11 12 0 0 39 0 34 0 0 48 0 4 0 30 0 0 24 0 0 26 15 0 0 0 14 28 0 26 0 0 0 0 31 41 0 26 0 6 0 23 10 29 29 0 27 0 12 0 0 0 0 24 25 49 0 0 0 0 0 0 
0 0 0 0 0 0 10 0 0 0 0 0 0 11 0 27 0 18 0 0 25 0 32 0 0 46 7 0 23 0 0 0 44 0 28 0 8 21 47 37 35 10 0 36 14 43 21 18 23 15 15 42 8 44 0 3 50 24 0 49 33 31 20 36 44 40 0 0 12 23 0 38 24 14 17 9 50 48 0 41 0 0 0 0 12 0 0 0 0 1 0 30 0 13 0 0 0 
27 5 0 0 42 17 42 21 2 1 34 25 0 0 0 0 50 2 0 16 45 0 0 13 0 46 7 0 0 46 0 0 0 4 13 0 0 0 0 0 0 36 0 45 0 0 0 0 0 16 50 17 3 28 15 0 0 25 12 0 26 0 8 48 14 0 18 45 33 0 0 41 35 49 0 41 0 0 36 50 42 32 20 11 0 34 0 44 12 30 0 49 0 0 17 39 
0 37 39 49 0 16 0 8 21 37 38 0 34 0 0 35 13 0 48 24 0 24 0 0 0 0 0 30 16 26 0 2 8 0 0 0 48 0 48 18 0 0 27 47 1 20 0 0 32 0 0 27 0 0 25 25 14 0 38 0 0 0 0 0 49 0 0 0 9 28 12 31 0 0 40 0 0 4 0 2 30 0 36 27 50 0 2 0 0 15 13 0 0 0 7 
0 0 34 50 31 16 48 0 26 0 8 0 10 0 0 37 45 2 24 0 0 0 0 0 0 33 0 34 0 0 22 41 0 0 39 49 0 19 23 0 0 0 0 0 35 0 0 50 0 28 0 0 1 0 22 0 0 0 0 35 28 0 0 0 0 8 2 39 9 8 8 0 48 0 29 0 0 50 1 48 0 0 0 11 0 0 0 0 0 48 10 0 11 0 
27 16 42 11 0 39 0 31 0 49 0 48 48 0 10 0 0 0 37 0 0 0 50 0 20 0 0 17 24 25 0 0 0 0 0 0 47 14 45 39 40 0 0 12 5 42 30 21 0 3 24 0 30 16 40 17 18 0 0 44 28 45 13 0 11 3 0 0 1 0 0 0 40 16 0 33 41 0 0 20 35 0 26 50 0 49 0 42 0 6 43 0 0 
0 0 15 37 15 0 0 0 0 0 0 0 0 0 1 35 0 0 0 50 0 0 27 0 33 23 0 11 33 0 0 14 47 15 0 0 0 0 9 27 0 0 31 0 25 0 0 0 28 0 0 0 0 49 0 36 0 0 0 0 38 26 0 26 0 0 45 0 30 2 22 32 0 33 0 26 47 0 18 19 7 0 0 0 41 0 45 23 16 0 35 22 
1 49 0 0 0 0 22 48 0 0 27 35 0 18 0 25 0 16 0 32 0 0 0 42 0 0 0 0 28 0 0 18 4 24 0 0 0 23 48 0 0 0 0 0 0 0 45 0 0 27 11 35 34 50 11 0 0 0 0 0 10 35 0 0 0 33 41 0 0 0 5 0 37 0 36 0 15 0 0 0 0 0 5 31 0 0 46 8 12 47 0 
0 10 0 0 0 42 22 14 24 40 1 0 31 0 3 0 0 37 0 31 0 4 32 38 0 24 44 28 0 0 0 12 32 14 0 13 43 0 29 18 0 1 5 0 38 16 0 0 32 34 0 20 0 0 24 38 8 18 27 0 0 48 0 0 0 29 0 41 14 0 50 15 0 44 0 11 21 33 10 4 38 36 0 0 0 0 23 0 16 29 
0 0 9 26 48 0 0 6 0 13 6 10 46 14 14 0 29 0 29 0 0 16 29 34 0 3 50 0 35 17 0 0 11 0 44 0 44 33 0 0 0 0 0 13 0 39 0 26 47 0 24 0 0 0 26 11 0 30 0 0 0 6 37 0 40 6 0 5 30 0 1 37 41 0 8 2 18 16 0 0 2 17 0 0 0 0 0 6 0 
6 0 38 0 0 50 5 0 40 0 45 14 31 0 34 33 46 14 10 0 0 0 4 19 0 0 25 0 0 1 12 1 0 0 0 0 13 0 25 0 0 28 10 0 40 15 0 24 12 0 13 46 16 18 0 0 2 0 0 29 13 0 0 17 35 0 39 40 18 0 0 21 0 38 0 0 0 0 45 0 32 33 7 0 42 13 0 0 
8 38 4 0 13 19 15 0 21 0 12 0 30 20 0 32 0 28 0 23 0 0 0 0 19 0 0 43 0 27 33 19 40 21 11 18 29 0 49 0 0 0 0 10 2 0 21 0 0 18 22 0 35 21 0 4 0 0 21 0 10 0 3 42 19 0 16 45 27 0 24 0 0 0 47 0 7 7 28 45 21 15 25 21 0 0 0 
0 0 0 46 0 0 20 47 0 8 15 21 0 0 0 0 0 9 0 17 21 43 38 26 42 12 0 0 34 0 12 38 39 44 0 0 0 0 22 0 14 0 0 4 0 19 16 0 15 0 0 0 5 27 0 0 24 0 0 26 39 0 0 16 0 22 40 0 0 0 0 4 0 0 0 27 0 10 0 26 6 38 0 46 19 18 
50 0 32 5 48 0 0 0 0 0 44 35 0 32 48 0 0 39 0 0 0 43 27 0 0 45 34 30 0 41 21 0 19 0 0 0 33 42 47 0 30 0 0 0 39 12 0 12 11 33 0 48 0 9 41 0 3 15 4 25 0 5 5 0 23 44 25 0 48 24 0 0 0 21 0 45 25 34 0 13 0 48 0 0 6 
26 17 47 0 12 8 0 2 0 11 24 0 0 8 0 8 0 50 0 16 0 44 28 22 10 22 0 0 44 0 38 0 0 7 0 0 23 9 0 33 26 0 39 50 0 15 0 0 0 0 36 15 27 0 0 20 0 0 0 17 9 24 27 12 0 0 6 0 0 12 0 0 0 25 0 0 14 39 12 0 0 14 26 0 
7 0 23 26 0 0 0 0 0 20 43 0 0 22 0 44 0 6 11 0 28 23 21 0 0 18 0 0 0 0 0 5 25 37 7 15 17 0 0 0 0 0 0 12 21 0 6 0 48 0 22 22 8 42 0 26 0 0 34 0 0 1 20 3 39 0 0 7 0 31 0 41 4 0 34 0 0 20 17 0 0 23 0 
6 40 0 0 36 19 0 2 0 9 47 0 0 39 39 0 0 34 0 0 0 0 0 0 11 30 0 50 12 0 0 14 0 38 0 40 47 26 0 0 27 0 43 21 0 37 0 29 27 0 0 5 0 29 11 0 17 0 0 50 0 0 0 2 18 0 16 50 0 14 0 0 49 0 0 0 15 12 0 33 0 0 
0 0 28 0 0 19 13 32 0 18 47 19 49 39 0 0 31 20 0 0 0 37 28 0 0 0 0 20 0 22 0 0 0 21 0 0 34 5 11 34 0 4 0 24 0 31 0 38 17 9 8 37 11 0 44 27 37 49 0 4 22 0 7 31 0 23 0 16 42 10 0 0 7 0 9 0 0 0 0 0 0 
0 0 22 8 0 6 0 0 0 21 2 0 15 0 0 18 9 0 2 0 0 0 0 45 12 20 0 42 2 0 1 36 0 0 37 0 0 0 0 46 0 33 0 0 37 0 0 0 0 0 0 0 0 22 12 50 8 16 44 0 0 0 43 34 13 41 0 2 0 30 34 0 0 8 8 0 34 5 0 27 
0 0 41 4 0 0 16 0 0 0 0 45 27 30 0 50 0 0 0 10 0 29 0 0 46 0 33 38 0 20 4 0 38 0 24 0 0 41 0 0 0 0 25 0 37 39 0 0 0 0 17 8 16 0 44 0 0 0 15 0 48 19 0 0 0 0 0 44 0 0 4 0 43 7 20 23 0 45 46 
39 7 0 0 45 0 27 0 0 6 0 11 0 45 12 31 43 2 11 0 25 0 24 18 8 0 39 0 0 0 0 0 38 35 30 0 13 0 0 44 0 12 20 0 25 0 0 0 0 29 12 0 8 41 0 43 10 6 37 33 0 0 0 43 7 18 47 0 0 0 0 29 0 7 0 0 44 3 
5 32 0 0 9 20 34 18 0 39 0 24 6 3 0 9 48 0 0 0 0 40 14 39 0 0 46 45 18 0 0 1 46 0 0 0 0 5 0 0 0 28 0 26 24 30 0 10 13 0 0 0 18 0 0 0 0 0 33 36 0 35 34 44 0 12 34 7 27 0 0 0 16 0 43 33 0 
0 0 40 27 37 0 0 49 45 0 32 35 0 22 0 0 9 0 2 34 0 0 24 0 30 15 0 43 26 13 0 0 0 6 33 31 7 5 0 0 0 17 0 46 37 21 0 0 0 17 13 0 0 0 38 31 0 19 42 0 39 1 0 0 0 50 0 0 0 0 22 0 6 30 0 0 
0 0 6 29 44 15 3 38 44 38 0 20 18 39 0 15 35 17 0 37 0 46 0 0 0 27 0 0 5 0 16 17 0 39 0 38 30 23 0 34 14 49 19 40 40 0 0 0 0 0 12 0 24 7 35 0 0 0 49 0 0 0 0 0 17 9 0 0 0 0 0 18 36 25 49 
0 27 46 1 28 44 37 35 0 0 21 4 12 0 44 23 38 18 25 0 0 0 0 0 0 0 28 0 32 43 33 0 0 4 0 28 40 44 0 50 0 23 0 0 0 7 0 19 0 0 0 32 35 0 0 22 8 0 0 0 23 0 50 50 41 24 0 10 42 8 0 16 19 0 
0 0 9 0 0 0 5 0 27 0 46 0 45 0 0 41 0 0 7 38 0 9 32 0 0 46 0 0 28 40 16 33 0 0 0 0 7 4 16 28 0 48 28 37 0 0 0 0 21 0 0 0 0 7 18 24 0 0 19 0 13 0 22 0 39 33 20 4 24 12 0 41 44 
0 42 12 0 0 13 21 0 29 45 37 0 0 0 17 12 18 14 29 0 28 29 0 5 47 0 0 0 0 0 1 0 0 0 25 0 0 4 0 7 0 0 0 0 13 0 0 0 0 49 30 0 0 0 0 0 0 47 22 10 0 0 0 12 0 0 0 9 0 0 0 1 
0 19 0 18 0 0 7 0 46 0 0 0 0 0 26 36 0 0 44 0 9 47 0 0 0 44 31 8 0 0 0 19 0 0 4 1 1 5 0 26 0 29 13 0 0 0 24 48 25 40 34 0 0 0 37 0 0 0 0 33 45 0 18 2 0 45 0 31 0 16 0 
40 0 29 0 0 0 31 0 8 6 0 0 25 0 0 27 16 0 46 0 4 4 23 0 37 46 0 0 8 16 3 0 0 33 0 46 18 0 13 33 17 0 6 0 42 0 0 0 0 35 0 0 0 0 0 23 15 0 0 49 22 0 0 22 23 0 0 0 22 0 
46 31 0 24 0 0 0 35 0 4 0 38 11 0 29 12 41 0 27 26 0 0 25 0 11 0 11 18 21 0 0 0 0 28 0 12 0 0 0 4 49 0 47 0 0 0 0 50 0 0 5 3 0 0 30 0 45 0 11 0 25 0 30 22 0 0 22 0 42 
45 0 0 33 0 0 0 0 0 0 9 0 0 0 43 0 29 0 0 0 0 22 0 0 18 0 0 49 0 37 0 5 48 11 0 0 42 46 0 3 0 0 0 0 0 0 0 45 45 0 0 0 6 18 13 0 0 17 0 0 7 0 2 0 23 0 31 33 
3 0 46 0 26 30 36 0 0 27 0 0 8 0 19 0 5 0 0 0 0 44 32 0 45 4 9 30 0 12 20 0 0 49 9 21 0 0 0 39 0 0 0 32 0 35 5 0 31 0 27 0 25 0 40 0 0 0 0 46 14 7 49 7 0 0 0 
10 40 3 0 0 42 0 30 0 0 8 3 0 28 0 0 19 0 25 12 0 38 30 0 0 0 0 31 0 0 28 0 11 0 9 20 43 0 2 0 4 0 0 20 0 8 15 35 0 44 33 0 0 30 9 0 0 26 0 32 21 5 0 0 26 40 
2 43 26 0 0 0 41 28 0 50 0 0 0 7 27 27 22 0 38 0 0 46 0 0 0 43 0 0 0 0 0 5 0 0 42 2 0 43 0 1 0 0 0 0 6 0 0 8 0 33 0 0 0 28 0 4 0 0 43 0 35 11 42 0 0 
0 20 19 21 0 0 33 0 14 0 0 0 0 0 25 0 35 0 12 33 28 0 50 0 36 31 0 0 25 0 0 0 27 0 0 0 0 0 48 0 30 39 7 3 0 14 0 0 25 0 26 0 14 0 9 50 0 0 0 0 0 0 27 0 
0 44 0 0 0 16 38 0 34 33 0 0 0 0 0 9 36 0 0 42 0 0 33 0 10 0 0 23 33 0 0 0 16 0 0 34 37 0 39 0 0 16 0 0 19 0 0 33 39 26 19 0 3 42 2 0 20 0 7 0 0 17 0 
0 0 44 20 0 2 19 15 0 21 21 0 0 41 47 0 18 21 0 0 30 0 0 31 0 29 0 0 0 0 0 0 0 23 0 4 0 36 39 0 0 0 15 4 4 0 0 11 8 40 13 4 25 2 15 12 36 49 49 20 0 49 
0 0 0 0 0 9 0 0 9 5 0 0 38 0 0 49 0 0 46 0 0 3 0 0 32 0 0 0 12 41 41 0 25 36 18 45 9 48 15 39 0 13 35 0 0 0 47 0 0 29 6 31 46 14 44 47 48 31 16 0 11 
0 0 32 0 37 0 0 15 0 50 0 48 0 0 0 0 0 25 0 39 0 14 0 6 0 24 0 0 0 0 49 0 0 35 0 16 0 0 0 0 19 0 0 0 44 0 0 14 48 0 0 7 6 0 38 0 0 0 0 37 
14 27 0 0 21 0 0 30 3 0 0 0 0 38 0 50 4 0 0 10 42 0 13 20 19 33 36 0 34 0 49 25 11 35 0 0 0 29 1 14 26 43 19 0 0 48 34 50 0 45 0 0 0 29 27 0 0 38 34 
0 0 0 2 18 2 29 0 9 29 0 26 0 0 31 24 49 0 32 24 0 30 0 0 47 0 0 4 0 0 45 9 0 10 10 0 30 0 0 7 38 30 0 50 0 9 0 0 26 32 1 0 0 34 0 11 47 0 
0 0 0 0 0 0 0 34 48 0 31 0 0 32 0 0 50 0 36 0 27 0 30 10 48 0 0 26 0 22 0 0 0 30 0 45 31 0 21 0 0 41 0 32 22 38 44 0 18 48 0 0 6 47 0 0 0 
0 21 11 0 6 28 0 36 23 24 0 40 41 15 0 0 0 19 28 10 48 0 34 34 0 0 0 0 0 23 28 0 0 46 0 0 38 0 0 50 18 14 41 40 0 41 0 9 10 0 0 0 2 0 0 4 
50 0 0 28 5 9 10 0 0 0 0 1 21 0 43 0 0 48 8 0 0 23 5 9 42 28 0 0 0 27 31 11 0 0 12 0 0 40 0 0 0 27 0 0 0 0 0 0 14 0 20 0 27 42 0 
42 0 0 0 7 29 8 39 31 41 0 0 16 6 8 1 18 34 4 0 40 0 6 0 0 22 5 26 0 0 0 0 21 0 22 0 0 19 0 20 0 47 0 0 0 42 23 0 0 0 45 0 44 0 
35 0 22 0 36 47 0 0 18 0 0 0 29 17 0 45 0 0 0 23 22 0 1 0 31 0 0 0 0 46 34 30 26 26 45 45 11 0 29 0 0 9 0 0 0 0 37 0 50 0 0 39 35 
0 30 0 41 0 48 0 36 0 0 0 0 40 20 12 0 0 0 0 31 11 10 0 31 48 37 0 44 1 45 0 2 14 0 1 24 41 47 0 0 0 0 8 0 48 0 36 0 0 0 1 43 
0 50 20 40 0 47 50 0 19 0 0 0 0 17 37 22 0 45 0 28 21 39 27 49 23 11 0 0 0 0 37 43 0 9 5 5 0 0 0 0 0 0 0 0 25 14 0 29 6 0 14 
0 18 0 40 0 0 0 48 31 0 11 5 0 5 0 36 48 37 26 0 31 0 0 30 0 0 0 0 32 0 0 0 11 0 0 46 18 0 0 10 31 0 3 0 43 0 4 0 33 0 
0 0 0 0 25 0 0 0 0 0 26 0 20 0 0 46 0 1 42 0 0 0 0 7 24 38 0 1 0 0 0 0 0 38 43 42 0 16 10 10 49 0 32 0 4 18 0 0 24 
0 9 0 0 0 42 4 50 33 0 49 0 7 15 0 29 0 12 0 48 0 0 0 0 0 44 41 0 0 37 0 28 0 12 0 30 42 47 0 15 11 0 29 0 31 0 25 0 
0 41 0 6 0 18 0 50 15 0 18 0 49 0 46 0 14 8 18 23 0 30 0 23 0 0 0 23 41 8 0 48 0 0 12 48 0 0 45 5 50 0 25 0 0 0 0 
20 50 36 0 0 0 15 0 0 0 42 46 46 48 27 31 0 46 0 43 24 0 26 13 0 0 0 0 0 0 4 0 26 5 30 5 0 26 0 0 0 0 0 0 0 0 
0 0 0 20 0 11 5 0 0 0 34 44 0 43 2 0 17 0 6 0 0 0 6 50 0 0 21 27 45 0 0 16 0 16 3 0 24 22 5 50 42 37 0 34 8 
0 0 9 0 0 22 6 0 17 25 45 0 33 0 35 0 0 4 0 24 0 0 0 41 33 0 11 37 0 0 0 0 0 0 40 44 0 12 0 0 31 23 0 0 
0 2 45 0 40 37 35 42 0 17 0 0 0 0 0 0 49 0 45 46 0 0 0 21 0 6 34 35 18 25 45 0 0 0 37 29 0 32 0 41 0 11 6 
8 0 19 0 0 0 0 0 43 9 37 0 0 0 50 0 13 0 0 48 0 15 36 30 35 0 22 25 0 17 0 0 0 0 24 37 0 0 0 0 0 0 
24 0 0 0 6 22 0 0 0 27 0 18 0 19 15 24 8 0 3 5 25 0 29 16 0 31 37 0 19 6 0 0 31 7 0 2 47 41 28 17 0 
16 39 33 0 0 22 19 17 0 0 2 0 0 47 20 0 0 0 22 13 28 0 0 47 0 2 0 43 0 0 9 0 0 0 0 14 5 0 9 22 
2 16 0 0 45 10 25 49 37 33 18 11 45 0 0 0 0 0 0 29 0 3 48 11 0 0 0 0 25 50 0 46 0 11 0 0 0 0 30 
0 39 4 10 7 0 0 10 0 0 33 23 0 48 0 0 0 49 0 8 22 4 17 21 0 0 50 28 0 25 6 46 0 0 0 0 0 0 
0 0 38 0 35 0 0 49 44 0 0 42 21 0 33 42 0 32 1 10 0 0 24 0 19 0 24 0 0 0 0 0 43 9 1 7 36 
13 0 0 0 29 0 0 9 0 0 0 19 33 0 0 21 30 31 36 0 0 0 0 0 27 0 38 19 0 41 0 30 0 0 17 0 
41 0 0 7 0 0 19 25 0 18 26 0 0 0 0 2 27 45 14 0 0 0 39 0 18 0 0 17 34 0 29 0 0 0 46 
8 42 42 0 10 0 0 6 12 0 13 0 39 0 7 24 4 0 31 48 0 40 0 0 0 0 23 49 39 0 0 0 9 11 
0 23 50 34 0 39 0 17 24 0 37 39 0 0 0 0 0 0 0 36 0 0 0 0 18 39 32 0 19 0 0 30 18 
16 0 0 39 17 23 0 0 0 38 15 6 0 29 39 0 20 29 21 0 0 29 0 40 0 0 32 5 50 3 0 26 
38 0 0 20 0 0 17 0 0 0 33 0 20 46 0 0 0 41 46 29 50 0 0 0 43 0 0 41 12 44 0 
22 0 20 0 20 24 42 4 0 14 0 35 0 13 15 0 25 43 47 0 0 0 24 30 0 0 0 28 35 0 
0 0 2 36 36 10 0 0 20 0 0 0 26 8 0 0 0 33 34 32 3 0 0 0 0 0 20 41 0 
0 44 0 19 26 35 23 1 0 50 0 0 31 0 36 12 39 7 0 0 0 0 18 24 45 0 24 0 
0 0 0 13 0 0 0 25 0 0 45 0 12 0 0 49 12 0 24 20 0 12 0 19 0 12 16 
0 49 30 11 32 0 50 10 16 38 5 36 44 0 0 32 14 0 49 14 14 0 0 0 0 0 
0 0 0 0 8 0 29 36 0 0 0 0 0 0 12 28 0 21 44 0 0 0 0 15 0 
20 0 0 31 0 21 24 0 16 0 44 29 9 38 27 0 0 0 0 0 17 32 23 0 
0 0 0 20 0 0 7 26 26 0 0 0 0 20 0 21 0 35 0 19 0 12 19 
0 0 20 8 26 48 0 31 0 15 22 0 0 0 10 0 3 18 0 40 10 0 
0 0 0 0 6 35 0 6 0 42 0 20 36 0 0 25 10 10 28 10 29 
0 29 42 0 0 0 0 0 0 0 36 0 0 0 0 36 8 12 30 45 
2 34 21 13 23 43 0 47 1 0 29 4 0 27 0 42 0 29 0 
0 9 0 0 0 0 0 0 0 0 35 0 0 0 31 23 36 34 
0 0 30 6 50 0 40 0 8 0 0 0 0 46 42 0 22 
30 23 27 28 0 0 48 0 24 25 3 0 26 0 0 3 
4 46 0 0 7 0 20 20 16 0 0 48 28 0 32 
25 42 39 3 0 16 0 7 16 0 0 36 38 22 
0 0 34 19 0 27 0 19 0 0 9 0 0 
0 12 38 25 4 0 30 0 0 0 0 48 
0 0 49 48 0 30 0 40 30 47 0 
9 0 0 16 32 16 0 13 0 14 
0 0 0 0 0 38 47 28 0 
6 35 42 39 19 0 0 7 
0 0 46 0 0 15 0 
0 36 42 25 0 16 
0 0 20 0 34 
0 0 0 27 
0 11 36 
0 44 
0 

1 15
1 24
1 28
1 35
1 38
1 41
1 72
1 79
1 99
2 7
2 8
2 11
2 12
2 18
2 20
2 30
2 36
2 44
2 71
2 72
3 25
3 35
3 58
3 70
3 89
3 91
4 19
4 29
4 33
4 36
4 37
4 52
4 75
4 89
4 97
5 10
5 32
5 72
5 87
5 91
5 94
6 7
6 48
6 55
6 63
6 64
6 68
6 71
6 87
6 94
7 14
7 28
7 33
7 40
7 42
7 43
7 99
8 15
8 19
8 30
8 50
8 65
8 98
9 12
9 13
9 19
9 50
9 66
9 68
9 74
9 79
9 89
10 27
10 57
10 64
11 17
11 81
11 95
12 14
12 38
12 53
12 62
12 75
12 87
12 90
13 17
13 28
13 56
13 65
13 70
13 73
13 99
14 17
14 41
14 56
14 69
14 73
14 79
14 82
14 83
14 84
15 71
15 87
15 90
16 25
16 28
16 29
16 35
16 58
16 64
16 75
16 82
16 87
16 89
16 96
17 42
17 60
17 78
18 39
18 40
18 45
18 63
18 65
18 68
18 84
18 89
18 97
19 24
19 43
19 50
19 90
19 91
20 34
20 82
20 89
20 93
21 32
21 61
21 62
21 77
21 78
21 84
22 28
22 51
22 52
22 61
22 68
22 84
23 32
23 43
23 57
23 95
24 30
24 34
24 64
24 73
24 84
25 27
25 40
25 49
25 50
25 58
25 64
25 72
25 75
26 36
26 40
26 46
26 47
26 50
26 65
26 67
26 100
27 29
27 32
27 35
27 44
27 52
27 60
27 62
27 73
27 78
27 89
27 91
28 36
28 40
28 51
28 61
28 64
28 67
28 81
28 89
29 41
29 70
29 73
29 82
29 83
29 96
29 98
30 57
30 62
30 78
30 81
30 84
30 97
30 100
31 40
31 52
31 70
31 85
31 89
32 50
32 63
32 68
32 77
33 37
33 100
34 39
34 58
34 66
34 77
35 41
35 44
35 62
35 65
35 68
35 72
35 86
35 88
35 93
35 99
36 37
36 47
36 81
36 93
37 56
37 59
37 80
37 81
38 58
38 66
38 78
38 84
39 56
39 66
39 67
39 83
39 87
40 56
40 57
40 68
40 79
40 80
40 82
40 84
40 97
40 99
41 45
41 48
41 52
41 53
41 60
41 63
41 77
42 44
42 45
42 55
42 66
42 68
42 69
42 87
43 44
43 48
43 50
43 61
43 63
43 70
43 72
43 83
43 99
44 61
44 66
45 53
45 72
45 81
45 82
45 92
46 98
47 51
47 54
47 57
47 76
47 92
47 97
48 53
48 66
48 71
48 98
49 60
49 61
49 68
50 55
50 57
50 63
50 78
51 52
51 57
51 68
51 81
51 88
52 69
52 80
52 83
52 91
52 100
53 54
53 58
53 63
53 74
53 80
53 84
53 90
54 71
54 80
54 82
54 97
55 60
55 86
56 64
56 72
56 82
56 96
57 75
57 80
58 70
58 84
58 91
59 100
60 70
60 76
60 98
61 87
61 94
61 97
62 99
63 77
63 93
63 95
64 87
64 93
66 72
66 80
68 71
68 91
68 99
69 78
69 92
70 72
70 86
70 96
71 72
72 98
73 74
73 79
73 98
74 96
75 76
75 77
75 79
75 84
75 85
75 86
75 89
75 92
75 96
75 97
76 84
77 78
77 82
77 90
77 94
78 79
79 82
80 86
80 89
80 93
80 94
82 85
82 91
84 98
86 96
87 88
87 94
90 92
93 100
99 100
