100 396 1000

14 56 58 29 64 30 73 110 38 16
104 51 11 80 18 70 79 105 80 93
18 105 93 105 106 73 26 52 71 81
11 62 91 68 106 92 107 97 68 16
47 80 54 65 66 62 41 74 75 103
42 73 80 98 46 30 20 92 81 71
108 103 110 106 50 82 27 57 54 78
19 95 58 51 63 97 70 49 69 18
61 30 12 52 40 28 44 37 41 33
57 85 68 23 36 11 69 103 78 96

4 46 48 19 54 20 63 100 28 6
94 41 1 70 8 60 69 95 70 83
8 95 83 95 96 63 16 42 61 71
1 52 81 58 96 82 97 87 58 6
37 70 44 55 56 52 31 64 65 93
32 63 70 88 36 20 10 82 71 61
98 93 100 96 40 72 17 47 44 68
9 85 48 41 53 87 60 39 59 8
51 20 2 42 30 18 34 27 31 23
47 75 58 13 26 1 59 93 68 86

7 0 0 39 39 0 14 0 0 32 38 0 0 1 0 42 22 0 4 0 9 48 37 4 0 0 3 48 30 0 40 3 15 11 0 20 0 0 0 0 22 17 28 5 0 31 0 4 0 0 7 18 15 0 1 15 0 20 0 18 16 0 22 0 49 6 22 4 26 0 38 0 34 0 40 0 30 0 25 21 0 0 39 0 27 36 22 0 50 0 0 0 0 1 0 4 0 41 0 
0 0 0 22 4 48 3 0 0 0 0 0 15 15 0 0 1 0 2 0 0 0 0 0 0 0 0 0 12 0 0 17 0 43 35 0 27 0 0 29 0 14 26 0 7 0 0 39 0 0 0 1 0 0 39 0 0 0 0 5 13 0 35 0 37 47 18 20 41 43 0 2 8 49 0 0 0 16 11 0 0 33 28 0 39 0 0 1 0 0 0 0 0 20 0 31 0 0 
0 30 0 43 0 41 0 0 0 0 0 0 37 0 0 40 0 0 27 0 0 0 0 15 23 0 0 0 0 16 0 35 0 24 13 25 29 2 0 4 8 0 11 35 0 0 0 0 30 0 0 0 21 27 0 0 0 17 6 16 28 0 15 37 0 11 0 0 21 0 0 15 0 35 50 0 49 31 0 0 0 29 0 0 7 0 0 0 20 4 0 0 32 28 14 24 41 
40 0 13 0 0 50 35 6 3 0 0 0 0 44 0 0 0 17 36 41 0 0 0 4 0 0 0 13 48 1 0 0 0 9 0 0 0 1 16 0 0 0 23 20 42 0 10 32 39 0 11 38 22 0 0 0 26 0 0 0 27 0 43 0 3 25 0 0 42 33 0 18 4 4 0 24 36 37 21 0 49 35 43 0 41 0 23 39 15 0 0 0 0 0 48 0 
5 46 0 48 14 15 0 3 46 0 7 0 11 36 0 0 0 0 0 33 19 0 26 0 16 4 0 0 0 0 0 0 37 0 0 18 7 30 21 0 0 31 42 50 42 0 29 0 0 29 0 32 39 41 40 0 0 0 0 0 8 0 9 20 4 1 33 0 30 43 25 20 6 0 47 35 15 31 38 23 0 28 0 8 0 0 0 13 15 24 0 21 4 25 0 
0 0 39 0 42 0 13 0 0 24 21 0 0 0 0 0 0 0 37 0 36 0 0 5 46 22 0 0 9 0 0 14 0 0 0 0 0 30 10 0 0 0 14 0 0 0 0 3 0 45 0 34 0 33 7 0 0 43 17 0 41 22 38 0 13 0 3 0 16 0 0 44 45 43 0 0 25 0 0 0 0 0 4 14 0 5 0 23 0 3 7 50 16 24 
0 49 1 28 46 0 35 48 0 46 47 0 25 32 0 30 0 41 34 21 0 34 0 0 0 0 38 46 1 0 6 0 33 47 23 31 0 0 34 0 41 42 0 3 6 0 49 38 35 50 25 47 23 3 0 0 23 31 13 0 0 40 4 0 0 48 36 0 0 0 8 47 0 0 0 0 36 0 40 0 0 0 23 0 0 0 0 0 0 19 0 39 0 
0 5 46 0 0 6 0 22 0 0 11 0 0 0 0 18 0 24 31 0 0 32 46 0 0 0 0 6 0 24 0 0 0 42 0 39 0 0 0 20 0 0 46 0 26 46 0 44 0 0 0 8 0 48 0 5 0 0 0 36 0 23 26 7 50 0 0 7 7 33 0 5 27 4 0 0 0 37 9 0 0 24 6 37 10 0 48 8 39 37 0 35 
24 50 0 14 15 10 45 0 0 0 34 0 0 7 0 34 0 0 0 0 34 21 30 41 27 0 44 0 0 41 0 17 17 0 0 38 5 0 0 0 0 0 1 15 48 7 0 0 17 48 0 0 0 0 30 19 41 8 14 0 0 18 0 0 0 0 2 0 8 46 0 34 44 0 9 35 20 18 37 41 4 0 6 40 10 43 1 0 47 0 24 
0 0 25 0 2 35 31 49 0 0 46 6 32 11 16 33 19 0 0 2 0 9 0 5 25 0 0 13 39 0 0 33 21 0 17 0 0 0 34 49 0 0 2 40 39 11 49 0 0 45 0 0 49 0 0 17 11 0 14 0 0 37 0 0 31 42 9 36 19 26 0 16 10 0 0 0 0 44 49 0 5 0 0 0 42 47 0 13 41 0 
0 24 36 1 0 48 47 23 0 0 7 37 0 29 11 41 18 0 14 20 0 47 18 5 0 16 23 27 0 0 0 2 0 28 0 0 0 28 6 0 23 24 0 0 0 0 7 0 0 12 37 0 0 0 0 0 35 0 14 47 0 5 4 0 5 11 0 2 39 0 0 0 0 0 7 0 3 23 24 50 0 4 0 46 0 33 0 19 0 
29 17 25 25 0 0 12 0 3 0 12 25 0 19 0 38 0 0 0 48 33 15 35 0 0 0 36 18 41 0 0 0 0 0 0 39 0 42 34 40 44 0 0 36 0 0 19 45 27 34 6 19 15 27 0 0 23 0 17 8 42 0 0 18 0 2 0 0 0 6 0 18 33 0 4 0 0 28 26 8 0 36 20 0 0 0 0 5 
33 45 37 0 0 16 0 0 46 0 41 21 5 0 4 0 16 0 0 0 0 27 0 0 44 0 33 0 0 50 18 6 31 40 20 7 16 0 0 0 12 38 48 0 0 0 14 0 49 0 27 7 0 28 37 0 1 28 12 0 27 34 44 0 0 1 0 0 12 35 13 0 0 0 22 30 40 0 29 0 6 0 10 6 37 21 31 
39 30 46 0 0 0 5 10 0 17 0 36 29 0 2 20 8 46 0 0 0 20 9 0 43 47 29 0 0 8 0 0 50 35 0 0 0 37 0 0 21 8 3 25 0 0 17 0 0 28 0 0 32 2 49 0 0 0 0 0 0 14 9 0 37 0 37 0 31 18 0 11 0 34 27 22 0 0 0 0 35 21 6 0 0 0 
0 46 37 0 0 0 0 0 41 0 0 32 33 39 0 0 34 44 49 47 0 0 0 1 0 32 0 25 0 24 0 24 0 20 27 6 24 0 8 0 17 38 0 29 0 35 0 1 0 0 50 33 0 18 32 0 40 40 0 0 27 0 50 0 36 25 34 0 31 3 0 2 26 38 40 0 32 0 40 0 47 41 21 0 31 
0 0 14 19 0 0 38 43 0 0 0 40 36 0 11 0 40 0 47 27 0 0 35 0 0 49 0 32 11 18 1 11 0 0 0 35 16 46 0 0 0 0 0 35 13 24 15 13 28 41 0 0 38 27 2 27 0 0 45 30 44 0 6 41 17 7 0 0 0 0 0 30 36 0 24 13 0 0 29 9 0 45 19 0 
20 5 0 0 0 0 14 0 20 0 0 22 2 31 25 7 0 0 24 0 0 0 0 28 0 11 0 0 0 40 0 16 24 8 0 0 0 28 19 34 0 0 0 3 24 25 9 49 19 24 43 47 0 3 0 0 0 0 21 0 0 46 5 0 0 1 0 38 27 26 5 0 29 0 0 9 15 0 6 27 37 8 0 
33 7 0 0 27 0 0 0 0 0 0 0 0 0 0 46 3 11 20 9 0 36 0 39 20 1 0 25 11 0 6 39 0 49 33 0 48 29 24 25 0 0 0 0 0 32 0 0 36 5 37 12 0 34 10 0 0 0 0 0 0 42 27 3 0 0 27 0 0 31 0 10 50 39 39 0 0 9 0 0 37 0 
49 2 0 17 44 36 42 1 3 0 0 42 0 40 0 5 0 0 0 26 20 18 29 38 35 35 5 15 0 21 0 47 41 0 10 37 0 38 26 13 15 43 42 27 32 0 42 0 0 20 0 22 12 39 0 42 0 40 0 0 0 0 0 30 19 0 0 43 0 39 12 0 48 0 0 0 23 45 49 0 0 
0 0 0 41 0 0 18 8 22 0 0 5 0 50 10 15 0 0 0 0 43 0 0 12 33 0 0 0 19 0 0 0 0 0 0 0 0 0 36 25 10 0 28 0 0 0 3 0 44 0 21 0 49 7 41 0 13 35 33 5 0 0 0 0 0 0 0 0 29 0 0 0 0 0 27 32 0 30 0 46 
38 0 0 25 28 0 0 19 13 23 14 26 20 0 0 0 24 0 44 0 32 22 0 50 0 0 0 0 0 0 33 14 3 0 0 0 0 0 33 42 0 0 40 41 0 50 24 0 0 0 42 17 0 0 25 0 32 48 10 0 0 34 12 0 0 10 0 0 37 0 43 0 0 36 0 0 14 12 25 
0 16 7 4 0 40 10 16 0 5 3 4 13 0 27 8 0 3 0 0 4 0 25 9 27 0 0 0 0 0 0 0 0 0 0 17 2 0 0 23 0 0 37 5 12 33 22 0 0 0 45 0 25 0 0 0 0 0 48 0 10 0 0 40 32 37 40 13 0 0 0 0 15 38 15 0 13 26 
46 3 0 9 0 15 0 0 0 0 0 0 0 0 31 36 0 0 0 24 21 0 29 24 50 5 5 50 0 7 0 0 0 14 0 0 0 6 10 0 0 11 0 0 0 0 0 29 0 0 0 0 27 0 36 18 24 0 48 0 23 42 19 0 0 49 0 0 0 35 0 0 43 50 26 38 0 
41 50 27 8 0 3 0 0 2 0 0 14 38 0 3 0 8 0 31 41 0 0 47 0 0 2 0 38 0 0 29 3 0 0 0 0 18 36 30 0 0 38 27 0 0 0 0 41 46 50 28 9 45 11 25 0 0 46 0 0 0 0 0 0 21 3 0 0 49 45 25 24 19 0 0 15 
36 0 9 0 23 0 22 0 0 0 0 23 19 0 0 0 0 0 9 46 41 13 0 15 0 46 3 21 0 0 0 22 48 14 12 0 7 0 0 5 13 0 48 3 0 0 0 0 0 0 0 0 0 6 10 0 48 2 0 0 0 32 41 37 34 0 15 0 41 0 0 9 0 24 2 
35 26 43 24 31 0 2 6 49 0 28 35 0 0 0 0 43 0 48 45 28 0 0 0 9 0 0 23 9 32 0 32 0 17 0 7 0 3 0 0 0 10 0 41 0 0 0 32 38 34 0 0 4 0 0 27 0 0 0 34 8 47 0 27 32 23 24 11 0 11 0 0 0 11 
0 37 40 46 0 0 0 0 0 35 0 0 22 7 36 6 0 0 0 15 0 42 11 47 0 0 6 27 0 17 0 12 0 32 12 0 0 0 0 0 0 0 0 32 0 0 13 9 14 36 5 16 44 46 0 13 23 0 32 45 8 14 0 0 32 0 0 0 47 25 0 16 35 
22 11 0 0 25 50 14 3 42 36 20 24 19 0 32 0 37 0 34 2 0 12 28 22 0 0 27 0 0 0 44 0 0 0 0 12 0 0 9 14 33 0 0 0 4 30 39 6 23 12 29 0 18 0 0 0 32 14 0 0 0 0 47 0 0 0 0 0 0 31 0 0 
0 0 0 0 0 25 30 0 0 11 5 4 0 24 3 29 0 0 13 0 0 0 0 0 0 0 0 31 39 41 0 0 30 0 0 0 20 8 50 13 0 2 0 0 0 26 0 0 0 9 27 0 0 34 20 0 0 26 0 20 0 0 43 0 0 0 47 18 13 0 0 
0 33 50 0 16 28 0 0 39 43 0 0 0 43 0 6 27 0 19 0 0 3 0 46 0 21 0 47 0 0 10 14 30 28 0 25 0 41 28 44 0 1 0 0 35 0 33 11 0 18 0 0 0 0 0 0 42 0 34 0 19 0 1 0 42 0 10 48 0 0 
0 0 29 23 5 31 30 44 0 0 31 0 22 0 28 0 0 0 0 0 11 0 34 32 0 0 0 0 0 0 20 0 47 0 43 0 18 43 29 5 26 0 18 33 48 0 0 15 0 39 32 0 0 0 0 41 0 37 0 2 28 43 0 47 40 0 0 0 31 
0 0 42 0 38 0 42 0 0 0 0 0 44 35 0 0 0 22 0 0 0 0 0 1 25 26 21 0 21 16 24 2 0 22 0 7 0 45 37 24 48 0 0 17 0 0 0 0 0 0 0 0 39 0 0 2 3 0 40 0 8 0 0 17 0 47 0 30 
50 49 3 0 15 0 0 0 0 12 8 28 0 37 0 26 28 0 3 37 8 0 9 23 0 39 0 19 17 0 0 0 0 0 26 0 18 0 0 40 0 0 39 0 0 0 0 13 0 0 40 0 32 0 31 0 0 0 0 1 15 10 24 48 0 37 0 
21 0 0 0 25 39 40 0 0 38 0 20 0 0 3 0 14 24 36 1 28 0 0 13 0 0 0 0 50 0 17 0 38 14 40 23 0 49 25 0 47 0 0 27 0 35 0 4 0 0 0 36 0 29 0 0 0 7 5 0 46 30 0 28 0 13 
47 0 0 0 5 0 8 0 0 0 0 0 22 20 48 32 0 1 0 37 0 0 12 0 0 0 0 16 0 0 19 0 0 0 0 45 5 14 34 0 32 0 0 3 25 0 44 1 0 48 15 42 0 7 0 45 18 32 0 43 0 0 0 0 28 
14 0 0 0 12 0 0 9 0 41 0 16 0 36 8 8 10 36 21 32 39 0 25 0 0 48 0 50 0 0 0 0 0 27 47 37 22 22 29 30 0 0 6 0 36 0 0 41 26 24 0 0 0 0 0 7 36 0 0 0 48 0 0 48 
5 23 19 11 0 0 45 27 0 0 0 27 24 0 19 22 45 10 2 0 0 2 32 22 0 5 0 0 0 0 42 0 19 0 0 33 0 0 0 32 17 0 45 15 26 11 24 0 18 19 14 0 20 0 29 0 0 15 0 0 29 18 16 
41 0 29 25 13 0 0 26 33 0 46 0 7 0 0 48 17 0 5 0 0 0 33 34 0 10 20 0 0 0 13 28 35 0 30 0 0 0 0 0 0 12 42 5 0 42 6 6 35 17 6 13 0 5 12 0 47 0 46 0 0 0 
0 0 41 0 2 8 42 0 0 0 15 0 47 21 0 20 44 32 31 0 0 0 0 33 33 14 0 0 0 34 0 30 16 0 0 0 0 9 42 0 26 0 0 17 0 0 50 32 0 0 27 0 9 29 0 0 11 50 1 0 42 
34 0 17 41 0 4 0 6 33 0 0 43 47 0 0 0 35 44 0 0 19 43 21 0 29 0 0 0 43 42 4 0 2 0 44 0 0 39 39 13 0 2 48 0 0 5 0 45 41 0 31 34 23 17 0 0 23 0 0 26 
0 0 39 0 22 49 0 3 0 40 45 7 29 0 13 37 0 0 41 11 0 0 8 0 0 24 0 32 0 0 2 0 0 0 0 50 21 0 0 0 49 0 44 0 23 15 0 0 0 0 20 0 0 38 10 26 19 0 0 
0 20 10 0 23 0 0 0 6 0 16 47 0 39 0 0 24 0 15 15 37 3 5 0 0 0 47 0 0 50 22 32 0 0 39 0 0 0 24 32 39 23 26 15 0 24 30 0 0 19 0 24 0 11 14 0 4 0 
43 0 42 33 27 31 16 0 7 30 36 0 22 0 9 0 0 8 0 0 10 42 37 27 9 0 5 1 0 0 0 0 26 45 35 8 32 24 6 0 0 48 6 0 0 17 17 0 27 0 34 0 0 0 3 17 0 
46 0 0 5 0 39 28 0 0 0 14 0 0 50 9 0 0 42 0 0 0 32 0 0 0 20 40 40 13 8 19 33 38 3 31 0 1 0 32 0 0 29 0 9 27 0 0 0 13 0 0 0 0 48 25 29 
0 0 22 23 0 0 0 0 0 0 30 0 0 48 0 11 36 0 0 11 33 0 8 0 33 0 0 0 0 36 40 14 34 0 39 0 0 0 29 35 49 0 0 50 0 0 2 0 0 22 27 0 34 47 0 
37 21 36 0 42 42 0 28 0 0 45 0 21 13 0 0 41 0 0 0 35 0 37 0 0 41 34 0 18 40 0 36 34 0 0 1 0 0 0 0 0 6 0 30 0 0 40 24 0 47 0 0 0 0 
28 0 11 0 5 0 0 0 45 0 0 14 36 0 4 0 0 41 13 0 29 0 14 28 0 1 26 0 39 9 49 0 37 0 0 0 10 0 30 0 0 0 48 1 15 48 0 37 33 26 0 38 0 
4 0 27 0 0 0 23 0 2 0 0 0 0 41 33 39 3 28 1 10 0 39 0 48 9 44 13 5 26 16 0 7 0 0 40 29 10 0 0 0 0 40 0 16 45 18 0 0 0 41 0 0 
50 0 0 0 0 0 47 0 0 4 0 2 22 50 0 0 14 0 41 25 0 0 44 0 0 0 0 0 0 43 0 0 0 0 0 0 0 0 0 0 25 0 0 29 0 0 0 0 7 13 11 
23 19 42 0 22 13 33 25 0 29 0 0 3 0 8 0 25 50 7 0 0 0 0 0 0 0 0 0 0 0 17 26 0 0 0 0 39 44 0 0 0 0 38 32 0 0 25 0 24 44 
0 39 0 21 4 0 0 0 0 28 0 26 0 0 0 39 27 0 27 0 0 0 17 28 21 5 41 0 2 4 1 0 20 0 6 0 0 0 19 0 0 0 21 0 19 9 47 0 29 
0 26 34 30 41 0 45 0 46 17 0 0 50 0 9 10 0 0 0 33 47 5 0 0 0 25 10 0 0 0 39 29 0 21 0 19 0 0 0 30 38 0 16 0 0 0 0 0 
0 0 23 0 20 0 39 0 0 13 39 12 32 24 41 43 0 0 0 0 38 0 0 0 4 0 0 0 0 0 0 0 44 14 0 15 0 0 0 0 5 4 28 0 28 9 7 
0 0 47 0 0 36 40 25 43 0 1 0 41 0 40 6 0 27 42 42 0 44 0 0 2 14 45 24 43 26 0 47 0 30 0 0 30 15 0 0 45 0 23 0 0 0 
0 3 0 0 0 0 0 27 18 0 0 13 22 0 7 0 38 0 21 44 0 4 0 39 37 0 6 2 0 0 27 0 0 0 4 0 0 23 0 49 1 0 0 15 0 
17 0 0 0 0 0 0 0 0 4 10 23 22 40 18 27 0 29 0 0 0 21 0 0 0 38 24 0 27 35 40 13 0 0 0 0 47 0 43 0 4 2 49 0 
10 5 0 31 33 14 0 0 0 30 0 0 0 42 0 0 46 0 0 5 3 0 6 36 48 0 0 2 49 16 2 0 35 0 0 42 43 0 1 34 8 0 15 
0 12 16 41 0 0 28 44 10 0 22 29 0 44 0 33 0 36 43 0 0 0 0 0 30 29 39 0 0 0 0 0 0 0 0 12 30 0 0 0 0 0 
43 0 50 20 0 0 0 18 0 46 1 49 5 28 40 0 0 0 26 0 8 36 0 1 0 0 0 21 2 23 45 0 0 4 3 1 22 22 29 0 31 
35 0 22 0 0 0 0 8 32 31 0 0 4 6 0 0 30 0 0 0 19 0 0 22 0 0 0 0 1 24 50 15 0 31 12 19 0 0 2 0 
49 37 0 27 0 0 0 16 0 6 29 0 46 44 0 25 0 0 0 0 22 24 33 20 34 0 47 0 30 0 0 1 41 0 0 0 29 17 19 
0 0 0 25 38 0 20 0 46 28 0 8 14 9 0 43 0 0 2 19 0 13 26 0 0 0 27 0 0 0 27 25 32 0 0 0 0 0 
0 0 9 36 26 0 13 10 0 0 0 0 0 35 8 19 0 47 0 0 0 0 0 50 12 35 31 0 0 0 40 0 0 0 0 34 31 
0 9 0 47 30 24 31 12 45 0 4 34 0 0 45 0 0 10 0 22 11 0 0 27 0 0 0 0 8 0 44 9 40 0 0 0 
20 44 3 30 0 22 24 0 0 0 47 0 19 23 44 41 10 0 0 35 0 0 18 0 41 0 1 0 43 0 0 28 0 33 0 
1 31 49 45 37 0 17 13 13 0 0 0 0 0 0 45 25 22 0 0 0 7 49 41 27 21 18 0 0 0 0 0 22 10 
50 40 0 0 39 24 0 10 0 0 28 0 0 0 0 5 0 5 6 0 0 0 0 0 0 0 0 0 0 0 0 0 23 
0 0 34 0 24 0 37 0 17 1 0 9 0 10 10 2 0 18 36 0 0 44 0 45 33 0 41 46 35 0 17 39 
0 0 0 0 31 15 2 0 28 0 0 43 0 0 0 30 0 36 0 0 0 48 14 36 0 0 0 44 29 13 48 
0 3 43 0 0 0 0 0 0 0 28 50 0 8 0 0 22 46 46 25 0 13 0 0 0 5 10 1 0 30 
0 0 43 47 0 35 12 0 0 0 19 0 25 17 49 0 1 0 17 45 0 8 0 0 10 0 0 0 0 
29 1 28 0 0 0 0 0 29 17 37 44 0 31 0 49 8 0 16 0 0 5 0 9 48 0 23 0 
6 0 12 16 2 14 0 0 14 0 46 0 0 38 0 0 15 0 43 0 17 7 25 0 0 0 0 
0 0 0 0 37 6 25 41 0 13 44 0 0 0 0 3 11 48 38 0 29 0 47 27 14 27 
39 42 0 0 3 0 0 0 0 0 0 33 29 0 0 17 11 0 0 25 0 18 0 0 38 
0 23 0 10 50 0 37 35 5 0 9 0 0 43 0 0 42 0 0 30 44 33 38 0 
17 0 13 29 20 23 38 0 35 0 0 37 0 0 41 0 0 0 31 0 16 25 6 
22 0 33 0 31 43 0 48 31 0 29 0 0 35 0 0 18 13 18 9 0 0 
0 0 0 0 0 0 17 11 40 31 0 33 0 4 30 0 0 27 35 41 38 
2 0 0 0 43 0 44 38 0 34 0 0 0 46 24 0 29 1 0 36 
31 39 36 12 22 0 0 0 12 0 30 17 0 4 0 0 7 0 44 
0 0 0 39 0 32 19 0 8 16 24 16 0 0 0 28 45 0 
0 8 0 0 0 49 29 4 0 1 19 6 0 0 21 23 31 
0 14 14 41 41 2 0 10 19 0 26 0 39 0 33 10 
0 0 2 0 0 28 15 0 0 0 0 0 0 19 0 
50 19 6 20 49 0 0 24 29 0 23 0 29 0 
0 0 29 0 20 26 27 22 36 0 24 0 41 
16 0 0 16 0 0 39 0 7 0 1 19 
29 0 4 0 17 0 0 0 41 0 20 
28 46 0 19 0 0 0 28 22 0 
0 0 50 47 31 0 0 0 0 
0 42 0 42 48 7 44 14 
0 18 0 41 25 0 0 
17 13 0 0 0 23 
0 0 0 0 47 
19 0 7 38 
29 0 9 
0 35 
0 

1 40
1 55
1 63
1 79
1 83
1 93
1 96
2 4
2 10
2 18
2 24
2 29
2 33
2 48
2 52
2 89
3 4
3 18
3 23
3 53
3 60
4 29
4 31
4 64
4 84
5 20
5 22
5 27
5 45
5 51
5 56
6 8
6 18
6 29
6 43
6 46
6 55
6 63
6 74
6 76
6 86
6 91
7 8
7 32
7 68
7 71
7 76
7 88
8 12
8 33
8 41
8 55
8 61
8 67
8 84
9 12
9 22
9 47
9 51
9 75
9 83
10 40
10 74
10 85
10 87
10 92
10 93
11 16
11 29
11 41
11 42
11 54
11 66
11 82
12 18
12 30
12 36
12 38
12 47
12 77
12 80
12 89
12 99
13 18
13 21
13 51
13 91
14 28
14 60
14 91
15 25
15 26
15 31
15 64
15 65
15 68
16 32
16 40
16 43
16 74
16 90
16 100
17 21
17 23
17 34
17 38
17 40
17 52
17 59
17 89
17 100
18 27
18 61
18 74
18 83
18 95
18 98
19 32
19 38
19 48
19 74
19 80
20 42
20 55
20 70
20 85
20 86
20 94
21 24
21 37
21 85
22 27
22 36
22 52
22 53
22 63
22 79
22 98
23 26
23 31
23 33
23 34
23 40
23 58
23 88
23 90
24 35
24 40
24 71
25 27
25 43
25 56
25 64
25 67
25 76
25 85
25 93
25 98
26 32
26 49
26 50
26 69
26 71
27 28
27 34
27 46
27 48
27 53
27 56
27 65
27 68
27 69
27 70
27 93
27 94
28 54
28 56
28 57
28 62
28 70
28 71
28 84
29 31
29 49
29 70
29 72
29 74
29 88
29 100
30 37
30 55
30 76
31 32
31 40
31 41
31 61
31 77
31 90
31 99
32 40
32 48
32 53
32 69
32 75
32 79
32 84
32 87
33 37
33 55
33 67
33 72
34 42
34 45
34 56
34 64
34 91
35 41
35 43
35 44
35 45
35 52
35 61
35 67
35 70
35 99
36 49
36 63
36 82
37 43
37 46
37 64
37 69
37 72
37 79
38 50
38 53
38 59
38 63
38 98
38 100
39 47
39 54
39 68
39 73
39 75
39 88
39 95
40 67
41 58
41 62
41 79
41 80
41 81
41 90
41 99
42 43
42 68
42 79
42 91
42 100
43 72
43 73
43 93
44 52
44 65
44 80
45 60
45 71
45 79
45 83
46 66
46 71
46 81
46 85
46 92
46 97
46 98
46 99
46 100
47 61
47 67
47 81
48 54
48 86
48 88
48 100
49 51
49 65
49 70
49 95
50 73
50 77
50 80
50 92
51 59
51 72
51 79
51 83
51 88
51 91
52 63
52 66
52 69
52 82
52 98
52 99
53 62
53 75
53 76
53 77
53 85
53 97
54 78
54 94
55 58
55 66
55 76
55 81
55 87
55 91
55 97
55 100
56 65
57 69
57 91
58 59
58 75
58 78
59 66
59 86
60 65
60 67
61 76
61 79
61 95
62 64
62 65
62 68
63 65
63 72
63 74
63 75
63 95
63 98
64 74
64 80
64 94
65 73
65 89
65 93
66 85
66 86
66 96
67 79
67 80
67 84
67 89
67 99
68 70
68 76
68 89
69 71
69 73
69 80
69 89
69 94
69 96
70 77
71 79
71 80
71 87
72 77
72 85
72 87
73 99
74 87
76 88
77 91
78 82
78 94
79 96
80 99
81 88
81 94
85 87
85 94
85 100
86 98
87 97
88 96
89 91
89 95
90 96
90 97
91 97
93 94
