100 792 1000

14 56 58 29 64 30 73 110 38 16
104 51 11 80 18 70 79 105 80 93
18 105 93 105 106 73 26 52 71 81
11 62 91 68 106 92 107 97 68 16
47 80 54 65 66 62 41 74 75 103
42 73 80 98 46 30 20 92 81 71
108 103 110 106 50 82 27 57 54 78
19 95 58 51 63 97 70 49 69 18
61 30 12 52 40 28 44 37 41 33
57 85 68 23 36 11 69 103 78 96

4 46 48 19 54 20 63 100 28 6
94 41 1 70 8 60 69 95 70 83
8 95 83 95 96 63 16 42 61 71
1 52 81 58 96 82 97 87 58 6
37 70 44 55 56 52 31 64 65 93
32 63 70 88 36 20 10 82 71 61
98 93 100 96 40 72 17 47 44 68
9 85 48 41 53 87 60 39 59 8
51 20 2 42 30 18 34 27 31 23
47 75 58 13 26 1 59 93 68 86

7 35 0 0 39 0 0 0 31 0 0 0 0 1 0 42 22 12 4 0 0 48 37 0 0 0 0 0 0 49 40 0 0 11 15 0 20 3 0 0 22 0 0 0 6 31 0 4 0 7 0 0 0 0 1 15 0 20 33 0 0 0 22 18 0 6 0 4 26 17 38 27 34 2 40 0 30 0 25 21 47 0 0 0 27 0 0 0 50 22 7 0 17 1 0 0 14 0 0 
0 0 0 22 4 0 3 0 16 41 0 0 0 0 0 0 0 0 2 37 0 0 8 0 0 0 0 0 0 27 0 17 21 0 35 0 0 0 0 0 35 14 0 17 0 0 0 0 0 0 48 1 11 24 0 0 0 0 0 0 13 6 0 0 37 0 0 0 41 43 0 0 0 0 21 3 0 0 11 0 10 33 28 1 0 0 0 1 10 0 0 30 13 0 19 31 0 45 
0 30 41 0 1 41 7 0 0 0 0 10 37 0 0 40 18 0 0 0 0 0 21 0 0 25 0 0 0 0 21 0 0 24 0 0 0 2 0 0 0 0 11 0 11 22 48 0 0 0 0 0 21 27 0 16 0 0 6 0 28 38 15 37 25 0 14 0 21 34 0 0 25 0 0 24 0 0 0 0 0 0 0 2 7 0 0 0 0 4 26 17 32 0 0 24 41 
0 10 13 0 0 50 35 0 0 12 0 0 0 0 0 36 0 17 0 41 40 0 21 0 0 33 0 0 48 0 0 35 31 0 0 0 0 0 16 0 0 0 0 20 0 0 0 32 39 31 0 38 22 37 0 13 0 2 15 0 0 0 0 31 0 0 27 0 42 0 0 0 0 0 0 24 0 37 21 0 0 0 0 8 41 0 23 0 0 0 47 42 21 0 0 38 
0 0 38 0 0 15 0 0 46 0 7 18 11 36 0 0 0 43 3 33 0 0 0 0 16 4 31 13 0 0 0 27 37 14 7 0 0 0 0 0 4 31 0 0 42 0 29 0 49 29 0 0 39 41 40 46 0 11 0 0 0 7 9 0 4 0 0 9 0 43 0 0 0 0 47 0 15 0 38 23 0 28 0 8 49 0 0 13 15 24 0 21 4 25 26 
42 0 0 23 0 0 13 6 11 24 0 0 11 34 0 26 0 7 37 4 36 0 0 0 46 0 0 9 0 0 0 14 19 33 0 0 0 0 10 0 30 42 14 8 48 32 16 3 0 45 0 34 0 0 7 0 0 43 17 0 41 0 38 17 0 0 3 0 0 0 0 44 45 0 0 10 25 0 48 0 48 8 0 14 0 0 26 23 0 0 7 0 16 24 
0 49 1 0 46 0 35 0 0 46 47 25 25 32 41 0 25 0 34 0 0 0 0 26 0 0 38 0 0 40 0 0 33 0 0 0 0 35 0 0 41 42 20 3 0 31 49 38 35 50 0 0 0 3 17 32 23 0 13 0 0 0 0 0 0 0 36 0 0 0 0 0 0 9 0 16 36 0 40 0 0 0 23 49 0 0 0 43 26 0 2 0 0 
13 5 46 0 24 6 34 0 13 26 0 0 21 49 0 0 28 0 0 31 0 32 0 0 0 0 49 0 0 0 0 0 0 0 27 39 0 3 0 20 0 0 0 47 26 0 0 0 33 24 0 8 0 48 0 5 41 39 0 0 0 0 26 7 50 0 0 0 0 0 3 5 0 0 0 0 0 0 9 0 0 24 0 0 0 5 48 0 0 37 0 0 
0 0 0 14 15 0 45 35 36 0 34 0 0 0 0 34 0 0 36 0 34 21 0 0 0 41 44 36 0 0 0 17 17 15 0 0 5 0 0 25 27 0 0 15 48 0 16 0 0 0 0 0 0 0 30 19 41 0 0 44 39 0 0 0 26 0 2 0 0 0 16 0 0 0 0 0 0 0 37 0 4 0 0 40 10 43 1 3 0 0 0 
26 0 0 9 2 35 0 49 41 27 46 0 32 11 0 0 0 0 0 2 0 0 0 0 25 39 1 0 39 0 42 33 0 39 17 0 0 31 0 49 35 22 0 40 0 0 0 24 49 0 0 0 49 0 0 17 11 35 14 0 0 37 14 0 0 0 9 0 19 26 0 0 10 15 0 16 0 0 49 25 5 0 0 50 0 0 10 13 41 22 
34 24 0 1 0 48 0 23 0 8 7 37 0 29 11 41 18 0 14 0 34 47 0 0 12 16 0 27 48 0 0 0 0 0 11 27 0 0 6 0 23 0 0 0 0 4 0 0 0 0 0 14 39 22 0 0 35 27 14 0 14 5 0 0 5 0 0 0 0 0 0 40 10 23 0 0 3 23 0 50 0 0 19 0 0 0 0 19 0 
29 17 0 0 0 0 0 0 0 0 12 25 6 0 9 0 0 0 3 48 0 15 0 0 12 0 0 18 0 44 41 0 0 17 0 39 48 42 0 0 44 11 27 0 0 0 0 0 0 0 0 0 0 27 0 0 0 49 0 0 42 28 0 0 0 2 0 0 0 0 6 0 0 45 4 3 0 28 0 8 0 36 20 0 49 0 0 5 
33 0 37 6 0 0 46 0 46 0 41 21 5 15 4 47 16 3 0 32 0 0 0 0 44 22 0 0 0 0 0 6 0 0 20 7 0 0 0 0 0 38 0 0 43 6 14 0 49 0 27 0 8 0 37 19 1 0 0 0 27 0 0 0 32 0 1 0 0 35 0 0 0 14 0 0 0 0 0 0 6 0 10 6 0 0 0 
39 0 0 49 37 0 0 10 0 17 50 0 0 0 2 0 0 46 40 44 0 0 0 0 43 0 0 42 0 8 0 0 50 35 43 0 0 37 43 0 0 0 0 0 6 0 0 32 0 0 16 0 0 2 49 38 3 3 1 0 0 14 0 37 37 33 0 22 31 18 0 0 33 34 0 0 0 0 0 19 35 0 0 0 0 0 
0 0 37 2 0 21 0 22 41 0 0 32 33 39 0 0 34 0 0 0 0 0 0 1 40 32 23 25 38 24 0 0 0 0 0 6 24 23 8 23 17 38 13 0 46 35 10 1 0 0 0 33 0 18 0 35 40 40 0 0 27 16 50 10 0 25 34 0 31 0 0 2 0 38 40 22 0 0 0 30 47 0 0 30 31 
0 0 14 19 39 0 0 43 38 14 0 0 36 0 11 0 0 0 0 0 7 0 0 0 0 0 0 0 11 18 1 0 9 20 0 0 16 46 0 0 41 0 0 35 13 24 0 0 0 0 0 20 0 27 2 0 0 0 45 30 0 0 0 0 17 0 0 6 0 0 31 30 36 0 24 0 3 30 29 0 0 45 19 0 
0 0 22 0 0 0 0 47 0 0 0 0 2 31 0 7 0 0 0 40 0 46 0 28 0 11 0 0 20 40 0 0 0 0 0 0 0 0 0 0 0 0 41 3 0 25 9 0 0 0 43 47 13 0 0 0 41 0 21 0 1 46 0 30 0 1 18 0 0 0 0 0 29 0 0 9 0 7 0 27 0 8 0 
33 0 29 34 27 40 18 37 0 0 0 0 0 14 0 0 3 11 0 9 0 36 0 39 20 1 10 25 0 25 0 0 0 0 33 11 0 0 0 25 0 0 0 46 0 0 0 28 0 0 0 12 27 0 10 0 40 32 0 0 0 0 0 0 0 12 27 1 48 31 17 0 0 39 39 0 0 0 17 0 0 15 
49 2 0 0 0 0 42 0 3 0 0 0 0 40 25 0 4 3 0 0 20 18 29 38 35 35 5 15 0 0 50 0 0 40 10 37 0 38 26 0 0 43 42 27 0 0 42 0 44 0 0 0 12 0 0 42 0 40 0 0 0 17 32 30 19 24 48 43 0 0 12 48 0 2 0 0 0 45 49 0 0 
25 0 0 41 0 0 0 0 0 0 0 5 32 0 10 15 0 21 0 0 43 0 19 0 33 7 0 29 19 0 44 0 0 5 0 0 32 27 36 25 0 0 0 0 0 40 0 29 44 0 21 14 49 7 0 0 0 35 33 5 0 27 0 0 0 0 27 39 29 0 0 35 18 0 27 0 0 0 0 0 
0 14 0 25 28 32 0 19 0 23 14 0 20 0 0 0 0 6 44 41 32 0 0 50 45 0 0 11 0 0 33 0 0 0 0 0 20 0 0 0 17 0 40 0 0 50 0 0 0 0 42 17 0 9 0 0 0 48 10 45 0 34 0 0 0 0 0 0 37 49 43 0 38 36 11 0 0 0 25 
0 16 0 4 0 40 10 0 0 0 0 4 0 0 27 8 26 3 32 0 0 0 25 0 27 0 0 0 0 0 0 3 0 18 47 0 0 0 49 0 0 0 37 0 12 0 22 41 21 0 0 41 25 0 9 0 0 1 48 0 0 0 0 0 0 0 0 13 4 0 47 0 15 38 0 0 13 26 
46 0 0 9 36 0 0 0 0 0 0 0 0 0 31 36 0 32 34 0 0 39 29 0 50 0 0 0 0 0 15 42 0 0 0 0 0 0 0 0 0 11 0 19 11 49 41 29 40 0 0 24 0 24 36 0 0 37 0 0 0 42 0 23 0 49 0 0 18 35 0 0 43 0 0 0 23 
0 50 0 8 46 3 35 32 2 16 0 0 0 47 0 0 8 0 31 41 19 19 47 0 45 2 18 0 0 0 0 0 36 47 0 10 18 0 0 0 4 0 27 0 0 0 0 0 0 50 28 9 0 0 0 48 0 0 0 19 0 0 0 9 21 3 0 0 0 0 0 0 0 0 37 15 
0 0 0 38 23 20 22 0 11 21 49 0 0 30 0 6 20 0 9 46 0 13 0 0 0 46 0 21 0 0 0 22 0 0 12 0 7 10 0 0 0 0 48 0 35 37 18 0 0 37 0 0 19 0 10 46 48 0 0 0 0 32 0 37 34 18 15 0 0 0 0 9 0 0 0 
0 26 43 24 0 0 2 6 0 0 28 35 0 18 0 0 43 0 0 0 0 0 0 0 0 0 0 0 9 32 50 32 0 17 23 7 0 3 9 0 0 10 0 41 0 0 38 32 0 34 23 1 0 0 0 27 0 22 44 0 0 0 0 0 32 0 24 11 19 0 0 19 0 11 
0 0 40 46 47 14 0 3 0 0 25 0 0 7 36 0 0 41 0 0 0 0 11 0 0 0 6 0 0 0 0 0 0 0 12 0 24 0 0 35 0 0 0 0 0 0 0 9 14 36 5 0 0 0 0 13 23 21 32 0 0 14 27 0 32 0 0 0 0 25 44 0 35 
22 0 35 0 25 50 0 0 42 0 0 0 19 9 0 0 37 1 0 2 0 0 28 0 0 0 0 0 0 0 44 6 22 0 14 0 0 47 9 0 0 0 0 0 4 30 0 6 23 12 29 0 18 0 27 0 0 0 5 21 40 0 0 0 33 14 49 0 41 0 0 0 
39 0 49 0 0 0 30 0 0 0 5 4 12 0 3 0 0 0 0 0 0 0 13 0 38 43 42 0 0 0 33 38 30 0 0 0 20 8 0 0 0 0 0 0 0 26 39 0 50 9 0 31 30 0 0 18 42 26 0 0 40 27 43 33 8 0 47 18 0 0 0 
11 0 0 0 16 0 0 16 0 0 0 18 0 43 0 6 27 0 0 0 9 0 0 46 0 0 0 0 33 31 0 14 30 0 48 25 9 0 28 0 42 1 0 29 35 0 0 11 0 0 0 0 0 3 5 0 0 0 34 6 19 0 1 0 42 0 0 48 27 0 
0 28 0 23 0 0 0 0 0 0 0 0 0 7 28 0 0 38 0 0 0 0 0 32 0 18 20 0 2 0 0 0 47 41 43 0 18 43 0 5 26 24 18 33 48 0 0 15 13 0 32 0 0 2 43 0 0 37 0 2 28 43 49 0 0 0 39 0 0 
0 0 0 40 0 0 0 0 32 0 0 0 0 35 0 0 0 0 39 0 0 0 33 1 0 26 0 0 21 0 0 2 0 0 38 7 0 0 0 0 48 0 0 0 24 43 0 12 22 0 0 0 39 7 0 2 3 6 0 0 0 0 41 0 30 0 0 30 
0 0 3 0 15 29 0 0 0 0 8 28 0 37 48 0 0 0 0 0 0 0 9 23 40 0 36 19 17 0 5 0 0 0 0 0 0 0 0 0 0 21 39 39 0 30 0 0 28 29 0 0 0 5 31 0 38 33 0 1 0 0 0 48 0 37 40 
0 35 26 0 25 39 40 0 0 0 0 0 12 49 3 45 0 24 36 1 0 0 0 13 0 20 41 2 0 0 17 6 38 0 40 0 0 49 0 8 0 44 34 27 0 35 0 0 0 0 4 36 0 0 0 0 0 7 0 1 0 30 0 0 0 0 
47 0 41 0 0 0 0 0 0 0 0 47 0 0 0 0 0 1 0 37 0 0 12 0 0 0 9 16 0 38 0 0 0 0 0 45 0 0 0 0 32 0 0 0 0 17 0 0 29 48 15 42 2 0 0 45 18 32 18 0 4 0 0 0 28 
14 0 36 0 0 29 0 9 33 41 0 0 0 36 0 8 0 0 21 32 0 15 25 0 49 0 0 0 0 1 0 38 44 27 0 37 22 0 29 30 0 36 6 0 36 0 0 41 0 0 25 0 23 24 0 0 36 29 0 0 48 0 6 0 
5 0 19 0 47 0 0 27 0 0 33 27 24 42 19 0 45 10 2 19 33 2 0 22 13 0 0 0 26 0 42 0 0 16 0 33 38 0 2 32 0 0 45 0 26 11 24 32 0 19 0 0 0 39 29 32 0 15 30 0 0 0 0 
0 22 29 0 0 45 0 0 33 34 46 0 7 50 0 0 0 0 5 0 0 0 0 0 0 0 0 14 42 43 13 28 0 0 30 19 45 0 0 0 0 0 42 5 25 42 6 0 0 17 6 13 18 0 12 5 0 0 0 0 0 0 
46 0 0 23 0 8 0 0 0 0 15 6 47 21 0 20 44 0 0 0 40 0 0 33 33 0 41 0 0 0 0 0 16 0 0 0 0 0 0 0 26 0 32 17 38 0 50 32 0 0 27 2 0 0 19 0 11 0 0 14 42 
34 0 0 0 0 4 19 6 0 0 0 43 0 0 50 0 0 44 0 0 19 43 21 0 0 1 0 0 43 0 4 0 0 0 44 11 39 0 0 13 0 0 0 37 0 5 0 45 41 28 31 34 0 17 0 0 23 0 0 26 
0 0 39 13 0 0 0 3 2 0 45 0 0 0 13 0 0 48 41 0 0 46 8 0 0 0 47 32 0 0 0 20 48 34 0 0 21 0 0 0 49 18 44 26 0 0 29 19 0 18 20 0 0 0 0 26 0 0 0 
0 0 0 11 0 29 0 0 6 44 0 0 0 39 0 0 0 0 15 0 37 3 0 0 0 0 0 0 0 50 22 0 0 45 39 2 0 37 0 32 0 23 26 0 0 24 0 2 0 19 36 0 14 0 14 0 4 0 
43 38 42 33 0 31 0 35 7 0 0 0 22 31 9 0 0 0 13 0 10 0 0 27 9 0 5 0 0 0 0 40 26 0 35 0 0 0 0 0 20 48 0 0 13 0 0 0 27 0 0 0 0 0 3 0 23 
46 38 0 0 1 0 28 0 50 0 0 33 0 50 0 0 24 0 0 0 0 0 0 41 0 0 40 40 13 0 0 0 38 0 0 0 0 0 0 17 21 29 0 9 0 14 0 48 13 0 0 19 21 48 25 0 
45 0 0 0 0 0 0 0 47 35 30 0 10 0 0 0 0 49 0 11 33 0 8 32 0 0 0 50 45 0 40 14 34 0 39 0 0 0 29 35 49 0 13 0 0 0 2 0 0 22 0 0 0 0 0 
0 0 0 0 0 42 0 28 0 36 0 29 0 13 0 0 0 49 37 0 0 0 37 1 0 0 34 0 0 40 16 36 34 0 0 0 0 12 0 5 44 0 33 0 0 0 0 0 41 0 0 0 0 0 
0 0 11 0 0 0 7 0 0 0 0 0 36 0 4 20 0 41 0 0 0 3 14 0 0 0 0 12 0 0 49 35 37 0 0 0 0 30 30 36 38 12 48 0 0 48 8 0 33 0 20 0 0 
0 0 27 48 0 0 0 39 0 2 8 47 39 41 33 39 3 0 0 10 0 0 22 48 0 44 0 0 0 0 0 0 0 10 0 0 0 0 0 0 0 0 21 0 0 0 0 0 0 0 0 0 
50 0 19 3 0 0 0 48 0 4 0 2 0 50 20 0 14 40 41 0 0 40 44 6 26 0 37 0 42 43 0 0 0 0 0 4 0 0 0 16 25 0 0 29 36 0 0 0 0 13 0 
23 0 0 11 22 13 33 25 48 29 6 34 3 0 8 41 0 50 0 5 0 33 0 0 41 35 0 19 5 0 0 26 0 0 21 5 39 0 20 37 44 0 0 32 44 0 25 0 0 44 
1 39 0 21 0 0 0 0 0 28 31 0 11 46 0 0 27 30 0 26 0 1 17 28 0 0 0 0 0 0 1 0 0 0 6 0 0 39 19 0 42 32 21 0 19 0 47 0 0 
11 0 0 30 41 0 0 0 46 17 0 0 50 0 9 0 0 0 0 33 47 5 41 9 20 25 0 0 0 0 39 29 15 21 0 0 29 44 0 0 38 0 16 0 12 0 0 4 
48 38 0 0 0 45 39 0 0 0 0 0 0 0 41 43 0 0 33 0 0 0 0 0 0 42 0 20 0 0 37 0 0 0 0 0 0 30 0 0 5 4 28 0 28 0 7 
49 49 47 0 37 0 40 25 0 0 0 0 0 0 0 0 0 0 0 0 0 44 45 0 2 0 45 0 43 0 0 47 35 0 1 18 30 0 0 0 0 9 0 0 0 0 
0 0 0 33 0 0 0 0 18 0 0 13 0 16 7 34 0 0 0 0 0 4 21 0 0 0 0 0 0 19 0 0 0 21 0 0 3 23 0 0 1 0 0 0 0 
17 40 44 0 0 1 43 10 0 4 0 0 22 0 18 0 0 29 0 23 16 0 25 2 46 38 0 0 0 0 0 13 0 13 21 37 47 39 0 33 0 2 49 0 
0 5 0 0 33 14 18 0 12 30 1 0 0 42 3 40 0 0 0 5 3 18 0 0 0 0 0 0 49 16 0 0 0 0 0 42 43 0 1 0 0 0 0 
0 12 0 0 44 4 28 0 0 36 0 29 0 0 0 33 0 0 43 0 46 0 7 0 30 0 0 0 0 42 0 0 30 0 0 12 0 25 18 35 0 2 
0 0 50 0 0 35 0 18 11 46 1 0 5 28 40 17 0 40 26 0 0 0 0 0 0 18 0 21 2 0 45 0 22 4 0 0 22 22 0 0 31 
0 0 22 0 0 0 0 8 0 31 0 24 4 0 0 18 30 13 39 24 0 32 45 0 37 21 0 30 1 0 0 15 33 31 12 19 0 8 2 49 
0 0 0 0 36 0 0 0 0 0 0 0 0 0 0 0 0 0 16 0 22 24 0 20 0 0 47 0 0 0 22 0 0 0 48 2 0 17 0 
25 0 0 0 38 0 0 13 46 0 0 8 0 9 0 43 0 0 0 0 37 0 26 0 0 0 27 0 3 0 27 25 0 0 0 0 13 35 
0 0 0 0 0 0 0 0 0 0 0 0 44 0 8 19 0 47 10 0 0 0 0 0 12 35 31 14 0 39 40 0 2 46 0 0 0 
0 0 2 47 0 0 0 0 0 0 0 34 0 25 45 0 0 10 0 0 11 0 50 0 32 17 29 0 8 0 44 9 40 40 32 48 
0 44 0 0 45 22 0 0 41 25 0 0 19 23 0 41 10 0 0 0 0 0 18 0 0 36 0 0 0 2 46 28 0 33 0 
0 0 0 0 0 5 17 13 13 0 0 40 20 15 14 0 25 22 0 0 0 0 0 0 27 0 0 32 20 0 50 47 22 10 
0 0 47 0 0 24 4 0 5 2 28 0 0 0 0 5 0 5 0 5 18 0 23 26 33 44 1 0 34 1 18 0 0 
25 0 34 0 0 0 37 0 0 0 0 9 6 0 0 2 47 18 0 8 0 0 0 0 33 40 0 46 35 42 0 39 
0 0 0 0 31 0 2 0 28 0 0 0 21 0 5 0 21 36 0 0 0 48 14 0 0 0 0 44 0 0 48 
23 0 0 0 35 0 0 47 0 29 0 50 40 0 0 0 22 46 0 25 43 13 11 35 0 5 0 1 20 30 
25 0 0 47 7 35 0 0 0 0 19 0 25 17 49 0 0 0 0 0 0 8 0 0 0 25 47 14 0 
0 0 0 24 0 0 0 48 29 0 37 0 0 0 0 0 8 0 16 0 8 5 9 0 0 43 0 30 
0 38 12 16 2 14 33 0 14 0 0 46 0 0 0 20 15 16 0 35 0 0 0 28 12 0 35 
0 6 9 0 0 6 25 41 35 13 0 0 0 40 0 3 0 0 0 0 0 25 47 27 0 0 
0 42 22 26 3 0 0 0 0 7 0 33 29 0 0 17 11 0 0 25 50 0 48 36 0 
45 23 13 10 50 36 0 35 5 0 0 0 0 0 0 27 0 0 0 0 44 33 0 0 
0 0 13 29 0 0 0 0 0 37 23 37 0 0 0 12 0 14 31 0 16 25 0 
0 0 33 0 31 0 1 48 0 32 0 21 43 0 39 0 18 0 0 9 0 0 
48 24 41 0 0 12 0 0 40 0 0 33 0 4 0 34 0 27 35 0 38 
0 12 0 1 0 0 0 38 26 34 1 0 37 46 0 1 29 1 0 0 
0 0 0 0 22 0 0 42 0 6 0 0 0 0 0 0 7 0 0 
0 0 43 0 0 0 19 25 0 0 0 0 0 47 0 0 45 0 
0 0 0 0 19 0 0 4 0 0 19 6 0 0 21 23 0 
31 0 0 0 0 0 0 10 19 0 26 11 0 0 33 10 
0 0 0 43 50 0 15 31 0 0 14 0 0 19 0 
0 19 6 0 49 25 19 24 29 34 23 0 29 13 
0 0 29 0 0 26 0 22 36 0 24 0 41 
0 31 0 0 0 38 0 0 7 0 1 0 
29 0 4 13 17 0 0 0 41 12 20 
0 0 32 0 0 0 0 0 0 45 
0 0 0 0 0 0 0 0 0 
31 42 3 0 48 0 0 14 
0 18 21 0 25 0 0 
0 0 31 28 13 23 
42 0 0 25 0 
0 41 0 38 
0 16 0 
0 35 
24 

1 7
1 9
1 26
1 28
1 37
1 40
1 41
1 50
1 55
1 63
1 79
1 83
1 85
1 93
1 96
1 99
2 4
2 8
2 10
2 18
2 23
2 24
2 29
2 33
2 36
2 48
2 49
2 52
2 69
2 79
2 80
2 89
2 99
3 4
3 12
3 17
3 18
3 23
3 28
3 31
3 43
3 53
3 60
3 61
3 74
3 81
3 83
3 89
4 28
4 29
4 31
4 46
4 51
4 64
4 74
4 84
4 90
4 94
5 15
5 20
5 21
5 22
5 27
5 41
5 44
5 45
5 51
5 56
5 64
5 69
5 71
5 74
5 78
5 83
5 88
5 91
6 8
6 18
6 23
6 29
6 33
6 43
6 44
6 46
6 55
6 63
6 68
6 72
6 74
6 76
6 86
6 91
7 8
7 23
7 27
7 32
7 46
7 67
7 68
7 69
7 71
7 76
7 79
7 88
7 89
7 99
8 12
8 27
8 33
8 41
8 54
8 55
8 61
8 67
8 68
8 84
8 88
9 10
9 12
9 15
9 19
9 22
9 29
9 38
9 47
9 51
9 57
9 58
9 63
9 68
9 75
9 78
9 83
9 85
10 13
10 38
10 40
10 53
10 60
10 74
10 85
10 87
10 88
10 92
10 93
10 95
11 16
11 29
11 41
11 42
11 54
11 60
11 66
11 82
11 92
12 16
12 18
12 30
12 36
12 38
12 45
12 47
12 52
12 57
12 59
12 76
12 77
12 80
12 82
12 89
12 99
13 18
13 21
13 40
13 51
13 57
13 75
13 90
13 91
13 95
14 23
14 28
14 51
14 60
14 61
14 66
14 67
14 85
14 90
14 91
14 98
15 25
15 26
15 31
15 35
15 36
15 49
15 64
15 65
15 68
16 32
16 33
16 34
16 38
16 40
16 43
16 44
16 51
16 52
16 55
16 58
16 74
16 90
16 92
16 100
17 21
17 23
17 34
17 38
17 40
17 51
17 52
17 57
17 59
17 89
17 100
18 27
18 41
18 50
18 52
18 56
18 61
18 74
18 83
18 90
18 91
18 94
18 95
18 98
19 30
19 32
19 38
19 48
19 64
19 71
19 74
19 80
19 99
20 31
20 37
20 42
20 44
20 50
20 55
20 61
20 67
20 70
20 85
20 86
20 94
20 98
20 99
21 24
21 37
21 70
21 76
21 77
21 82
21 85
21 89
21 99
22 27
22 36
22 43
22 52
22 53
22 63
22 73
22 79
22 84
22 85
22 86
22 94
22 98
23 25
23 26
23 31
23 33
23 34
23 40
23 52
23 57
23 58
23 63
23 76
23 82
23 88
23 90
24 25
24 27
24 35
24 37
24 40
24 42
24 54
24 55
24 66
24 71
24 92
24 95
25 27
25 37
25 40
25 43
25 50
25 56
25 64
25 67
25 76
25 85
25 86
25 93
25 98
25 99
26 32
26 36
26 42
26 46
26 49
26 50
26 51
26 52
26 63
26 69
26 71
26 83
26 86
26 89
26 90
26 99
27 28
27 34
27 46
27 48
27 51
27 52
27 53
27 56
27 63
27 65
27 68
27 69
27 70
27 87
27 93
27 94
28 38
28 54
28 56
28 57
28 62
28 68
28 69
28 70
28 71
28 72
28 84
28 85
29 31
29 48
29 49
29 64
29 70
29 72
29 74
29 88
29 100
30 37
30 39
30 41
30 50
30 55
30 68
30 76
30 82
30 86
30 88
30 94
31 32
31 40
31 41
31 42
31 51
31 53
31 54
31 61
31 77
31 90
31 96
31 99
31 100
32 33
32 40
32 48
32 53
32 69
32 75
32 79
32 84
32 87
32 98
33 37
33 43
33 55
33 66
33 67
33 72
33 92
34 35
34 42
34 43
34 45
34 56
34 64
34 79
34 91
34 97
35 41
35 43
35 44
35 45
35 46
35 49
35 52
35 61
35 67
35 70
35 75
35 99
36 43
36 49
36 53
36 63
36 64
36 82
36 91
37 43
37 46
37 53
37 64
37 69
37 72
37 79
37 81
37 86
37 88
37 94
37 97
37 99
38 43
38 45
38 50
38 53
38 59
38 63
38 96
38 97
38 98
38 99
38 100
39 47
39 54
39 58
39 61
39 67
39 68
39 70
39 73
39 74
39 75
39 77
39 88
39 92
39 93
39 95
40 42
40 57
40 67
40 74
40 78
41 51
41 58
41 61
41 62
41 77
41 79
41 80
41 81
41 87
41 90
41 99
42 43
42 45
42 54
42 57
42 58
42 66
42 68
42 75
42 79
42 83
42 91
42 96
42 100
43 48
43 63
43 66
43 72
43 73
43 90
43 93
43 95
44 47
44 52
44 55
44 65
44 78
44 80
44 87
44 100
45 60
45 62
45 71
45 72
45 79
45 81
45 83
46 49
46 57
46 63
46 66
46 71
46 80
46 81
46 82
46 85
46 88
46 90
46 92
46 97
46 98
46 99
46 100
47 51
47 53
47 61
47 67
47 72
47 76
47 77
47 81
47 91
48 49
48 54
48 70
48 75
48 78
48 81
48 85
48 86
48 88
48 93
48 95
48 97
48 100
49 51
49 65
49 70
49 83
49 84
49 95
50 73
50 77
50 80
50 92
50 98
51 59
51 67
51 72
51 76
51 78
51 79
51 83
51 88
51 91
51 95
51 97
52 63
52 66
52 69
52 82
52 98
52 99
53 56
53 62
53 63
53 65
53 71
53 74
53 75
53 76
53 77
53 78
53 85
53 97
54 58
54 60
54 65
54 74
54 78
54 84
54 93
54 94
54 100
55 58
55 65
55 66
55 76
55 81
55 87
55 91
55 97
55 100
56 65
56 83
56 86
57 69
57 76
57 84
57 91
57 95
58 59
58 61
58 62
58 66
58 75
58 78
58 89
58 90
58 92
59 60
59 66
59 76
59 79
59 86
59 95
59 99
60 65
60 67
60 81
61 65
61 76
61 78
61 79
61 93
61 95
62 64
62 65
62 68
62 69
62 75
62 77
62 80
62 97
63 65
63 72
63 74
63 75
63 80
63 85
63 95
63 98
63 99
64 74
64 80
64 86
64 88
64 94
65 68
65 69
65 73
65 77
65 83
65 89
65 93
66 69
66 85
66 86
66 93
66 96
67 79
67 80
67 84
67 86
67 89
67 95
67 99
68 70
68 73
68 76
68 78
68 89
68 95
69 71
69 73
69 75
69 80
69 89
69 94
69 96
70 77
70 85
71 74
71 79
71 80
71 81
71 83
71 87
71 88
71 92
71 94
71 95
71 96
72 75
72 77
72 82
72 85
72 87
73 87
73 99
74 85
74 87
74 92
75 89
75 100
76 88
76 89
76 99
77 82
77 83
77 91
77 97
78 82
78 87
78 94
78 99
78 100
79 90
79 92
79 94
79 96
79 99
80 99
81 84
81 88
81 94
82 88
82 94
83 90
83 97
84 88
85 87
85 94
85 98
85 100
86 98
87 89
87 97
88 89
88 93
88 96
89 91
89 95
90 96
90 97
91 93
91 94
91 97
93 94
94 95
95 98
96 97
