150 447 1000

84 57 81 93 71 35 68 19 45 24
102 108 70 44 80 14 94 105 99 53
16 110 76 42 29 22 49 45 93 46
37 19 106 45 21 109 38 37 43 76
86 64 64 90 89 87 99 39 17 80
37 13 43 67 36 30 34 33 72 87
106 100 80 35 92 99 26 66 105 90
70 64 33 56 45 54 33 61 27 86
68 27 98 28 99 12 30 74 108 49
55 106 86 19 86 27 48 19 73 40
35 54 61 93 22 74 45 28 109 79
32 105 86 97 99 71 77 75 83 22
37 107 43 105 72 104 71 52 104 89
65 80 69 100 51 76 29 71 50 36
30 32 82 90 15 12 32 100 88 37

74 47 71 83 61 25 58 9 35 14
92 98 60 34 70 4 84 95 89 43
6 100 66 32 19 12 39 35 83 36
27 9 96 35 11 99 28 27 33 66
76 54 54 80 79 77 89 29 7 70
27 3 33 57 26 20 24 23 62 77
96 90 70 25 82 89 16 56 95 80
60 54 23 46 35 44 23 51 17 76
58 17 88 18 89 2 20 64 98 39
45 96 76 9 76 17 38 9 63 30
25 44 51 83 12 64 35 18 99 69
22 95 76 87 89 61 67 65 73 12
27 97 33 95 62 94 61 42 94 79
55 70 59 90 41 66 19 61 40 26
20 22 72 80 5 2 22 90 78 27

21 0 0 0 30 44 0 17 0 44 22 14 30 0 11 0 0 0 14 16 0 0 6 39 0 0 19 0 0 0 29 37 0 0 0 36 44 0 9 0 0 0 44 16 25 37 29 0 17 0 16 41 0 0 0 43 0 34 34 0 0 20 46 0 0 47 5 35 0 0 39 0 0 15 0 0 0 0 46 0 0 46 28 28 36 0 30 0 45 22 44 32 25 45 0 0 0 0 0 0 0 3 48 7 28 0 0 38 0 0 50 49 22 0 0 0 0 0 0 0 0 0 0 0 3 22 44 0 11 0 30 0 31 0 34 0 36 0 14 9 0 15 11 0 0 32 49 0 13 
41 0 43 0 7 0 0 41 30 0 0 33 31 0 0 46 0 20 28 36 0 44 7 11 24 47 0 0 8 34 23 0 22 39 18 0 7 0 0 26 46 0 0 0 0 0 27 0 45 31 16 35 17 35 44 22 0 9 31 34 17 0 10 25 6 0 0 29 0 0 0 0 0 0 50 16 25 6 48 0 44 0 0 0 0 47 22 3 37 24 35 0 0 0 49 8 0 0 11 0 33 39 0 0 30 0 21 37 0 1 0 0 9 19 4 18 44 22 9 48 40 39 0 0 0 0 10 0 0 26 6 0 1 23 0 50 0 0 0 17 0 40 30 0 23 30 2 0 
0 46 5 0 0 0 31 0 0 0 0 7 0 0 1 13 0 0 29 19 50 0 0 20 19 4 0 20 7 5 10 0 49 0 42 0 34 30 0 12 0 33 38 41 0 14 0 40 16 0 6 0 34 23 0 23 48 43 1 0 45 2 0 0 42 0 0 0 0 0 0 0 29 0 0 0 41 0 44 0 0 0 0 50 7 35 48 0 0 35 44 16 0 26 0 50 1 0 35 0 33 0 0 0 0 0 0 0 0 0 8 21 0 43 0 11 12 44 28 13 0 19 37 0 45 0 17 49 37 0 14 25 0 3 0 0 0 0 0 0 12 11 0 1 29 0 17 
35 39 22 10 0 24 0 28 5 6 50 0 0 0 40 50 0 0 46 0 0 0 28 0 4 0 24 21 0 0 0 37 24 0 22 0 0 0 1 18 0 19 5 0 0 40 5 0 27 0 0 34 0 0 24 0 0 0 32 0 47 0 32 46 19 48 0 20 50 24 13 0 0 0 0 35 0 10 31 46 25 33 0 39 0 0 8 22 0 31 0 0 39 0 0 0 0 0 18 26 0 40 0 11 42 0 47 28 9 10 7 12 31 14 33 0 1 0 16 0 4 0 49 0 35 0 24 0 0 0 0 0 0 0 2 0 8 1 0 4 25 46 14 35 35 32 
0 0 0 0 50 0 0 12 47 0 0 0 37 0 24 0 32 13 23 41 47 50 50 0 0 0 0 41 0 48 6 0 0 29 0 37 20 25 27 38 0 23 0 16 21 0 0 26 0 0 0 42 12 0 36 4 39 0 20 8 13 31 0 0 0 4 42 0 0 16 41 0 6 50 0 0 0 12 0 0 0 0 0 10 29 49 0 20 0 31 0 23 9 50 9 41 43 0 0 0 20 0 13 17 0 0 48 14 0 0 0 0 7 17 0 43 0 42 0 0 0 0 0 30 12 0 47 0 35 0 33 17 0 0 30 0 22 37 1 0 0 25 11 22 4 
0 0 17 0 0 0 21 0 15 27 44 35 44 0 0 0 11 0 0 11 47 0 46 0 0 0 7 35 0 5 50 0 39 0 24 0 0 46 0 0 0 45 0 0 0 0 34 0 12 34 19 0 24 48 11 0 45 11 0 15 0 0 36 0 0 24 6 29 0 43 0 13 0 27 0 0 2 31 7 34 0 0 6 0 0 44 0 13 0 0 0 0 22 0 23 31 48 46 7 0 30 24 25 0 0 0 0 48 7 7 41 13 28 0 13 0 29 31 39 0 37 23 31 0 21 0 0 1 0 0 0 0 2 27 24 0 31 0 0 25 0 41 3 0 
0 39 46 39 0 0 0 31 0 44 40 9 0 0 29 0 40 49 0 39 0 17 0 0 27 0 0 49 15 46 0 15 0 0 47 9 43 7 0 19 40 0 12 4 0 21 0 0 23 0 0 50 10 0 0 35 30 14 0 47 0 20 43 45 31 0 31 37 45 0 33 0 0 30 4 35 0 5 0 16 47 0 44 4 0 5 26 38 26 0 7 9 0 20 7 5 5 0 46 0 50 0 37 14 0 0 0 0 0 0 0 34 47 0 17 29 19 44 26 21 36 0 12 0 11 47 0 44 48 0 0 31 37 4 0 2 0 42 34 40 0 0 0 
31 50 4 45 44 0 6 0 0 10 46 17 34 0 0 0 32 0 38 0 5 0 0 0 0 0 26 7 19 0 1 0 47 0 6 0 0 27 14 31 10 39 0 10 0 0 0 44 39 0 0 41 0 43 0 0 6 46 0 8 1 39 18 44 0 15 0 39 50 0 40 41 0 25 0 11 18 28 0 0 0 38 35 30 0 0 46 0 0 31 0 17 44 0 0 0 42 15 0 0 23 41 46 24 27 0 32 0 0 0 0 35 0 0 0 32 0 0 44 49 0 11 29 8 35 17 24 28 0 0 0 43 0 0 0 40 10 0 20 34 0 13 
38 38 0 0 38 0 4 0 0 0 0 37 0 0 0 0 0 23 0 0 29 0 0 3 33 31 0 0 16 33 34 0 14 32 0 17 1 39 16 28 0 41 0 0 33 0 43 19 0 0 16 14 0 49 24 0 0 13 27 0 2 37 0 0 0 0 8 4 0 0 25 0 46 0 21 21 0 0 0 0 0 0 0 9 2 0 18 0 35 35 0 49 0 10 9 0 0 16 0 31 47 0 42 45 6 0 0 28 28 25 33 23 14 0 34 35 7 5 0 0 3 48 15 0 0 0 0 0 0 0 0 0 0 4 14 10 0 0 0 0 11 
12 35 0 0 5 9 0 49 0 38 0 30 0 31 48 32 5 49 48 46 24 0 39 23 0 0 0 0 0 0 0 0 22 46 0 20 18 10 0 27 0 26 13 0 45 0 0 0 30 16 12 0 34 27 0 0 10 2 39 0 10 19 2 0 0 9 0 11 17 0 0 24 23 0 0 44 43 9 22 0 49 0 39 23 0 0 0 0 0 0 43 43 0 17 9 0 24 49 13 29 0 7 9 46 0 8 0 0 0 38 0 0 0 48 9 0 24 17 31 0 50 44 0 19 50 42 0 18 0 12 9 0 27 33 0 44 39 10 0 6 
0 1 0 13 0 0 7 0 40 47 50 0 0 0 46 8 0 0 23 0 35 0 0 0 0 0 27 0 0 0 22 0 0 0 0 0 0 0 28 46 28 0 0 0 10 0 0 0 0 15 0 0 43 47 0 50 0 0 16 19 25 0 41 21 0 26 0 0 11 22 0 0 0 43 0 0 16 0 0 0 0 38 11 1 0 43 28 0 0 0 0 0 0 0 25 35 27 34 0 0 7 0 34 32 0 6 0 0 0 0 20 0 0 3 31 0 41 33 48 1 33 0 0 0 1 27 0 49 0 36 18 0 0 2 26 33 23 27 19 
0 29 42 13 0 0 0 0 0 13 32 0 12 21 0 0 2 0 1 0 0 37 43 9 22 6 11 0 0 0 0 0 0 43 23 23 23 25 2 12 0 0 6 0 0 0 4 0 26 0 35 11 0 0 0 34 0 20 30 21 0 0 0 40 50 0 20 0 0 0 0 0 46 0 0 7 0 0 0 49 7 0 11 19 0 17 27 8 23 41 0 41 0 0 10 4 0 0 0 28 47 40 19 36 12 0 49 1 44 4 0 6 10 6 0 36 18 0 0 7 36 0 0 45 13 0 0 48 3 39 26 0 35 25 39 0 17 0 
0 40 0 15 38 45 0 0 35 12 22 23 0 0 45 18 4 37 42 0 25 0 0 34 0 33 0 21 47 0 0 0 0 14 48 7 22 0 7 0 49 0 0 44 0 0 0 0 0 0 45 44 0 0 0 49 29 0 0 0 0 0 31 0 0 36 44 32 4 14 0 30 34 0 46 29 0 34 41 0 0 0 6 19 0 32 0 5 48 20 40 46 15 11 0 0 0 21 0 25 0 0 20 0 0 30 6 40 8 33 7 0 44 0 27 47 32 38 0 0 0 18 49 5 0 0 39 21 33 11 2 0 0 0 3 11 34 
0 0 3 0 0 41 23 41 37 37 28 0 42 0 14 0 50 0 42 30 46 10 0 42 20 3 19 0 47 50 30 33 0 22 0 19 0 15 25 0 1 25 22 43 0 0 18 35 7 0 0 0 0 22 48 0 0 0 0 14 0 30 0 42 0 0 15 0 0 0 44 0 0 21 0 7 0 21 28 0 0 0 41 14 2 0 0 0 15 0 0 8 28 25 36 0 17 14 50 15 0 34 0 0 11 30 0 49 27 38 5 41 0 0 0 0 20 34 0 16 24 4 14 0 22 31 0 0 0 23 0 32 0 0 38 41 
36 9 0 14 0 0 0 0 0 18 49 14 2 3 0 0 21 0 25 0 2 16 32 18 0 17 0 0 8 21 5 0 0 0 0 44 6 33 0 27 0 0 0 29 0 9 0 9 49 0 0 0 19 0 3 0 0 34 34 0 0 0 39 28 6 7 0 44 9 22 0 2 0 7 0 0 0 0 8 0 0 0 3 15 20 6 0 2 50 0 46 43 0 47 0 0 0 0 22 37 0 34 3 12 22 0 0 46 30 0 40 0 1 0 4 0 0 0 21 24 0 26 0 29 46 31 39 15 25 50 9 0 0 37 0 
0 0 0 29 0 0 0 22 7 6 0 15 0 0 24 2 8 6 35 0 2 0 13 0 13 41 24 0 0 44 0 41 47 50 12 0 43 27 0 48 0 0 1 0 0 0 42 0 0 44 0 0 0 0 7 0 47 43 0 36 49 38 0 29 35 40 0 15 0 6 11 0 0 0 0 22 36 29 0 0 28 0 0 2 0 0 0 0 0 0 50 21 2 0 34 0 28 0 4 5 0 0 0 43 25 0 0 12 31 13 3 0 34 43 6 0 0 0 40 3 34 32 0 0 0 0 0 26 46 10 22 0 2 0 
25 35 0 0 43 36 28 13 0 27 0 34 16 6 43 0 0 15 0 0 0 0 25 0 0 34 0 0 17 44 28 38 0 0 0 0 21 0 23 28 8 35 44 5 0 50 25 0 0 47 13 1 32 49 0 42 24 0 5 0 0 43 0 45 0 7 13 0 42 44 3 26 26 0 0 0 29 2 0 6 44 0 38 50 0 7 42 38 28 0 0 4 10 0 0 0 1 0 0 24 0 10 0 48 31 17 0 43 6 38 38 0 0 0 19 12 0 7 29 19 0 0 0 0 50 26 0 0 13 25 29 5 0 
0 3 0 12 0 30 27 0 0 6 42 0 47 8 49 0 0 41 0 43 15 34 0 0 0 0 24 0 0 28 0 10 0 40 0 37 0 0 31 0 2 5 0 33 44 0 0 24 0 0 17 5 49 35 0 0 0 0 5 0 17 18 0 30 0 21 0 0 40 26 21 7 0 12 3 0 0 0 0 30 6 48 6 0 5 23 49 0 9 0 35 0 0 11 19 0 45 0 0 0 16 0 0 0 0 0 25 0 0 17 5 49 3 35 14 1 0 8 0 0 0 34 0 9 6 35 0 0 0 28 32 20 
0 44 0 0 0 17 18 15 0 0 35 10 31 13 0 0 0 34 40 0 35 0 5 0 12 47 25 49 0 0 24 21 18 18 33 15 23 0 0 9 31 0 48 26 0 35 0 0 37 22 0 0 0 0 27 0 0 5 0 0 16 6 0 0 0 0 0 16 45 37 14 0 5 0 0 43 33 0 37 27 33 36 0 17 46 7 12 0 17 0 0 0 7 1 0 0 0 0 30 0 0 36 20 38 0 1 32 0 47 17 25 0 0 0 0 22 0 0 46 22 0 0 3 14 0 0 34 0 0 42 49 
0 14 0 22 37 35 0 0 32 0 0 0 35 0 2 44 0 42 0 0 40 24 14 0 12 2 0 26 0 16 37 14 0 0 0 19 43 0 0 43 10 0 39 21 18 17 31 31 8 8 0 0 17 0 0 22 16 15 0 0 0 0 30 50 21 6 0 37 0 25 45 32 0 46 22 0 0 1 0 19 0 13 29 30 0 16 41 7 0 33 17 24 49 0 27 26 0 0 0 46 0 0 0 49 0 0 38 0 0 37 4 50 38 28 25 9 0 0 0 35 38 6 0 0 33 30 49 24 34 31 
23 47 0 0 0 4 2 36 46 0 39 25 29 0 15 1 0 0 43 5 23 0 20 4 0 0 21 0 2 31 42 0 28 13 34 9 28 27 23 45 0 0 0 0 0 0 0 25 42 8 10 1 0 0 18 40 4 27 19 46 0 0 0 9 32 13 30 21 0 20 26 0 0 0 0 47 0 0 1 39 50 0 0 0 0 0 39 41 1 41 0 0 0 42 0 34 46 0 28 41 0 0 0 34 0 3 48 45 29 0 0 0 23 6 1 0 6 29 11 0 0 6 30 21 10 0 0 0 12 
34 0 4 20 48 0 0 0 42 49 0 5 0 0 47 16 6 11 0 42 0 0 0 0 16 14 42 30 0 0 0 0 15 47 26 21 31 0 0 0 31 21 0 21 44 0 0 5 10 0 0 8 2 0 0 22 0 33 3 0 24 47 0 12 0 0 39 0 15 0 28 0 39 45 29 33 0 0 35 0 21 30 38 8 0 0 22 0 37 0 0 33 7 0 0 8 42 0 6 0 32 1 0 0 4 10 39 0 13 24 0 29 0 0 7 0 0 23 2 0 44 4 45 6 19 48 48 0 
0 0 0 0 0 0 38 18 49 0 23 31 16 17 28 0 8 0 4 0 9 4 26 0 0 49 0 0 17 16 0 0 4 0 0 0 0 0 0 0 0 0 3 0 0 0 8 28 11 0 44 0 47 0 0 35 0 0 40 0 25 26 0 8 0 3 27 0 41 40 0 0 46 7 20 0 0 0 0 0 0 11 0 14 43 0 20 46 47 27 42 3 0 32 44 36 36 0 20 0 0 0 10 0 0 0 46 0 3 41 22 45 38 0 47 0 10 0 42 30 0 0 0 12 0 6 5 
12 32 31 9 30 0 7 0 39 0 0 37 0 0 0 13 14 0 7 46 0 6 26 0 0 0 0 0 39 44 0 0 0 0 0 23 0 0 19 33 0 14 20 0 24 35 44 42 28 0 0 6 0 40 18 0 28 0 0 0 0 9 3 0 0 18 17 0 22 33 30 0 0 38 1 0 12 0 11 0 34 1 13 33 38 24 32 40 0 44 13 0 33 0 0 0 0 3 37 0 38 34 5 30 35 3 0 0 3 0 0 0 41 20 0 36 48 0 0 31 0 47 5 46 0 9 
23 0 4 0 6 0 0 0 0 0 45 2 0 33 28 12 0 0 14 0 0 31 0 10 0 0 0 37 38 0 25 0 23 14 23 31 28 0 13 0 0 37 0 10 0 0 40 0 0 0 0 29 11 32 25 0 0 0 0 42 22 0 37 0 0 37 0 0 0 0 0 27 0 0 15 0 9 49 0 0 12 0 0 20 0 0 41 0 39 6 36 13 44 0 0 0 42 0 28 0 23 36 0 0 48 48 24 49 19 0 24 0 0 0 0 0 0 18 1 24 34 0 0 0 0 
40 6 0 0 0 0 4 42 46 0 14 32 0 43 24 0 0 0 50 0 0 0 2 0 0 13 0 0 33 37 0 27 7 3 0 0 33 0 26 24 10 12 0 0 33 0 0 0 0 24 20 36 0 35 6 0 32 0 0 0 17 0 0 0 25 37 6 16 0 0 0 44 0 0 0 0 7 38 0 35 0 27 0 0 0 10 0 50 37 0 0 29 41 39 0 12 16 0 44 0 0 0 0 36 11 41 9 0 0 40 29 0 0 0 0 39 21 0 49 0 0 29 0 24 
0 0 0 12 0 20 0 0 0 0 0 0 0 0 0 0 0 0 3 8 4 32 0 0 0 0 18 20 48 0 0 0 0 0 0 0 24 7 9 0 0 19 0 38 0 7 14 0 29 0 13 16 40 0 13 12 0 50 0 0 5 0 0 13 0 0 0 4 0 6 18 0 47 0 0 0 0 43 4 49 0 24 17 12 14 0 8 44 22 36 0 0 0 0 0 29 0 8 46 29 0 14 33 38 44 38 35 15 0 0 0 25 0 0 19 24 12 0 0 0 42 23 0 
0 0 12 40 14 0 0 38 11 0 0 10 15 3 16 16 0 0 18 0 15 33 0 32 8 38 16 47 0 40 18 16 0 36 0 0 11 0 47 27 0 40 16 20 0 25 0 38 14 45 6 0 0 0 46 34 2 0 24 0 0 0 0 7 0 0 47 0 34 0 0 16 0 0 36 5 14 0 27 0 42 9 31 0 29 42 8 0 35 0 8 0 50 11 0 47 0 0 0 0 22 0 3 43 0 31 0 0 0 0 0 3 0 31 0 23 37 0 25 0 0 0 
0 0 0 9 6 0 11 0 0 29 4 7 38 0 0 3 34 39 27 0 26 0 34 48 17 9 26 17 0 2 44 2 0 0 16 47 0 0 23 0 43 0 11 20 18 32 10 0 0 0 42 0 0 38 0 0 0 31 16 42 37 50 46 0 0 0 27 36 0 30 19 6 17 22 0 0 0 11 27 3 24 26 4 9 0 0 8 2 2 0 22 24 21 0 19 0 0 39 15 28 50 18 0 33 0 0 0 13 48 26 0 0 43 0 26 0 36 0 0 44 0 
11 0 15 0 14 26 37 0 41 0 0 39 0 47 24 41 25 0 47 41 8 43 0 0 17 10 0 0 14 0 0 7 49 16 0 16 0 0 47 0 0 4 7 38 50 27 0 0 0 0 11 48 0 7 0 0 0 0 2 0 0 34 29 0 0 18 0 33 45 0 0 44 8 7 11 43 21 0 38 0 0 36 1 36 18 34 41 38 0 0 0 23 4 27 46 19 0 49 4 0 0 33 22 33 21 33 0 0 0 0 0 31 39 0 0 0 0 50 0 0 
0 10 49 24 7 0 0 0 18 0 0 0 5 12 0 0 0 25 29 0 23 0 0 0 0 35 0 8 0 0 0 0 0 0 44 0 0 30 0 1 34 0 0 39 13 0 31 27 29 14 0 0 12 0 0 0 41 0 0 3 0 0 0 0 0 0 29 0 35 46 0 0 10 0 49 5 0 2 17 16 15 40 0 0 9 26 0 4 5 15 27 0 8 47 19 23 34 0 0 0 27 0 13 45 0 0 39 40 0 50 0 12 49 0 37 41 0 0 46 
0 0 42 30 23 4 43 10 17 48 12 0 38 0 0 0 41 43 0 0 41 0 3 0 14 29 0 0 0 27 0 13 0 47 0 0 36 0 19 0 0 20 23 0 0 0 0 0 0 0 31 21 2 0 0 0 15 21 0 0 0 0 5 30 0 0 46 40 0 0 49 0 22 0 35 22 0 0 0 10 0 30 0 0 0 0 0 0 0 5 0 0 0 32 18 9 39 0 6 0 0 0 0 11 4 26 0 0 0 0 0 0 0 8 0 44 0 8 
0 18 0 3 0 27 37 0 11 38 41 20 5 0 0 50 10 23 47 0 0 0 0 12 0 36 14 46 13 27 10 46 0 0 12 0 0 0 13 42 33 13 0 0 0 4 14 11 10 15 0 38 26 0 0 19 18 20 44 47 14 5 41 4 10 17 34 0 30 48 0 0 6 40 0 16 25 0 0 14 9 0 0 15 31 50 45 0 27 50 13 0 0 0 0 3 0 28 0 0 46 0 0 2 44 49 0 0 0 0 0 31 0 20 0 0 0 
0 28 45 0 37 23 0 0 22 37 24 44 23 12 0 0 0 8 41 0 1 10 0 0 40 0 50 46 0 40 39 20 0 0 0 40 0 17 0 23 22 13 0 0 0 37 48 0 32 35 0 25 0 0 0 22 0 19 0 11 35 47 49 45 22 0 0 0 17 33 0 42 0 0 2 33 0 12 24 0 0 0 19 24 2 4 4 41 25 0 0 0 42 9 49 14 9 0 0 46 0 0 10 2 13 27 0 8 20 0 36 13 50 19 0 14 
21 0 0 0 32 49 11 7 20 0 1 40 0 46 0 0 9 34 14 0 15 0 0 0 26 3 0 0 0 6 19 2 0 13 0 34 0 10 0 0 23 37 26 0 27 2 45 46 0 0 0 1 0 25 0 17 16 0 0 44 0 3 0 32 48 0 0 3 44 38 38 41 5 19 0 20 38 0 0 0 7 26 0 0 2 0 0 9 0 28 11 20 44 26 41 32 0 27 21 48 2 0 15 35 0 0 0 0 40 23 0 20 48 0 22 
4 33 30 0 14 43 0 0 23 0 23 18 0 10 0 26 0 0 0 17 0 0 2 43 0 20 13 6 45 1 0 0 0 22 0 16 0 0 48 42 0 0 40 35 15 0 0 0 34 35 0 13 3 0 48 0 34 0 0 0 2 5 37 22 5 12 18 32 0 0 0 0 29 0 0 3 34 0 24 30 17 0 14 38 33 43 0 5 0 0 0 0 3 0 49 7 25 21 31 0 0 9 24 16 0 43 0 3 26 28 0 0 0 0 
0 0 0 8 34 4 0 40 47 0 0 0 6 44 29 0 0 36 1 0 0 33 0 0 0 18 0 0 0 1 0 0 20 0 16 0 19 30 21 0 38 12 31 40 0 0 0 17 0 41 28 0 42 50 0 19 0 0 5 1 6 0 31 49 10 0 0 0 16 47 9 8 0 0 41 33 21 0 0 2 1 16 45 2 0 43 43 0 46 0 16 21 1 0 34 18 16 1 0 0 0 0 0 0 0 0 32 9 12 0 0 45 44 
0 41 0 0 0 46 47 0 44 0 42 42 0 4 48 19 30 0 0 0 0 8 26 8 11 33 6 0 0 0 2 0 50 0 11 27 0 46 0 21 33 40 39 0 0 6 0 0 12 22 16 39 0 37 32 16 0 16 0 0 0 28 0 0 27 0 0 32 0 22 20 49 42 25 44 0 33 22 47 28 0 0 4 17 20 50 28 0 48 0 0 47 16 0 0 0 0 12 0 23 49 0 18 8 0 0 0 0 0 0 40 0 
22 0 23 0 0 0 0 0 46 33 0 22 0 0 5 0 47 38 0 39 29 0 0 4 0 49 40 0 20 0 0 50 0 0 0 45 31 29 48 20 0 0 9 0 48 9 35 45 0 0 0 25 0 0 47 44 9 0 9 5 23 0 0 0 44 38 28 0 0 9 1 0 0 49 48 36 0 0 8 34 16 0 0 13 0 37 40 0 0 36 24 12 29 0 20 7 9 40 0 0 0 22 0 0 0 12 0 14 40 0 11 
26 0 46 0 0 30 45 30 0 0 42 0 13 0 0 32 0 0 0 0 45 0 11 49 2 0 0 0 0 23 0 43 0 3 4 32 19 37 26 19 0 37 5 45 23 22 38 18 36 38 6 0 0 49 38 0 50 46 0 0 0 0 1 0 20 0 18 16 0 0 0 27 0 0 0 0 0 10 0 16 22 0 0 40 25 0 0 2 48 0 24 14 0 0 0 32 0 0 43 0 0 0 0 0 0 0 9 0 0 24 
0 26 10 0 0 0 0 0 22 46 26 36 41 43 19 35 36 0 0 0 19 0 8 0 34 0 41 0 0 0 25 36 0 18 24 8 0 44 0 37 8 0 0 22 0 0 29 12 0 0 28 3 20 0 21 16 23 6 27 23 36 0 0 10 25 10 0 46 0 0 48 32 37 0 0 0 0 32 0 42 19 0 20 0 0 37 14 0 0 23 31 0 0 0 0 0 0 19 31 0 0 0 46 0 0 0 46 43 0 
9 3 5 19 40 0 32 33 12 0 0 38 28 0 0 0 12 8 37 48 0 26 0 1 0 20 36 47 10 0 1 40 0 0 47 10 0 17 0 26 0 3 18 0 0 0 31 0 26 10 43 0 0 0 0 16 2 50 25 11 0 32 0 36 17 28 24 26 30 0 40 0 5 16 26 38 24 37 10 0 40 0 13 0 0 1 0 42 47 12 0 15 29 0 33 50 10 37 28 16 0 0 34 0 0 8 0 4 
0 35 30 0 29 38 0 0 0 47 0 23 48 0 39 0 33 0 0 3 0 6 0 35 20 0 29 22 0 14 0 0 8 42 50 0 0 29 0 0 14 12 0 0 0 0 7 18 32 12 0 43 31 44 37 8 0 15 45 0 34 0 0 20 0 0 0 32 0 18 21 38 0 0 26 0 0 25 0 16 18 25 0 5 0 0 0 0 16 0 0 24 0 0 0 0 0 0 7 24 0 0 10 38 0 45 0 
31 2 45 35 16 0 0 0 39 0 29 0 0 0 10 31 34 19 44 37 39 0 0 39 27 40 21 0 38 0 0 43 19 0 36 0 45 29 0 0 4 6 0 0 0 0 15 23 23 38 9 30 20 0 0 17 10 0 1 26 0 0 0 28 0 37 15 50 0 0 39 0 0 0 0 0 41 0 0 6 19 20 21 0 7 40 3 34 0 39 36 0 0 9 50 0 7 38 8 47 0 38 40 0 0 41 
22 0 42 41 0 2 21 0 0 2 22 32 18 19 0 23 12 0 0 0 39 2 0 0 0 0 17 2 1 27 0 0 38 27 0 0 24 0 42 17 0 44 31 0 0 37 40 0 0 0 0 41 0 5 0 33 3 0 21 17 0 0 31 49 0 18 38 19 0 0 44 0 10 0 0 0 0 0 12 0 0 33 17 21 4 0 0 6 49 0 0 0 30 27 0 4 42 0 0 46 19 13 20 0 5 
49 12 4 0 13 40 0 0 3 19 4 37 36 17 42 49 4 45 2 0 0 0 34 47 46 21 38 0 0 26 5 0 0 0 7 0 15 7 0 0 0 41 0 5 42 0 0 41 0 0 10 0 34 0 0 0 12 8 28 29 0 1 40 0 0 0 37 7 32 0 2 0 38 4 0 42 39 0 0 0 15 24 0 0 30 0 0 35 0 2 17 37 18 0 0 0 15 11 46 50 0 47 0 25 
24 0 0 0 0 19 0 45 43 0 16 50 0 0 36 0 6 0 0 42 47 0 23 49 3 27 40 0 25 27 3 41 0 26 0 16 0 50 0 7 6 45 37 0 32 35 0 0 44 11 34 0 47 0 0 0 30 18 13 43 20 44 28 19 19 3 18 0 15 0 30 50 0 22 26 46 50 0 22 0 0 0 33 0 0 12 48 0 26 0 49 26 39 0 0 2 30 0 35 0 12 40 0 
0 0 32 0 0 0 31 0 15 34 19 0 2 48 43 50 0 0 20 0 47 0 44 0 0 0 0 1 45 14 3 28 0 2 6 41 44 0 36 50 44 44 38 0 27 0 0 0 0 32 0 0 21 0 33 28 15 21 0 41 0 0 45 24 5 0 0 42 38 46 47 0 0 14 0 14 43 49 0 0 0 31 0 0 1 30 19 0 45 0 31 0 37 0 38 43 40 7 47 34 48 0 
11 0 0 0 30 0 0 9 0 40 0 17 0 32 0 0 0 0 15 0 0 23 34 42 0 0 0 49 26 5 0 0 36 43 0 16 18 31 17 0 0 8 0 0 0 0 36 0 0 50 47 29 25 0 32 43 1 0 5 47 0 25 37 16 0 49 22 0 0 9 0 0 26 37 0 21 0 2 45 6 47 0 0 21 0 9 0 0 0 0 0 0 40 0 0 0 9 43 5 0 31 
29 11 0 0 10 13 24 31 0 2 35 45 33 0 44 12 0 21 40 27 50 36 0 2 0 0 0 0 0 0 0 10 0 7 0 0 0 0 0 20 18 24 34 0 13 34 0 4 1 50 22 0 0 14 0 0 0 0 0 0 15 0 7 0 0 41 39 22 0 0 0 34 21 0 35 42 12 23 0 0 0 0 0 36 0 2 2 0 35 8 41 0 49 0 0 8 0 12 15 33 
34 0 0 0 14 0 0 0 0 0 12 18 49 0 18 28 0 16 0 0 0 35 0 0 0 38 40 0 0 0 31 17 0 0 0 34 16 0 14 2 0 0 0 40 2 0 13 47 35 0 32 7 47 0 13 0 18 24 40 0 22 3 0 0 0 39 26 0 46 0 13 0 6 12 0 13 18 0 0 0 6 0 0 0 13 43 25 0 0 8 0 0 31 49 0 28 33 0 0 
0 0 3 0 1 20 0 1 40 10 37 0 5 18 0 28 25 44 28 12 0 0 0 23 19 0 0 41 16 29 16 0 14 1 46 35 0 49 7 0 0 0 2 37 0 44 0 0 0 34 23 0 0 18 21 45 0 8 26 0 0 34 24 0 21 47 9 41 33 10 35 0 24 44 0 0 0 35 0 31 0 37 0 22 0 9 20 18 20 9 27 26 0 0 7 30 7 0 
14 36 29 12 34 38 0 38 0 27 47 5 9 0 21 0 0 37 28 0 0 0 0 35 22 0 0 20 0 46 0 30 10 14 30 0 27 0 0 40 41 0 24 6 0 0 0 47 0 33 41 0 18 15 29 0 2 11 21 0 35 3 0 47 10 0 3 0 0 10 0 0 0 2 46 29 28 0 0 23 0 0 41 0 0 0 6 0 12 0 5 0 0 19 0 5 0 
20 0 15 29 5 0 0 0 27 0 0 36 0 12 17 41 0 0 19 47 4 0 38 36 0 0 47 31 0 0 22 0 39 0 0 0 0 0 38 45 0 38 0 30 25 16 2 0 0 0 32 26 0 0 0 23 5 6 45 15 33 45 22 31 0 0 0 24 16 0 0 0 0 25 0 0 48 0 21 0 0 0 0 0 3 0 21 0 45 21 29 40 18 3 1 0 
14 48 0 0 47 19 0 6 0 31 0 0 0 14 0 4 0 0 28 0 28 31 17 25 20 48 0 50 0 7 0 0 0 38 15 0 4 4 16 0 0 0 21 26 43 0 0 1 18 16 41 0 37 7 46 39 0 0 0 0 0 38 31 0 21 38 42 22 0 40 42 11 43 0 11 11 8 32 0 0 50 3 40 0 0 0 3 0 0 17 0 0 0 0 0 
23 48 24 0 2 0 0 0 20 0 47 0 5 0 0 45 0 10 29 0 0 26 29 0 40 21 0 40 14 0 0 39 0 0 17 0 0 42 23 9 21 0 0 49 0 37 0 0 0 0 0 0 0 21 0 18 28 0 30 0 42 0 24 0 35 0 0 0 0 19 0 0 0 0 40 0 0 42 0 26 0 33 0 35 31 0 1 0 45 20 45 0 23 0 
30 33 16 15 10 0 30 15 9 0 0 5 0 0 38 0 0 27 14 0 0 19 29 0 0 0 0 22 12 19 0 46 3 12 0 0 1 0 0 12 0 0 26 0 37 0 23 11 0 0 0 0 38 0 0 0 39 43 0 2 0 41 0 35 50 0 0 3 44 12 24 27 0 50 36 0 0 0 27 39 10 48 18 6 0 30 47 0 0 0 3 21 7 
0 35 42 0 0 0 15 16 0 0 0 20 22 0 0 0 44 12 0 0 0 33 0 0 0 0 0 14 3 35 4 35 0 0 17 0 36 0 30 0 17 0 22 45 0 0 0 0 30 0 1 41 22 50 0 7 0 12 0 29 46 0 0 0 12 38 0 0 0 8 0 22 4 45 18 0 41 12 33 0 40 2 26 12 47 0 38 17 0 40 30 29 
0 21 14 0 0 0 0 36 0 33 12 0 28 0 0 50 0 0 0 0 8 40 16 0 0 19 0 9 48 3 0 17 0 31 35 0 50 19 0 0 2 0 12 43 31 0 15 38 31 0 0 9 27 8 0 0 5 36 3 6 0 0 0 0 22 0 35 0 0 0 37 0 35 0 0 33 0 1 45 1 28 0 0 0 0 0 18 49 4 0 50 
0 2 19 0 50 37 0 0 22 0 35 28 12 50 28 0 0 12 43 50 22 24 0 10 48 0 0 11 0 6 0 0 0 0 0 17 0 48 0 17 0 0 3 15 0 0 17 14 2 37 39 4 10 0 0 0 0 0 44 43 0 25 0 0 17 44 0 14 39 42 22 50 0 3 0 0 27 0 31 30 0 0 37 12 43 0 0 27 0 0 
0 0 0 48 6 0 0 3 21 49 0 0 0 0 0 0 0 0 0 29 0 20 0 48 4 22 30 0 44 31 0 28 21 29 0 30 0 3 50 7 41 0 33 0 21 6 35 0 24 0 30 5 0 13 0 0 0 0 28 30 0 14 0 48 0 2 0 7 4 0 28 25 0 0 19 4 43 36 1 16 46 7 0 47 0 0 21 4 0 
0 0 0 0 0 50 0 0 0 49 40 36 36 0 0 0 0 26 0 0 0 0 0 0 0 0 50 15 0 28 0 50 7 25 14 0 0 1 0 0 48 0 41 0 20 32 3 0 38 0 37 14 0 0 4 20 0 0 0 0 24 0 0 32 0 3 0 35 0 0 17 0 0 0 0 14 49 0 0 5 18 4 0 0 0 0 0 5 
0 0 0 46 0 8 0 0 0 21 0 0 37 2 26 0 0 0 43 30 0 38 0 41 33 29 36 16 0 0 20 3 0 0 0 25 0 15 0 3 0 48 31 0 10 3 29 0 3 0 43 4 0 0 4 24 0 0 0 48 0 0 2 0 0 0 49 6 25 0 0 26 0 1 42 31 0 0 0 7 0 5 21 4 0 11 7 
0 44 17 7 30 15 11 6 0 0 1 13 20 0 0 0 0 0 0 0 17 9 0 28 0 0 35 0 11 11 0 27 0 0 0 0 46 0 42 4 28 42 0 0 7 13 24 0 46 0 32 40 36 0 18 24 23 9 38 0 0 0 0 28 34 13 0 2 19 0 0 7 4 43 15 0 1 0 0 0 0 1 0 47 20 32 
40 6 4 29 16 0 0 28 0 7 40 0 39 0 0 47 2 0 0 10 47 0 0 16 16 0 28 11 0 0 15 10 4 0 12 29 32 36 43 20 18 14 10 0 0 0 0 19 0 0 0 4 0 0 7 0 23 14 43 31 31 47 0 34 0 14 25 16 0 36 0 25 0 0 10 0 0 49 17 50 43 0 4 8 0 
0 27 28 0 0 0 47 0 0 20 4 0 9 0 16 0 0 47 0 0 0 46 0 0 19 41 0 31 2 27 0 0 2 0 46 15 40 8 23 0 0 0 29 0 0 49 3 0 0 0 0 0 4 0 9 0 0 17 44 0 0 24 0 1 14 0 16 6 0 33 24 0 8 0 30 0 0 0 0 29 0 0 0 8 
0 41 0 14 47 0 0 0 25 35 0 8 0 17 0 9 0 32 40 0 0 0 0 0 18 0 43 41 2 0 32 50 0 0 0 5 0 1 5 0 49 20 0 0 0 9 2 14 0 0 0 0 15 29 0 0 0 0 15 0 0 14 11 34 4 0 45 29 0 0 26 0 0 0 36 0 17 0 16 0 16 11 0 
0 24 5 14 48 0 0 0 0 0 0 0 4 14 0 0 32 0 24 29 0 32 40 0 0 23 2 0 41 1 0 0 0 36 0 8 0 0 38 44 0 0 48 32 37 7 0 0 0 3 28 2 0 12 26 43 23 0 0 0 0 0 0 0 17 50 6 19 0 0 32 37 30 0 19 0 0 0 0 2 11 10 
0 8 0 3 0 6 12 2 0 0 14 0 11 44 15 0 27 0 12 32 50 21 15 3 0 0 0 33 7 18 16 10 0 15 42 20 0 36 6 38 0 0 31 37 4 10 7 45 33 0 49 0 40 32 13 0 11 0 0 0 42 0 5 0 0 27 24 0 0 0 21 0 46 29 0 12 0 39 0 0 0 
41 0 0 0 20 0 34 0 14 0 25 33 12 29 42 0 36 0 43 13 31 33 0 17 0 29 0 2 19 0 0 19 0 7 45 28 2 0 38 5 0 1 50 23 0 0 20 4 8 23 0 44 0 15 37 0 20 32 0 16 50 0 49 49 19 0 46 34 8 0 0 30 1 0 5 14 26 0 0 48 
0 0 0 0 20 46 0 12 0 0 17 0 36 6 0 16 16 0 0 0 47 0 0 50 28 20 0 12 18 0 23 32 0 0 40 19 0 6 2 0 0 0 0 0 0 35 17 13 32 15 29 0 0 21 0 0 10 0 44 0 0 0 23 0 42 30 33 0 26 21 48 18 0 1 0 0 3 0 0 
0 13 15 0 0 30 2 31 0 0 0 0 22 0 36 40 14 7 0 11 0 23 24 38 7 28 0 0 0 12 0 0 0 29 10 27 0 13 0 18 0 44 34 44 33 0 35 0 2 26 36 36 0 0 19 26 18 0 0 0 4 31 42 0 0 0 0 33 0 0 0 47 41 35 27 0 0 25 
0 28 0 24 47 25 29 47 0 23 0 0 0 0 26 0 24 0 0 0 12 10 29 0 24 6 48 37 0 0 0 0 29 35 12 41 0 44 12 0 5 0 0 0 10 0 0 40 0 45 16 43 32 0 49 0 0 0 8 49 23 44 45 0 48 5 0 0 0 0 16 47 0 46 0 0 0 
6 44 9 39 44 0 27 0 0 49 36 38 0 0 0 3 12 0 48 0 2 0 0 46 0 17 0 0 0 0 26 0 0 50 10 42 15 45 0 6 0 0 0 20 0 37 26 33 4 0 0 48 41 0 0 0 27 0 49 27 47 50 17 0 0 22 0 30 4 23 6 0 18 0 0 30 
0 43 9 0 39 42 4 0 1 22 0 0 0 0 35 0 45 47 0 28 16 18 0 0 0 31 0 0 22 26 0 0 0 45 0 0 0 0 0 0 0 0 13 0 0 0 0 0 28 0 0 0 0 0 29 46 0 46 0 0 0 33 0 43 15 4 0 38 44 40 0 36 25 0 5 
0 0 32 19 0 0 30 0 0 25 0 7 24 12 15 36 0 0 28 0 0 0 45 6 15 17 46 30 0 25 0 0 27 18 0 0 0 21 6 24 3 0 33 0 34 38 20 25 0 50 7 6 20 0 34 17 28 33 32 18 10 46 0 0 43 0 0 3 48 24 0 3 0 34 
0 0 49 18 0 0 4 11 0 0 0 41 0 5 0 0 0 0 38 40 0 49 29 1 0 19 45 25 41 35 0 17 0 0 0 0 0 11 0 22 38 23 26 49 44 21 0 0 2 35 0 30 15 43 0 0 0 28 0 0 3 19 0 21 0 30 21 32 0 0 0 0 0 
0 39 0 0 44 16 0 0 0 11 0 17 38 0 0 2 13 32 0 30 23 0 13 17 11 0 11 0 33 0 0 23 0 16 22 1 0 0 0 26 0 0 9 0 0 28 25 0 0 9 9 22 16 32 34 0 0 0 6 32 0 5 11 7 39 44 17 23 0 29 0 27 
23 39 0 0 42 0 0 22 50 18 34 0 41 13 26 40 0 0 3 17 0 0 0 9 16 26 38 0 0 0 3 33 14 0 0 35 0 17 4 0 0 44 32 37 25 48 0 29 42 45 10 0 1 34 43 49 20 0 39 28 15 43 15 0 19 0 0 13 20 20 0 
0 5 38 0 0 47 5 29 0 1 3 0 13 0 13 45 0 50 13 35 0 48 27 0 47 49 27 0 0 0 0 0 0 0 19 3 0 14 8 15 43 0 0 0 45 0 0 5 0 22 12 0 39 0 0 0 0 0 7 44 0 0 0 0 38 7 0 4 0 0 
4 0 44 0 0 43 0 25 44 0 8 0 0 0 42 38 32 0 12 0 0 42 29 13 3 35 16 0 25 0 0 0 17 0 27 45 0 0 0 0 0 0 47 5 0 18 0 6 5 34 0 0 32 0 28 20 16 32 0 0 23 50 0 41 11 47 49 0 0 
0 30 5 0 19 0 20 35 15 0 0 1 0 0 11 36 0 33 0 47 0 0 31 35 39 0 33 0 19 0 0 0 0 6 27 37 0 0 16 13 0 0 42 0 8 0 0 0 0 0 1 36 33 37 0 12 14 0 38 38 0 49 0 0 43 46 9 17 
40 0 0 43 49 0 0 18 3 0 0 17 26 0 35 0 0 0 0 13 39 0 32 0 32 42 3 0 42 33 0 0 0 0 33 2 7 6 12 18 35 0 7 0 3 16 0 0 16 9 8 40 0 4 32 4 0 23 36 27 20 6 0 41 23 0 18 
13 13 0 37 0 16 0 42 19 40 41 5 5 0 0 0 0 0 33 6 21 0 5 16 15 18 0 0 0 0 43 0 0 0 12 0 32 17 39 0 11 0 0 0 4 0 0 48 0 0 30 0 0 4 50 11 6 19 48 0 33 16 13 22 18 0 
32 24 14 17 6 44 38 0 0 39 50 28 0 0 7 49 40 25 0 22 4 0 26 20 0 21 31 44 47 0 17 0 0 0 44 17 33 3 25 25 0 0 0 1 27 15 0 0 0 7 0 0 0 25 20 25 34 49 0 0 0 0 11 0 46 
15 0 0 21 29 0 30 0 3 20 0 37 0 0 0 26 0 24 5 3 6 0 30 21 0 46 0 13 41 25 0 36 0 0 25 0 4 43 26 0 39 20 24 8 0 0 9 0 0 0 0 0 0 39 0 4 30 0 0 22 0 16 0 0 
7 0 33 49 0 20 0 35 46 8 3 49 0 19 0 0 0 37 3 38 0 3 36 0 5 0 12 0 23 13 30 0 9 0 0 0 0 21 47 42 21 0 0 33 0 16 18 0 0 0 0 38 0 7 0 0 11 30 26 0 34 0 0 
4 6 5 48 0 49 0 9 47 34 1 0 39 36 47 0 39 47 0 34 0 0 0 0 34 47 23 42 0 3 22 45 27 37 0 0 0 25 0 30 0 0 0 4 36 0 0 0 0 0 0 35 0 0 34 0 32 10 0 0 0 10 
30 0 14 10 0 6 0 40 0 0 14 0 2 4 0 0 42 35 7 3 0 0 44 0 25 8 39 0 0 48 27 17 0 22 48 0 0 0 0 0 0 0 46 50 36 0 0 26 3 0 0 35 0 25 0 0 0 0 0 23 2 
0 0 34 48 0 0 0 38 0 0 0 0 0 0 10 0 0 38 0 0 12 0 0 34 5 16 0 0 13 0 0 14 3 0 0 0 9 0 49 0 6 50 0 6 0 26 0 0 0 25 34 0 7 41 0 8 0 13 2 0 
0 0 37 0 6 50 46 7 29 0 38 7 36 0 0 0 27 37 42 49 0 0 0 0 41 0 46 43 35 0 0 0 5 19 0 30 0 26 0 47 15 23 0 0 0 19 35 0 0 17 8 20 0 0 0 22 13 0 0 
27 0 26 4 0 4 0 0 32 0 22 0 0 0 0 0 22 0 47 10 15 0 29 45 0 0 0 0 0 7 0 26 50 7 0 30 47 41 0 0 0 0 0 0 0 0 50 45 0 0 31 26 19 40 0 32 0 0 
16 0 13 45 28 0 0 0 24 0 0 32 7 50 45 0 12 0 12 21 34 48 11 41 43 0 35 0 6 33 0 0 42 16 10 44 30 0 33 0 23 0 21 0 42 0 29 0 23 21 0 45 43 0 0 0 0 
27 21 0 13 16 1 46 0 0 18 0 0 24 0 15 0 0 45 21 0 25 37 34 27 1 22 4 0 36 28 21 16 17 29 0 0 0 0 47 0 33 0 30 28 38 0 0 0 48 29 0 0 0 0 0 0 
6 29 42 0 0 0 0 0 8 46 44 0 0 36 36 0 23 46 0 16 47 9 0 0 0 0 0 24 3 15 15 0 0 0 0 0 0 0 0 27 0 46 10 10 33 13 21 0 17 49 0 0 11 19 0 
0 0 10 1 25 0 9 30 40 0 41 0 0 0 0 0 5 0 0 9 28 0 33 0 0 42 0 0 16 0 27 29 0 23 40 0 0 21 4 0 0 26 43 0 9 3 40 0 0 43 27 0 21 0 
0 0 47 8 9 0 8 46 49 0 37 11 0 0 5 0 0 32 11 1 25 0 12 38 0 14 0 21 0 21 40 29 0 0 0 0 31 0 2 0 0 0 14 0 0 21 9 0 44 28 0 41 0 
7 38 0 41 0 0 0 17 20 0 0 0 12 0 0 36 0 34 0 38 31 1 48 0 0 0 5 3 29 0 20 35 23 31 0 15 0 10 21 40 46 27 0 33 0 28 28 0 0 32 4 0 
29 24 34 20 44 0 0 50 0 4 0 31 29 0 8 0 6 14 0 45 26 0 36 5 0 0 26 0 2 0 0 49 0 39 41 41 0 0 43 36 0 9 41 10 35 0 22 0 0 0 0 
23 0 46 0 1 0 49 27 39 3 42 0 0 0 0 0 0 11 9 4 0 0 47 0 3 0 0 29 46 25 12 0 29 21 0 20 16 9 11 1 0 29 39 42 36 0 0 20 49 9 
17 0 34 0 7 0 0 50 0 0 0 0 0 8 16 0 28 0 40 0 0 20 0 0 49 1 0 0 24 24 0 0 0 0 0 19 0 0 49 41 13 24 13 20 24 46 0 0 0 
28 0 13 0 12 23 26 0 17 46 0 19 20 0 23 0 15 0 48 21 1 2 12 17 12 36 0 14 19 18 31 3 0 0 21 16 0 0 45 0 33 0 0 0 13 0 0 7 
0 0 0 7 0 22 0 0 5 0 0 19 7 41 0 49 22 18 25 6 0 5 46 9 0 12 0 0 0 0 43 0 0 0 0 16 0 34 0 44 40 0 22 17 0 13 0 
40 0 0 0 7 0 0 30 0 42 26 31 0 44 0 35 5 0 0 0 0 45 0 0 8 45 18 0 0 0 37 0 5 0 0 0 0 0 48 5 11 0 0 42 44 49 
0 1 23 1 0 3 0 20 0 0 0 6 9 0 39 39 1 39 0 44 29 32 28 12 49 0 0 0 11 47 32 1 0 0 19 5 49 0 40 1 0 24 3 0 21 
39 15 0 2 45 0 0 2 0 0 0 0 45 17 0 12 10 10 0 0 0 29 41 39 0 30 26 0 31 5 5 50 38 22 0 4 0 35 0 23 0 0 42 10 
0 12 16 50 33 11 45 0 0 0 0 49 0 0 0 0 0 46 11 0 0 0 48 0 30 0 0 31 0 8 18 0 0 42 0 23 39 9 38 0 30 0 0 
0 16 10 48 0 0 32 29 25 0 43 12 14 0 44 0 34 46 0 12 36 24 0 49 40 0 40 0 37 32 0 19 47 0 0 40 48 8 28 0 22 0 
0 20 23 9 11 26 14 0 33 8 0 0 0 49 31 0 48 0 0 17 0 1 0 0 38 30 0 0 0 0 45 5 31 10 47 28 0 30 0 16 0 
17 0 49 27 36 48 1 0 26 19 28 29 20 0 0 35 16 20 0 41 35 18 18 0 43 10 0 34 0 11 0 49 14 8 0 0 27 39 10 0 
13 0 0 0 0 0 4 0 0 0 0 0 15 1 0 0 31 44 0 0 0 41 8 47 0 20 0 1 0 0 0 49 0 0 12 0 0 2 0 
18 46 29 23 42 0 0 24 18 0 48 28 4 0 0 0 0 34 5 24 41 0 0 18 30 0 0 0 35 0 18 42 0 0 14 33 36 0 
14 22 0 12 16 50 23 36 11 0 0 0 18 44 3 0 0 0 0 50 13 0 38 49 0 0 0 0 24 0 0 0 17 30 49 11 11 
0 46 0 0 0 35 0 0 0 16 10 13 50 1 21 4 0 32 0 0 47 5 18 30 50 0 21 0 45 0 31 11 0 37 0 0 
0 20 0 41 0 0 42 10 29 31 0 0 0 34 30 20 25 0 35 0 34 4 49 0 49 45 46 0 0 19 0 41 9 19 25 
1 0 4 0 0 12 0 0 21 0 10 33 31 0 0 0 0 0 23 34 26 50 0 2 26 30 13 0 0 36 0 0 9 36 
0 0 0 39 34 30 0 29 13 0 0 32 0 0 16 0 27 1 0 0 12 15 30 32 0 1 0 0 9 29 18 0 0 
0 33 38 0 27 0 38 0 48 13 0 0 0 0 0 3 25 42 19 45 0 0 10 0 0 1 32 0 0 0 0 0 
26 7 0 0 0 0 0 43 0 18 0 28 8 0 0 35 0 0 0 0 0 0 0 15 43 13 0 42 22 0 32 
10 28 15 3 17 0 4 48 0 1 35 0 0 39 0 34 0 17 28 0 0 0 0 0 38 0 0 0 50 0 
0 27 38 32 0 29 50 0 33 46 43 0 36 27 0 0 0 24 29 0 0 48 0 26 0 0 0 0 19 
37 32 12 0 38 0 0 8 0 11 18 0 46 0 0 42 0 39 0 16 0 0 34 0 36 0 0 39 
0 24 0 0 0 16 0 0 0 0 32 36 0 7 0 43 0 0 0 0 0 31 0 44 42 38 0 
32 14 0 1 34 7 24 0 17 0 26 23 50 30 25 10 31 20 0 0 0 0 0 5 0 0 
22 0 0 48 0 16 5 0 0 0 31 4 17 40 0 13 0 41 16 40 0 0 39 3 32 
4 0 4 15 0 0 0 0 0 31 21 14 0 0 32 0 29 44 2 0 12 0 8 0 
0 0 0 22 0 28 20 0 49 0 47 0 0 24 0 0 0 22 38 0 18 0 0 
0 8 0 32 11 31 0 0 29 30 0 45 44 17 0 0 19 19 24 45 7 0 
40 0 0 0 11 38 0 8 0 0 6 23 10 39 0 45 0 50 0 0 0 
0 6 0 43 0 19 0 0 28 35 0 12 9 0 1 13 0 18 44 16 
0 0 0 46 34 33 0 15 0 0 39 0 0 0 25 10 0 0 0 
0 32 0 9 28 0 0 48 0 0 0 0 33 46 0 0 0 7 
34 37 1 43 4 0 0 35 0 0 1 24 0 7 0 0 23 
13 46 27 4 18 0 0 0 34 0 26 19 6 10 20 0 
0 0 25 0 3 0 19 0 2 10 30 0 21 45 31 
38 0 0 0 0 22 30 0 0 6 0 50 21 0 
0 18 0 2 0 42 0 32 0 0 24 0 17 
0 6 48 50 0 0 0 34 46 30 0 0 
29 0 12 0 0 0 0 0 0 13 0 
34 0 41 0 0 41 0 0 14 27 
0 6 0 0 0 0 29 0 0 
0 31 44 2 48 0 1 37 
45 0 0 15 0 0 0 
0 41 6 0 0 40 
0 27 0 46 8 
0 5 0 17 
23 50 45 
0 15 
20 

1 3
1 23
1 30
1 55
1 89
1 96
1 97
1 99
1 102
1 120
1 131
1 139
1 145
2 6
2 29
2 82
2 87
2 139
3 16
3 35
3 83
3 106
3 112
3 118
4 24
4 26
4 38
4 48
4 101
4 138
5 29
5 32
5 34
5 86
5 145
6 40
6 43
6 68
6 88
6 95
6 97
7 28
7 62
7 68
7 150
8 14
8 24
8 96
8 102
8 103
9 12
9 24
9 29
9 32
9 37
9 83
9 136
9 138
9 141
10 14
10 35
10 54
10 56
10 85
10 100
10 118
10 119
10 122
11 28
11 31
11 58
11 119
12 138
12 148
13 51
13 53
13 147
14 42
14 60
14 73
14 94
14 100
15 42
15 56
15 58
15 77
15 97
15 110
15 133
16 57
16 62
16 103
17 36
17 44
17 65
17 150
18 73
18 78
18 114
18 126
18 137
19 64
19 67
19 93
19 109
19 131
20 21
20 32
20 47
20 58
20 144
21 35
21 95
21 126
22 35
22 60
22 65
22 92
22 136
23 50
23 59
23 68
23 88
23 91
23 95
24 56
24 59
24 61
24 116
24 149
25 45
25 48
25 51
25 57
25 87
25 111
25 113
26 85
26 89
26 110
26 116
27 30
27 38
27 52
27 93
28 30
28 73
28 89
28 98
28 141
28 150
29 79
29 84
29 86
29 104
29 119
29 125
29 134
30 65
30 85
30 121
30 150
31 32
31 37
31 70
31 95
32 52
32 54
32 81
32 113
32 139
33 66
33 116
33 135
34 73
34 141
35 63
35 74
35 110
35 137
35 141
36 74
36 136
37 53
37 125
38 48
38 137
39 55
39 70
39 103
39 108
40 71
40 106
40 113
40 137
41 86
41 130
41 147
42 48
42 53
42 72
42 103
43 89
43 141
44 72
44 74
44 75
44 105
44 113
44 128
44 140
45 63
45 65
45 126
45 135
47 63
47 65
47 150
48 53
48 70
49 56
49 70
49 95
49 121
50 54
50 76
50 138
51 53
51 57
51 111
51 140
52 75
52 92
52 124
52 129
53 91
53 92
53 98
53 109
54 67
54 76
54 84
54 119
54 121
55 67
55 73
55 96
55 101
55 102
55 114
55 119
55 124
55 141
56 104
57 63
57 67
57 77
57 96
57 101
57 124
57 135
57 146
58 59
58 63
58 98
58 106
59 74
59 83
59 109
59 127
59 143
60 92
60 136
60 141
61 111
61 126
62 67
62 93
62 101
62 121
62 148
63 74
63 97
64 82
64 107
65 74
65 87
65 110
65 138
66 120
66 127
66 129
66 142
66 144
67 136
68 76
69 102
69 149
70 101
70 115
71 89
71 98
71 108
71 116
71 127
72 82
72 104
72 105
72 109
72 139
73 74
73 82
73 87
73 115
73 141
73 142
73 149
73 150
74 83
74 88
74 113
75 83
75 112
75 117
75 121
75 127
75 138
76 142
77 88
77 90
77 113
78 115
78 127
78 147
79 102
79 116
80 110
80 122
80 132
80 135
81 112
81 135
81 144
82 113
82 119
82 137
84 128
84 134
85 127
85 134
86 89
86 119
88 100
88 123
88 136
90 101
90 109
90 137
90 138
91 93
91 95
91 113
91 114
91 136
91 144
92 97
92 100
92 118
92 123
93 124
93 133
94 97
94 111
94 149
95 130
96 98
96 115
96 132
96 137
96 144
97 99
97 103
97 119
97 137
98 104
98 117
98 122
99 105
99 130
99 136
99 137
101 111
102 139
103 111
104 107
104 123
105 114
105 119
105 124
106 115
107 139
107 150
109 110
109 136
109 146
109 150
110 134
111 119
111 140
112 134
113 138
114 118
114 134
114 144
115 133
116 145
117 127
117 133
118 119
118 122
118 129
118 146
119 133
119 142
120 147
121 136
121 137
121 144
121 148
122 128
123 150
124 134
124 143
124 147
125 142
126 139
127 132
127 144
129 138
130 138
132 149
133 149
134 141
138 144
138 145
139 145
141 146
