150 894 1000

55 109 103 106 77 39 110 75 51 33
101 12 80 109 91 11 56 106 69 14
67 14 110 30 103 18 71 37 16 58
64 27 20 21 35 25 68 30 17 89
24 101 23 14 11 11 106 103 60 56
31 54 105 83 27 31 49 73 14 104
105 96 51 15 35 15 24 22 55 51
72 80 59 60 28 110 47 74 86 107
26 23 33 105 57 49 69 58 26 14
54 78 105 68 89 44 26 88 67 37
102 110 107 90 44 34 15 16 80 63
67 29 104 34 58 39 19 79 49 46
108 55 42 45 55 81 78 49 19 22
79 44 12 76 78 21 27 80 21 25
29 88 29 14 13 80 50 89 27 110

45 99 93 96 67 29 100 65 41 23
91 2 70 99 81 1 46 96 59 4
57 4 100 20 93 8 61 27 6 48
54 17 10 11 25 15 58 20 7 79
14 91 13 4 1 1 96 93 50 46
21 44 95 73 17 21 39 63 4 94
95 86 41 5 25 5 14 12 45 41
62 70 49 50 18 100 37 64 76 97
16 13 23 95 47 39 59 48 16 4
44 68 95 58 79 34 16 78 57 27
92 100 97 80 34 24 5 6 70 53
57 19 94 24 48 29 9 69 39 36
98 45 32 35 45 71 68 39 9 12
69 34 2 66 68 11 17 70 11 15
19 78 19 4 3 70 40 79 17 100

0 0 10 0 0 0 40 13 20 0 27 26 39 29 0 3 0 0 0 0 0 0 29 0 31 38 0 0 6 0 0 0 46 5 0 0 15 12 0 15 0 0 0 28 48 19 43 38 0 46 0 0 0 0 5 0 37 3 26 0 3 22 26 5 50 42 0 19 48 12 0 3 46 23 0 0 0 0 0 0 0 20 0 0 0 22 0 0 12 0 25 39 0 34 33 3 0 18 4 0 0 48 23 24 47 0 0 15 0 0 47 0 28 46 0 0 17 0 0 0 41 0 26 22 0 0 0 0 29 0 0 0 12 0 8 43 0 23 24 25 49 0 3 0 0 2 6 38 45 
44 32 34 38 0 1 23 17 0 39 4 0 0 0 47 18 0 0 0 8 0 20 0 0 0 0 23 21 44 34 44 0 28 6 0 21 47 37 35 10 0 0 14 0 21 18 23 15 0 0 0 44 31 0 50 24 19 49 33 31 0 36 44 40 47 0 12 0 0 38 24 14 17 9 50 0 35 41 0 18 0 0 12 48 13 45 0 1 47 0 0 0 0 0 0 27 5 6 10 42 0 0 0 2 1 34 0 42 27 20 0 50 2 1 16 0 19 22 0 46 0 0 6 39 0 50 32 42 4 13 0 38 0 0 10 0 0 30 45 43 0 0 0 40 0 0 17 3 
0 0 48 0 25 0 0 26 0 0 0 0 50 0 45 0 14 2 41 0 0 42 0 0 4 0 0 0 32 20 0 8 0 12 44 0 0 12 49 50 25 0 0 30 0 0 0 0 16 29 0 21 37 38 17 0 11 38 35 0 50 48 0 36 0 0 39 27 19 26 0 16 26 0 0 0 0 50 0 0 0 0 0 47 0 0 0 0 20 0 0 0 34 0 0 0 0 0 0 14 6 0 25 1 0 0 43 0 0 0 4 0 28 12 0 15 0 0 20 14 0 0 0 0 9 0 0 50 0 0 14 0 0 13 0 31 0 7 0 0 0 50 31 16 48 0 0 
0 0 41 10 0 0 0 0 2 24 45 9 46 5 24 0 0 22 34 8 2 0 41 0 24 39 49 43 0 0 0 41 7 0 0 0 27 0 0 0 0 0 0 1 0 0 33 13 0 0 0 0 0 0 30 2 0 2 0 0 8 8 21 0 0 29 0 0 0 0 48 35 0 0 11 40 0 45 42 0 0 0 31 11 43 27 16 0 0 0 39 0 31 41 49 50 48 48 7 10 0 2 6 0 0 21 0 0 0 0 0 0 17 0 25 39 30 0 32 0 0 47 0 0 39 40 7 45 12 0 0 30 21 0 3 24 0 30 0 0 0 0 48 0 0 0 
0 0 0 0 3 0 0 0 27 17 0 40 16 44 0 41 17 33 0 0 0 0 50 10 0 0 42 0 0 0 0 7 12 2 0 0 0 0 21 5 8 0 0 0 20 0 0 0 0 49 0 50 31 23 27 0 33 0 0 11 0 0 0 0 0 15 4 0 5 30 9 27 0 5 0 50 25 0 37 7 0 0 0 13 14 49 24 0 6 22 23 0 0 26 0 26 0 23 45 32 0 2 22 32 0 0 0 26 47 0 0 19 7 9 37 0 0 28 0 23 16 16 0 22 1 49 38 39 0 0 22 48 0 0 0 35 0 18 22 0 0 0 0 0 0 
10 21 0 18 50 0 0 28 40 32 0 4 0 48 0 0 23 48 16 46 0 4 26 29 0 0 49 4 27 0 35 34 50 11 0 0 0 0 0 10 35 0 21 0 33 0 0 0 31 0 0 0 0 0 0 0 23 34 34 23 0 0 31 1 28 0 0 12 47 13 19 0 0 0 0 0 0 14 0 40 0 0 0 0 0 2 0 37 1 0 19 4 32 0 20 0 0 0 0 44 19 12 32 14 0 13 0 0 0 0 0 1 0 0 0 16 10 37 0 34 0 20 0 0 24 0 0 0 0 2 0 0 0 0 0 29 2 0 0 21 0 15 0 0 
0 0 21 0 10 4 0 36 49 0 0 0 23 14 16 0 0 21 0 0 0 0 0 6 0 13 0 10 0 0 14 0 0 0 0 0 0 16 0 34 0 3 0 30 0 0 3 0 0 5 0 20 0 0 0 0 0 7 17 13 0 0 0 26 0 0 0 9 0 29 26 11 0 0 45 24 0 6 0 0 0 6 0 5 30 0 1 37 0 0 0 2 18 16 0 0 0 0 0 1 29 48 31 6 15 6 4 38 12 36 0 0 13 40 47 45 14 0 30 34 0 46 0 0 21 0 6 4 19 17 0 25 5 0 0 12 0 0 48 42 8 13 0 
25 0 15 0 0 0 0 0 0 0 0 49 13 46 0 0 11 34 2 28 44 0 13 0 3 0 35 0 0 0 18 0 37 0 0 0 0 2 48 33 0 0 32 33 0 30 42 13 45 22 0 38 4 0 13 0 0 2 0 0 12 8 0 20 0 32 0 28 14 23 6 0 4 42 0 49 0 0 22 0 33 0 40 0 0 0 0 23 49 0 25 43 0 10 0 17 0 9 14 0 0 26 0 21 0 0 0 0 0 0 0 35 3 0 19 14 16 0 0 0 24 33 0 0 47 0 0 0 28 45 21 15 0 21 0 10 0 6 11 0 46 40 
0 0 47 0 8 15 21 40 0 0 0 0 0 27 0 0 43 38 0 42 12 16 0 0 5 0 38 39 44 0 35 0 40 22 20 14 0 0 0 1 0 16 0 0 37 37 0 5 27 0 0 24 0 0 0 39 0 16 0 0 0 0 0 0 0 0 0 0 0 0 0 33 10 25 26 0 38 27 0 0 18 0 11 32 5 0 14 0 47 28 14 0 0 36 32 0 26 49 0 0 0 0 43 27 0 1 45 34 0 0 0 0 0 0 47 44 0 33 0 47 34 0 0 32 46 39 0 0 12 0 33 0 0 0 0 41 0 0 0 4 0 
46 0 0 0 23 0 0 24 0 0 0 9 31 21 7 45 0 0 0 13 50 0 10 15 6 26 17 47 46 0 0 0 0 3 0 0 47 0 8 0 0 0 0 2 0 0 0 0 22 0 0 0 0 44 0 38 10 0 0 0 36 0 9 38 33 26 21 39 0 0 0 30 0 39 0 0 0 27 16 0 20 42 0 2 0 0 24 27 0 0 0 6 0 0 0 0 17 0 0 0 0 0 39 12 22 0 14 0 0 0 0 23 0 19 0 0 0 0 20 0 31 0 22 0 44 0 0 0 0 28 0 21 27 16 0 2 0 0 0 0 
0 25 0 0 0 17 37 16 0 12 0 0 12 21 16 0 0 48 21 22 0 8 0 0 26 0 0 34 5 12 0 20 3 0 0 0 7 38 0 0 41 4 0 0 10 46 0 0 8 0 23 29 0 40 0 15 0 0 0 0 20 9 0 33 0 0 0 39 0 0 17 0 0 47 0 44 0 0 19 50 0 50 17 14 30 0 0 40 0 0 5 0 0 0 43 0 0 37 47 0 27 34 30 0 0 0 0 38 0 43 0 50 34 0 36 0 0 3 0 0 17 0 42 0 49 0 30 0 0 12 0 33 0 0 0 11 28 0 43 
0 13 0 22 0 0 19 0 0 0 0 0 0 0 19 13 37 28 11 24 0 0 0 0 0 0 0 38 0 0 48 34 5 0 34 0 4 5 0 41 31 3 38 17 0 0 0 11 0 44 27 37 49 41 0 0 0 0 0 22 0 0 0 0 0 7 45 0 0 9 0 20 0 16 45 0 0 0 22 8 0 0 0 0 47 0 0 0 0 31 41 0 9 0 0 8 0 0 24 0 0 20 21 42 0 0 1 36 0 0 37 18 39 36 0 46 27 0 1 0 0 0 42 10 31 49 44 33 8 22 0 50 0 0 0 0 0 44 
0 34 13 0 0 0 0 30 0 0 0 8 8 0 0 0 0 27 47 19 0 4 0 35 0 48 0 20 0 45 27 0 0 0 0 0 3 10 0 29 0 0 46 0 33 38 0 0 4 0 38 0 24 0 5 0 28 41 16 0 25 38 37 39 19 0 42 7 0 8 0 0 0 0 9 0 15 0 0 19 0 0 16 27 18 0 0 12 0 0 43 7 20 0 19 0 0 0 0 0 0 45 0 0 47 0 0 24 11 6 45 0 31 0 2 11 23 25 0 0 18 0 6 39 21 0 25 43 0 0 0 0 0 13 40 26 0 
0 12 0 0 25 48 21 42 0 29 12 16 8 0 18 0 0 0 0 33 0 1 0 43 7 0 0 0 41 6 12 29 0 0 48 20 0 3 5 32 20 0 9 20 34 18 50 39 12 0 6 3 0 9 48 5 0 43 4 40 0 39 29 0 0 45 18 24 0 1 46 7 0 8 8 0 45 0 0 0 44 26 24 0 0 10 0 30 8 29 0 0 19 0 1 8 33 36 0 35 34 44 0 12 0 7 0 0 43 0 0 29 43 0 24 0 41 0 0 37 46 0 49 0 31 0 35 25 22 0 0 0 12 2 0 12 
50 24 0 0 0 9 43 26 13 0 48 43 6 33 0 7 0 25 1 0 0 4 0 0 0 0 0 31 17 0 2 6 30 0 0 23 19 42 0 39 1 44 0 38 0 5 0 0 0 22 0 0 0 0 0 0 0 6 0 44 15 3 38 0 38 0 0 0 39 0 0 0 0 0 0 0 46 0 0 0 27 38 0 5 0 16 17 9 39 23 38 0 0 22 34 0 0 19 0 40 18 1 47 2 0 12 0 0 0 35 35 0 47 0 32 8 0 12 8 0 9 0 12 0 25 0 18 0 25 49 34 27 0 0 28 
44 0 35 0 45 21 0 12 0 0 23 0 0 25 0 0 9 0 0 0 31 0 0 32 0 33 0 43 4 16 28 40 0 42 0 1 0 4 0 0 7 0 19 0 9 0 32 0 0 23 22 8 37 0 31 0 0 50 0 0 24 0 0 0 8 35 0 0 46 0 0 9 0 4 11 0 0 0 42 0 46 45 26 0 41 17 12 7 0 42 0 0 0 18 0 11 26 28 0 16 0 5 0 23 0 0 4 16 0 41 48 28 0 17 21 0 42 0 0 4 0 0 0 18 24 0 0 0 0 13 31 22 30 0 
0 20 4 0 12 0 0 44 49 0 12 27 0 0 0 10 0 0 0 27 0 0 17 12 0 0 0 0 28 0 0 5 47 31 4 41 2 29 1 1 45 9 0 0 0 4 0 0 8 0 4 0 0 19 34 31 22 49 30 0 0 0 0 0 0 47 22 0 47 0 10 0 16 21 0 0 18 22 0 1 0 19 0 0 0 0 7 14 46 0 0 0 11 43 26 36 0 38 0 17 0 0 0 0 0 44 31 0 22 0 0 19 0 0 4 1 0 0 9 26 0 0 0 0 0 0 0 48 0 0 34 30 0 
11 0 19 33 1 5 0 45 26 18 2 21 45 0 0 0 16 0 40 0 0 46 31 47 0 33 0 6 46 41 0 0 32 27 16 0 0 0 0 4 23 0 0 0 0 0 8 0 3 0 0 0 1 0 18 14 13 0 0 0 6 0 0 45 16 32 48 35 0 0 2 0 20 0 15 47 0 0 0 6 0 0 0 11 47 49 22 0 46 31 40 0 16 0 7 0 0 4 46 38 0 34 29 0 41 39 27 26 32 0 25 0 11 3 0 18 21 0 0 0 28 28 0 12 47 28 48 0 0 0 47 0 
33 0 12 50 0 46 5 0 0 19 0 26 0 40 11 3 0 0 0 0 0 6 0 12 42 45 0 0 0 0 0 49 5 5 0 0 38 0 26 43 0 29 0 0 0 0 22 0 0 18 0 4 49 22 37 0 0 0 11 0 0 42 46 0 3 0 13 0 26 1 0 11 45 0 0 0 45 0 0 0 0 0 0 0 16 7 28 2 18 23 0 31 0 3 24 46 0 0 30 36 0 0 27 0 0 0 26 19 15 5 0 0 6 0 44 0 8 0 4 0 30 0 12 0 0 0 0 9 0 0 0 
0 39 0 24 34 0 0 35 5 16 0 0 0 21 0 0 0 8 45 44 7 0 0 7 0 0 41 14 0 10 0 3 0 4 0 0 0 46 0 0 0 0 28 40 0 0 0 25 12 0 38 30 22 0 0 0 31 0 39 0 23 11 47 0 20 43 30 0 0 0 45 0 0 0 0 0 35 21 44 0 0 0 0 9 11 0 0 10 0 21 5 3 19 26 40 0 43 26 0 36 0 41 28 26 0 0 26 0 7 0 27 22 0 38 0 25 0 0 45 47 43 0 0 0 27 0 5 14 17 0 
0 0 43 0 1 0 42 0 0 6 0 7 8 0 0 36 1 25 0 49 0 0 11 0 0 35 11 0 25 0 21 20 19 0 0 0 33 0 0 0 0 0 0 31 0 41 0 0 0 33 0 36 0 28 36 31 0 3 0 0 41 21 27 0 0 40 0 19 48 13 0 39 0 0 5 14 0 14 25 0 0 0 14 0 0 50 0 0 0 14 0 0 27 37 42 44 22 44 10 0 38 0 0 0 16 32 21 45 0 9 0 0 45 42 22 0 33 33 10 26 0 23 33 48 0 0 0 9 19 
34 0 27 39 17 18 16 0 16 19 24 0 0 0 0 19 0 0 0 2 15 0 0 0 3 0 0 0 20 45 0 20 16 0 0 15 0 21 0 20 6 0 47 45 18 21 0 31 30 43 0 31 0 29 0 31 0 22 0 43 0 0 15 4 0 0 39 0 31 0 15 4 0 47 0 0 0 0 0 4 25 2 0 12 0 0 0 0 19 49 7 50 24 0 0 0 41 33 9 0 0 0 0 44 44 49 0 0 0 45 0 0 6 0 0 0 0 0 12 0 0 0 0 0 18 45 0 48 
15 0 0 0 0 44 0 21 47 0 0 0 6 31 46 14 44 0 48 31 0 0 0 1 0 0 38 37 31 0 0 0 50 6 0 28 27 0 0 34 25 0 39 0 14 38 6 0 0 31 0 14 0 0 0 15 0 0 16 32 14 0 0 0 0 7 0 44 30 0 0 0 0 0 0 6 26 38 2 34 0 0 0 14 27 40 0 0 0 20 30 3 7 0 0 42 38 14 0 4 9 44 10 0 33 0 0 19 0 0 13 0 0 0 25 0 0 31 0 0 0 0 0 26 43 19 0 
0 48 34 0 0 45 0 0 0 0 0 0 26 38 34 49 0 0 0 18 2 29 32 0 0 19 0 0 0 0 24 49 0 0 24 10 0 12 5 47 0 0 0 0 0 0 0 0 10 0 0 0 0 7 7 38 30 41 0 33 9 37 5 26 0 1 0 49 34 3 0 47 0 0 15 0 40 0 0 5 34 0 0 31 0 27 0 18 0 0 0 0 0 27 0 0 10 48 2 0 26 0 0 0 27 29 0 0 0 0 23 0 0 0 41 15 32 0 38 44 29 18 0 9 0 0 
47 8 0 0 0 21 0 0 0 28 11 36 0 0 43 40 41 0 18 0 43 0 28 0 0 31 0 34 6 13 0 45 0 0 28 0 0 46 46 30 38 0 0 50 18 0 0 40 0 0 0 0 10 0 50 4 2 0 0 0 0 0 49 28 0 0 10 3 0 0 37 0 21 47 0 0 31 0 8 0 40 0 5 0 0 0 13 33 36 27 31 0 7 0 0 33 0 0 0 2 0 0 36 0 46 32 0 27 14 9 20 12 0 0 0 42 44 0 0 0 29 8 39 31 0 
34 0 16 0 0 1 0 0 4 13 40 26 0 0 0 0 5 0 0 47 0 23 0 0 0 26 35 0 0 0 0 47 0 25 46 42 0 0 0 0 0 0 44 0 35 0 0 15 36 47 34 13 18 47 45 0 0 0 0 0 3 50 0 0 22 20 1 0 0 38 0 27 18 0 34 0 26 0 45 0 0 23 0 0 39 0 31 48 10 27 37 22 50 1 0 39 0 11 30 36 0 29 0 46 36 0 0 0 32 0 0 12 0 10 0 30 0 0 0 0 0 0 37 36 
0 0 0 21 2 0 0 0 0 0 0 0 21 0 5 8 0 48 35 36 0 18 42 1 0 0 50 20 40 0 47 50 0 0 0 26 49 0 17 0 0 0 45 32 0 0 39 0 49 0 11 42 43 0 0 0 43 1 0 0 5 36 36 21 0 0 44 4 0 25 14 20 0 6 0 14 48 18 19 0 43 34 50 48 0 18 11 0 0 0 41 36 48 0 26 0 0 34 0 30 0 0 30 8 32 0 0 3 0 0 38 0 18 45 0 0 31 40 0 0 0 0 4 
0 33 31 0 0 0 30 0 0 38 0 3 1 26 7 0 11 43 0 24 1 0 0 33 0 0 0 24 38 38 0 31 39 0 4 0 0 0 0 5 0 0 10 0 0 0 0 0 18 44 0 24 6 9 0 0 10 42 4 50 0 12 49 49 0 15 0 29 27 12 31 48 0 0 28 2 0 0 0 6 4 37 0 0 0 0 0 0 0 0 2 0 0 17 29 23 31 0 25 0 0 0 34 6 0 18 0 0 0 0 18 41 49 0 0 0 14 0 0 0 25 30 
0 23 5 0 0 23 41 8 48 48 0 0 12 48 8 25 45 0 50 0 0 24 0 34 0 0 50 0 29 14 0 15 36 0 0 0 46 46 0 0 31 0 0 1 43 0 29 26 0 41 0 26 33 32 3 4 0 0 5 0 0 0 26 0 0 0 46 48 0 0 17 0 34 0 0 16 0 0 0 37 50 34 0 47 43 2 0 0 0 6 1 0 0 6 50 44 22 21 0 45 30 6 0 27 16 3 40 0 22 0 0 0 37 0 0 0 6 0 0 0 35 
22 6 0 17 0 45 2 33 39 35 50 40 4 33 24 17 30 42 41 33 0 11 0 24 50 33 34 0 12 40 0 0 0 0 0 0 0 32 0 15 0 0 0 0 37 0 42 37 0 0 42 0 25 12 15 0 0 0 46 0 9 13 0 9 6 34 35 0 25 0 0 0 0 0 0 42 0 0 41 0 0 0 8 9 19 0 37 25 0 21 43 9 37 0 0 43 0 14 13 17 0 48 49 15 36 0 35 50 0 0 1 17 0 0 23 19 24 0 43 20 
0 0 23 0 24 0 43 5 6 22 33 35 0 27 0 0 0 19 0 24 0 0 0 5 0 31 29 16 0 31 37 18 19 0 0 13 0 7 36 0 0 0 0 0 46 16 0 0 30 0 22 19 0 0 0 0 0 29 47 20 0 45 36 0 0 0 25 18 47 0 0 38 0 0 23 0 10 18 0 23 0 0 0 9 22 0 16 0 0 0 0 0 0 37 33 18 0 0 0 24 0 19 41 0 0 0 3 0 11 0 0 0 25 25 50 9 0 0 11 
0 0 2 0 0 32 39 4 10 7 0 15 10 39 15 33 23 23 0 0 42 7 49 0 0 0 4 0 0 36 0 0 28 42 0 6 0 0 47 0 42 26 0 0 0 0 11 35 0 0 49 44 0 0 42 0 0 33 0 47 0 1 10 0 47 0 0 0 0 24 0 34 4 0 36 43 9 0 0 36 13 0 0 0 29 3 32 0 36 0 0 0 33 0 0 0 0 0 36 11 0 29 0 0 0 0 38 0 0 0 0 30 37 0 0 0 41 0 
0 0 50 33 0 0 0 0 26 3 16 14 0 0 27 45 14 12 0 47 39 0 0 39 0 0 34 0 29 27 46 8 0 0 0 42 20 10 22 0 0 12 13 13 0 0 0 0 0 4 0 31 48 0 0 40 0 12 16 23 49 0 38 9 22 0 0 0 0 50 0 0 39 0 0 0 47 37 39 44 0 0 0 0 10 45 0 3 20 0 0 18 0 32 0 0 6 37 30 18 16 47 39 39 0 0 0 0 26 0 0 6 17 0 0 25 20 
29 21 0 0 0 0 0 28 0 0 5 50 0 8 26 0 0 5 20 0 0 0 0 15 0 0 6 20 46 26 0 18 0 0 0 50 11 21 0 0 31 6 41 12 0 25 0 0 20 35 20 24 42 0 35 0 39 0 15 13 0 32 25 0 47 14 0 20 24 0 28 28 0 0 35 0 24 22 0 0 36 0 23 14 0 0 0 36 26 0 0 42 32 33 34 0 0 25 0 0 0 0 0 41 40 0 44 0 19 26 35 23 0 8 50 38 
0 0 36 36 12 39 7 45 15 0 48 0 24 45 0 24 37 0 43 0 0 0 27 8 25 0 39 0 0 12 49 37 0 0 0 0 20 4 12 48 0 11 0 0 0 0 30 0 32 0 0 10 16 38 0 36 44 0 0 32 14 0 0 14 14 0 0 30 23 0 0 0 37 0 8 0 29 0 0 0 8 16 10 0 0 28 0 21 44 30 0 23 43 0 0 0 32 0 31 47 21 0 0 0 0 0 0 9 38 0 28 49 44 7 15 
17 0 23 5 0 29 42 0 0 0 0 0 0 30 0 12 0 20 0 21 0 35 0 0 0 0 0 39 0 0 8 0 48 44 31 0 15 22 0 40 0 0 14 0 0 9 0 10 21 21 0 36 0 0 0 0 6 19 42 0 0 36 0 0 0 0 0 28 10 29 5 29 42 6 0 0 25 41 25 0 36 23 42 0 39 0 8 12 30 0 2 34 0 13 23 0 0 47 0 47 0 4 3 27 15 0 4 29 7 0 9 0 0 0 
0 24 0 7 0 35 23 20 48 0 23 36 0 42 47 30 0 50 0 40 1 0 0 40 25 45 0 0 18 0 0 23 27 28 38 0 0 0 0 0 0 0 0 5 34 3 4 0 41 40 0 25 0 20 0 0 0 48 0 36 32 0 0 0 3 8 16 0 7 0 0 0 36 0 22 0 40 0 0 35 0 2 0 21 5 9 0 0 25 0 38 0 4 0 0 0 24 0 0 48 22 0 49 0 48 30 0 40 30 0 0 9 43 
47 16 32 0 0 0 21 14 16 48 0 0 42 0 47 28 37 6 0 0 0 19 0 23 0 12 45 0 0 20 15 0 0 36 42 0 20 0 0 0 20 4 0 0 0 0 27 0 0 36 21 0 47 35 0 0 12 8 0 0 13 0 2 18 0 0 0 0 0 0 11 0 47 24 0 19 43 21 0 0 0 0 0 0 0 0 0 22 6 0 34 25 0 35 36 0 0 0 0 0 0 23 45 0 0 40 47 5 0 0 0 27 
0 0 0 0 0 0 0 0 36 28 0 0 37 0 0 33 39 31 39 0 2 2 0 46 0 35 0 0 0 9 0 15 0 0 35 16 0 17 0 14 10 0 0 0 40 37 44 39 0 21 48 11 49 28 30 24 0 0 32 29 2 0 0 30 0 0 10 0 0 20 2 4 47 13 0 0 19 26 50 0 18 0 0 0 0 0 0 0 42 29 32 35 12 0 13 48 23 0 0 37 0 50 0 1 0 0 9 1 19 42 27 
0 11 43 0 0 0 0 6 7 13 43 0 29 0 0 0 0 0 29 50 0 0 0 0 0 0 0 0 7 40 0 8 48 18 0 0 0 47 26 10 49 0 21 10 5 3 0 0 0 4 33 0 0 0 0 0 0 39 37 39 6 31 45 50 0 31 0 19 0 0 13 16 32 0 27 0 48 0 0 0 9 50 0 16 25 0 22 16 0 22 39 0 0 14 0 41 0 0 0 0 30 0 23 0 0 0 0 34 24 0 
43 18 13 0 0 4 0 17 14 37 0 40 27 13 27 0 0 25 49 10 41 29 41 0 27 0 29 0 0 25 46 32 13 7 28 43 50 0 0 27 0 48 16 26 17 0 0 0 0 0 0 13 15 0 0 41 0 47 0 34 8 34 14 0 0 43 0 0 39 26 0 27 2 9 29 50 49 0 0 0 0 26 14 25 40 0 0 16 0 2 21 28 0 30 6 46 0 0 0 41 9 0 0 0 27 0 22 0 0 
0 30 16 13 50 3 13 41 0 26 15 0 27 40 0 32 0 5 32 22 18 28 0 50 0 14 0 7 0 0 0 0 3 4 0 42 44 26 0 28 0 0 10 0 42 30 0 35 18 41 2 27 28 48 23 0 0 0 0 0 35 1 0 0 20 29 0 0 43 18 0 0 0 0 1 0 0 8 0 7 0 40 40 18 0 0 0 0 0 0 47 0 0 14 0 0 0 0 28 31 21 2 49 18 0 44 0 0 
32 32 0 0 34 18 34 0 0 19 0 25 16 0 0 0 0 0 0 0 27 0 30 0 0 6 0 47 11 44 0 0 0 44 20 0 0 0 0 0 35 0 7 2 0 0 31 30 0 40 40 15 16 0 0 13 25 7 36 0 39 4 9 12 0 4 0 1 0 0 14 6 20 0 0 24 42 25 0 0 44 6 0 0 35 0 0 0 25 16 0 0 0 0 0 6 12 2 4 25 38 0 30 2 22 0 17 
28 0 0 20 34 42 5 0 14 10 0 4 0 16 35 0 25 0 0 0 0 19 9 12 0 0 0 0 50 0 0 0 0 28 0 3 25 0 0 18 0 11 0 0 37 15 43 20 17 0 0 0 12 0 0 14 0 0 0 0 27 0 3 0 36 0 0 48 34 0 0 0 0 0 7 0 21 0 0 1 22 0 16 14 41 29 4 11 0 3 0 5 22 50 0 0 14 0 0 39 16 4 0 0 28 0 
0 25 0 22 45 0 0 40 0 1 0 37 5 42 0 0 37 3 0 17 13 40 0 15 0 41 35 15 0 0 0 0 0 0 0 0 0 40 0 6 0 0 0 5 0 0 0 0 50 0 27 0 0 0 27 0 0 32 40 30 0 0 44 0 0 0 0 0 0 29 0 0 36 4 0 38 44 2 30 39 43 0 18 0 24 0 0 0 25 14 0 9 0 0 0 0 0 43 44 19 8 0 0 8 0 
0 42 4 0 25 0 42 0 42 8 10 0 22 0 9 0 11 49 0 0 6 21 0 0 15 0 0 14 1 0 15 39 0 0 0 2 10 0 48 0 38 0 0 26 0 41 23 13 45 0 48 0 0 0 0 50 4 0 48 0 0 0 0 12 8 32 31 0 22 33 0 0 0 0 0 0 28 14 37 41 46 43 0 40 0 0 10 0 16 0 0 41 30 0 46 48 37 50 1 0 0 0 0 0 
41 0 0 40 0 6 0 0 4 0 0 0 13 0 6 0 50 0 0 28 3 0 29 0 6 46 0 0 0 30 14 42 31 0 45 0 0 17 36 0 0 26 19 35 0 24 0 13 12 29 0 37 0 0 0 0 0 44 0 0 0 36 0 24 0 37 11 0 46 50 13 4 47 0 0 0 14 0 0 28 0 9 11 0 0 12 0 8 49 1 46 0 0 0 36 0 0 34 8 0 49 0 0 
0 42 0 2 23 6 42 0 22 0 0 11 12 36 5 0 0 0 24 10 41 0 38 13 0 0 0 0 24 24 0 24 18 26 46 0 40 37 0 0 0 0 18 18 26 0 3 0 1 0 34 0 0 13 0 8 18 17 0 9 0 16 2 0 33 32 0 0 46 18 0 39 0 0 47 0 11 21 0 27 0 0 0 0 16 46 0 0 14 0 0 20 0 0 0 0 36 2 49 3 50 1 
12 0 28 2 37 2 45 14 0 35 0 10 50 21 0 29 45 27 3 0 0 26 10 42 0 3 0 25 0 0 0 0 19 43 0 0 0 26 0 0 16 18 19 0 25 33 0 11 0 0 0 0 0 31 28 10 0 49 0 0 0 0 0 8 0 40 39 0 15 0 38 0 0 39 10 1 0 0 15 37 14 0 24 28 39 25 0 8 0 39 0 0 16 21 0 1 18 25 0 0 3 
43 8 32 7 28 41 46 0 27 0 0 42 0 32 49 49 0 50 45 16 4 5 0 0 12 0 24 8 1 31 0 49 2 8 0 50 0 0 0 0 0 0 29 4 46 3 0 0 42 0 0 24 39 0 12 0 0 6 36 20 30 10 0 28 24 0 4 11 2 4 0 36 9 35 0 24 0 0 0 36 18 11 42 0 0 0 0 8 0 0 0 0 3 0 12 6 20 0 0 0 
14 0 0 3 7 40 0 0 0 24 39 0 0 0 12 0 0 9 0 0 7 0 8 43 0 0 36 46 7 47 0 0 0 0 0 0 0 2 0 6 6 0 16 0 15 0 0 0 0 45 0 0 0 5 0 40 9 13 3 11 5 0 0 40 0 36 0 0 0 46 0 0 17 16 23 0 35 12 49 0 32 0 0 0 0 29 7 48 0 49 0 0 20 31 0 0 50 44 0 
0 27 3 0 0 11 0 0 31 0 25 45 0 22 25 0 0 0 30 0 28 0 0 1 34 0 23 41 6 0 6 0 0 33 27 44 0 7 0 0 39 33 2 0 41 0 22 0 0 22 0 12 38 0 0 24 29 0 0 0 0 9 33 50 28 48 0 0 43 41 31 24 0 15 0 32 0 30 49 41 42 0 26 1 39 27 0 44 0 25 30 12 0 0 0 0 25 0 
0 0 5 17 9 41 30 38 0 0 40 15 0 11 0 23 11 27 3 24 29 0 0 28 0 27 0 0 0 33 0 0 4 0 26 8 7 40 48 0 43 0 0 0 0 31 36 0 50 41 50 0 0 0 38 0 0 0 22 13 43 41 17 6 10 0 0 13 0 0 48 0 0 16 4 0 1 0 31 7 45 34 37 0 0 0 49 40 0 0 0 6 8 0 0 0 0 
0 0 0 49 0 0 0 50 5 19 0 12 0 0 0 39 0 18 0 9 17 0 0 14 50 49 0 0 0 28 0 13 0 26 7 0 0 30 16 0 0 0 13 30 40 0 0 47 0 20 0 38 0 33 28 30 0 14 20 45 0 26 0 8 6 0 0 0 44 20 0 48 0 0 37 0 20 0 0 9 26 6 31 10 0 0 49 22 48 12 48 0 14 28 47 0 
16 0 28 45 0 0 0 0 0 14 0 28 48 0 11 24 13 0 5 0 41 45 31 27 0 19 21 44 18 10 42 12 18 0 38 0 0 6 0 48 7 1 0 0 0 39 0 0 12 34 0 48 0 0 17 0 19 0 0 0 0 36 2 0 0 0 30 0 10 21 10 0 0 0 0 0 0 0 0 0 11 17 29 10 0 49 0 0 21 37 0 22 17 25 39 
15 0 0 0 0 0 48 41 15 19 0 0 4 0 0 39 0 3 0 11 0 39 0 35 0 0 26 40 34 0 47 9 33 0 0 0 0 0 9 15 0 14 14 0 39 34 26 46 44 38 0 0 0 18 0 28 6 32 0 0 0 0 0 21 0 0 0 8 0 8 26 37 0 0 27 35 0 0 0 0 0 16 20 29 0 0 8 0 7 0 0 12 41 13 
17 8 42 0 32 0 44 0 0 23 0 0 0 20 0 0 16 0 0 6 0 13 0 46 19 25 6 0 26 16 44 0 9 0 44 23 0 0 0 12 0 0 37 0 31 0 24 0 15 0 28 0 33 0 0 0 35 0 12 1 0 6 47 0 20 0 0 31 15 0 0 8 0 0 38 37 47 25 41 0 0 0 10 24 0 5 48 0 0 22 0 7 0 
28 38 32 18 9 39 0 34 37 5 41 0 39 35 0 23 17 0 47 0 0 0 0 0 47 0 22 0 0 43 27 0 0 0 0 15 42 5 0 3 11 45 0 0 15 24 5 25 15 0 9 29 23 34 0 34 13 23 39 0 0 50 0 20 24 10 0 0 18 0 34 22 47 0 0 0 0 17 25 0 7 0 0 42 0 34 0 45 0 0 0 20 
0 0 0 13 0 0 0 0 12 0 0 45 0 42 0 0 0 0 22 30 50 20 0 0 0 0 38 21 0 26 38 0 0 6 32 0 0 7 41 0 0 49 25 26 0 0 4 9 0 37 48 0 35 0 46 0 0 43 0 7 12 18 25 0 0 0 0 0 27 0 0 0 29 0 6 0 0 0 3 44 31 28 0 1 0 17 0 28 0 0 27 
0 5 0 36 24 43 0 0 0 0 5 0 0 0 0 14 0 46 39 0 0 41 0 41 0 3 20 0 0 0 0 3 20 0 0 31 0 0 0 0 3 28 21 12 35 14 24 0 0 0 16 11 0 0 0 0 0 48 40 0 0 0 0 0 40 0 0 0 0 23 0 0 0 16 0 24 0 45 0 6 0 48 40 44 34 19 34 28 0 0 
37 0 0 0 0 0 36 0 0 19 20 3 45 20 0 24 0 41 49 39 1 46 0 34 0 4 23 0 0 0 21 27 4 0 0 47 0 46 0 19 23 0 42 0 13 0 0 39 0 40 40 0 0 32 0 0 1 2 11 16 0 41 0 0 0 39 0 0 12 20 0 28 0 4 0 48 48 19 41 0 43 37 46 0 50 0 22 15 0 
0 0 0 0 34 0 0 0 0 15 0 0 40 0 0 0 0 32 12 49 38 20 0 42 0 46 26 0 0 26 20 23 34 0 0 41 16 23 10 0 49 0 0 0 0 31 0 25 23 0 37 0 0 12 1 47 0 0 11 33 0 16 0 35 0 24 42 0 30 0 0 27 0 0 25 0 47 6 0 0 46 0 0 10 0 0 12 48 
0 0 0 3 16 38 0 0 11 30 0 0 0 19 0 0 0 13 47 46 18 0 0 41 0 39 37 0 40 22 20 0 0 39 0 0 0 33 14 0 0 33 42 0 0 0 27 45 1 23 0 1 0 0 0 0 29 0 38 0 0 0 0 0 0 0 0 33 0 49 0 34 7 0 23 0 25 18 0 29 0 32 26 40 38 10 0 
44 0 0 22 7 43 0 44 0 0 0 10 0 0 0 0 0 23 41 45 11 0 44 8 1 0 9 0 0 41 48 0 0 0 5 1 0 0 43 32 34 0 0 28 0 0 32 12 0 3 0 17 22 0 0 0 0 0 34 15 0 0 0 0 0 26 0 0 0 0 0 0 40 50 14 0 41 34 0 6 7 0 36 0 1 22 
3 27 0 46 50 0 0 18 47 26 0 13 0 22 0 0 46 0 8 0 15 0 0 0 0 0 0 25 6 0 0 26 49 0 0 2 0 0 22 8 0 38 0 0 0 0 14 0 0 0 43 8 19 43 0 0 0 0 40 6 30 0 0 0 0 26 30 0 0 2 2 6 0 17 25 0 0 18 0 0 0 0 0 0 0 
0 0 21 0 0 0 28 15 0 0 0 1 17 47 0 0 34 45 0 37 0 0 0 0 0 16 0 18 14 20 0 0 0 0 2 0 27 0 34 0 0 6 0 0 0 0 41 14 0 45 1 29 22 36 14 0 0 11 0 2 0 44 0 0 44 36 43 0 28 27 0 25 0 1 0 10 0 11 0 14 11 30 29 0 
0 0 40 0 13 17 0 32 0 35 0 0 28 17 3 33 43 15 0 0 31 19 13 0 0 0 42 0 0 7 17 0 50 39 0 41 0 0 0 0 39 8 0 0 0 13 0 2 0 0 23 29 0 0 42 0 0 22 0 48 0 29 26 40 0 0 0 41 14 28 6 10 0 0 0 45 0 24 0 40 0 0 0 
0 0 0 38 0 45 8 0 0 0 0 38 0 1 0 45 18 24 39 42 4 5 47 49 20 49 0 25 0 0 0 9 0 49 0 42 0 0 18 0 0 0 0 0 11 7 27 0 43 7 32 26 4 0 0 0 33 0 0 0 13 0 0 14 0 28 0 3 0 0 0 6 0 0 16 26 39 0 0 27 0 0 
0 0 47 0 32 34 9 0 0 0 20 0 36 0 0 25 49 0 8 12 0 48 15 0 26 0 0 13 23 0 19 0 27 0 0 8 50 32 29 38 0 0 0 30 0 0 22 0 0 27 0 0 39 25 36 28 13 0 0 0 0 9 0 34 0 0 30 49 0 26 23 23 15 32 0 17 4 0 0 0 0 
45 6 0 0 33 0 0 0 10 0 0 0 13 0 12 15 0 24 4 0 18 0 0 27 18 0 14 0 8 0 16 0 0 17 0 12 2 7 24 0 38 0 0 0 0 22 16 0 0 0 32 24 0 49 0 0 41 2 37 0 50 0 0 47 0 16 0 0 16 0 30 47 0 30 0 0 0 0 0 13 
26 12 20 35 0 23 0 0 22 22 24 0 0 0 0 0 0 1 35 46 49 0 45 24 0 0 0 30 41 33 20 18 0 44 8 0 14 0 29 0 0 0 48 0 21 29 0 0 15 31 46 13 0 0 0 0 43 21 0 26 0 0 16 35 12 41 0 0 0 0 0 8 0 25 17 8 0 0 0 
0 2 2 0 10 0 0 26 24 29 16 42 44 1 0 0 10 19 0 23 47 2 28 0 32 0 0 0 50 15 19 0 0 0 0 31 2 19 0 24 45 0 0 0 0 45 18 0 19 11 10 29 0 28 0 40 0 20 40 0 2 13 18 5 36 44 0 0 48 47 28 0 0 19 13 0 19 0 
8 40 0 0 43 24 0 41 0 0 44 0 44 3 39 0 0 35 39 0 0 29 0 0 0 48 0 18 49 16 49 24 0 31 0 0 2 4 1 22 3 0 31 0 7 0 15 0 50 0 0 38 1 0 0 0 0 6 28 36 24 39 40 0 36 29 0 0 0 29 12 9 18 41 30 28 0 
48 0 18 16 42 29 0 0 0 0 0 0 16 0 0 39 22 44 10 0 17 0 18 29 27 0 4 26 0 19 0 0 0 35 0 46 0 0 44 0 0 0 6 46 0 24 0 30 27 40 17 48 10 0 40 45 0 32 5 44 20 39 0 0 0 24 49 0 0 0 27 0 0 6 13 40 
48 0 41 31 40 28 31 38 8 0 21 38 0 0 0 0 6 29 20 0 0 0 42 0 0 0 0 34 10 0 0 0 41 0 0 0 0 0 0 0 0 0 28 14 0 0 5 0 44 0 0 24 0 3 0 26 0 5 4 26 0 0 9 3 35 36 0 15 0 0 0 6 0 0 30 
26 15 0 0 20 19 0 0 0 0 50 0 0 3 36 31 0 0 3 0 0 0 12 46 1 20 9 36 0 0 0 20 50 44 11 23 17 1 0 28 0 50 0 0 16 0 39 0 43 0 44 0 48 0 0 43 0 38 20 0 0 0 0 0 0 0 13 28 48 25 6 0 0 13 
41 24 0 0 0 0 0 0 37 0 28 38 0 15 12 11 0 47 5 0 0 0 0 32 26 0 0 0 0 0 0 30 45 45 2 0 41 43 34 0 0 0 0 8 25 7 0 0 4 40 0 29 0 0 0 0 7 0 0 0 0 0 28 47 0 0 34 0 43 0 29 40 0 
9 35 0 23 47 29 35 0 32 0 0 35 22 0 0 0 0 1 0 0 10 43 12 0 29 0 12 0 0 0 0 31 0 0 12 8 7 50 0 21 43 34 0 49 21 0 0 0 25 0 24 0 0 0 0 28 26 18 36 0 23 0 39 23 21 30 0 21 0 19 7 32 
30 34 13 0 45 0 0 25 0 0 8 0 11 5 15 0 35 30 46 1 5 0 44 0 26 48 0 5 28 0 6 0 0 0 0 37 46 0 0 0 7 0 29 38 0 0 46 0 0 0 0 4 0 21 10 0 0 31 0 0 47 0 12 0 7 0 18 0 0 0 0 
0 0 27 0 0 7 0 0 0 0 16 0 0 0 0 26 0 31 8 46 24 0 33 34 0 2 0 10 0 32 10 2 0 0 0 31 26 0 48 12 0 3 2 0 0 0 40 41 32 0 0 21 0 0 0 0 0 47 19 0 20 0 0 37 36 0 44 15 0 19 
0 45 0 46 0 17 11 33 43 0 47 6 0 0 13 0 19 0 0 25 0 18 26 30 0 0 32 37 44 29 0 46 4 0 14 0 0 13 28 32 0 18 0 0 43 0 0 0 0 0 14 2 0 37 0 0 47 48 33 0 0 11 0 0 0 0 0 5 4 
5 38 0 29 37 0 0 0 23 2 28 16 24 0 0 0 0 0 0 0 5 0 22 0 7 0 0 10 15 0 50 11 9 0 11 0 30 12 0 30 50 21 50 49 26 0 0 37 50 12 0 8 0 0 0 22 0 0 0 0 0 25 12 25 0 0 28 10 
45 19 0 0 14 0 1 26 3 0 19 36 0 39 29 0 0 33 0 0 21 0 0 0 1 47 29 18 0 46 47 40 25 36 0 9 0 42 0 1 0 11 0 22 0 28 0 27 0 0 47 0 0 0 16 11 38 11 0 30 0 0 44 0 0 42 0 
0 0 0 50 31 0 0 15 0 0 8 0 0 0 0 4 0 8 20 8 17 9 1 24 0 39 30 0 0 0 36 0 6 0 9 6 0 0 16 10 48 12 35 9 0 0 48 0 47 0 0 13 15 4 6 24 0 0 0 25 10 0 5 42 34 44 
29 9 12 22 12 0 0 46 34 0 20 0 10 3 31 38 0 46 0 0 18 0 46 0 0 44 3 0 0 0 36 0 0 21 0 0 0 38 12 0 0 16 1 26 0 32 0 18 0 20 0 40 13 0 0 44 50 0 0 38 14 38 0 0 9 
20 0 37 40 0 35 0 0 40 0 30 0 0 40 0 0 9 2 37 42 21 25 0 0 0 0 0 0 0 8 0 0 19 0 46 1 8 0 0 22 0 0 0 23 0 16 36 22 37 19 0 0 0 50 43 0 18 36 0 0 0 44 3 25 
37 41 11 0 43 25 0 20 46 36 17 49 0 40 49 0 21 17 0 32 22 0 0 16 0 7 4 0 0 0 46 0 0 35 0 0 19 0 4 0 0 42 0 0 0 0 0 0 0 0 13 14 0 0 0 26 0 12 0 36 0 31 27 
0 0 0 0 47 6 27 36 0 3 0 15 0 24 0 37 0 0 38 6 17 0 0 1 0 0 0 29 0 0 0 49 0 0 0 6 43 0 37 0 36 49 0 0 0 1 0 3 11 0 25 0 3 0 10 44 0 0 48 37 0 0 
40 38 0 6 0 35 0 0 2 0 32 0 33 46 0 0 35 39 0 0 0 4 3 21 0 0 35 38 39 47 13 0 0 0 0 43 0 20 8 0 0 7 22 0 0 19 0 44 21 0 0 0 21 0 0 0 5 0 0 0 50 
26 43 43 8 0 13 36 18 32 6 0 49 0 21 46 20 16 9 32 16 0 0 14 24 0 41 49 9 10 0 50 25 0 12 13 0 50 0 1 13 0 0 0 0 22 0 24 0 17 44 0 7 0 0 0 10 14 8 0 0 
0 22 13 20 0 50 0 0 50 8 10 0 0 0 0 0 6 0 0 0 23 19 6 0 0 0 0 44 36 0 0 0 24 0 0 30 0 18 0 0 36 0 26 15 0 12 45 0 0 16 22 47 46 49 0 34 41 14 0 
46 16 0 0 37 0 31 0 0 0 8 0 0 46 0 0 0 0 8 27 0 47 0 0 0 0 0 44 0 0 8 19 0 0 0 47 35 0 47 0 0 19 32 0 0 41 32 27 0 30 0 0 0 2 0 18 0 0 
26 0 0 0 0 10 0 43 0 15 17 0 16 36 29 0 27 0 0 38 0 46 24 45 30 18 38 11 0 0 45 13 0 39 49 46 32 19 11 22 0 35 21 20 22 0 5 5 7 0 0 1 4 0 0 0 0 
6 22 0 2 0 42 0 0 0 0 0 0 14 41 0 47 0 0 0 31 0 0 29 0 0 19 13 0 20 42 0 46 0 45 0 0 20 15 0 0 0 0 36 0 0 22 46 36 0 23 0 0 0 0 0 0 
28 0 0 40 22 31 0 26 0 0 0 0 0 0 19 0 18 20 0 40 0 43 23 6 0 0 0 22 50 0 22 0 40 12 0 0 39 12 0 0 0 6 31 21 0 7 0 0 28 0 42 44 0 0 3 
0 21 25 0 32 0 0 7 0 0 36 0 45 27 13 33 0 2 0 0 18 0 22 0 16 0 0 0 0 0 29 17 36 0 15 0 21 0 0 20 0 9 32 16 24 0 0 0 0 8 0 0 0 0 
0 0 13 6 0 20 0 0 44 15 49 8 4 5 23 0 0 0 0 4 38 0 0 45 0 0 0 0 0 40 50 0 14 0 10 47 0 0 36 32 0 19 0 0 0 49 0 40 32 0 5 18 15 
0 0 0 27 38 0 46 0 0 0 0 0 0 0 17 12 47 27 0 7 22 0 16 13 0 11 4 44 41 5 11 32 8 0 17 0 0 49 9 0 0 0 5 12 0 0 20 9 0 0 46 16 
0 25 0 32 29 7 4 25 0 0 0 0 27 0 1 40 48 0 1 0 22 0 29 0 0 50 20 8 0 0 0 0 0 0 0 33 2 40 0 0 19 15 48 29 23 0 48 30 0 12 0 
28 0 37 0 0 25 0 0 32 50 0 31 0 0 8 0 40 0 0 14 0 0 23 34 0 12 43 0 49 8 33 39 33 0 22 23 23 0 4 0 4 44 0 2 28 0 25 0 0 0 
24 12 30 24 42 3 0 0 0 0 31 0 44 17 0 39 41 0 6 22 8 8 8 0 2 0 0 0 0 20 0 0 18 0 33 41 48 5 0 0 0 17 31 1 0 11 0 29 0 
3 26 0 0 0 0 37 0 0 0 0 0 0 0 32 38 48 20 2 27 0 21 0 0 20 11 39 0 0 0 0 49 3 33 27 22 30 4 0 26 14 13 38 15 42 11 18 0 
22 45 0 26 0 31 0 47 0 0 0 0 0 0 0 0 49 0 38 27 30 20 1 2 47 0 0 2 12 14 25 0 0 38 0 45 0 0 2 0 0 16 0 44 25 0 27 
0 0 11 11 35 41 8 0 2 10 38 50 3 9 3 0 49 0 0 0 4 42 48 0 19 39 0 43 11 47 0 33 42 23 0 31 34 0 0 0 9 0 35 0 50 0 
0 16 0 15 0 0 0 7 0 32 2 43 4 0 18 45 0 24 31 0 5 19 17 49 7 0 11 43 0 0 0 34 23 35 0 0 0 0 0 0 0 0 20 0 42 
3 43 42 0 0 11 0 40 0 4 0 44 48 0 0 0 28 24 0 0 0 30 0 0 0 0 0 30 34 30 25 13 33 0 0 0 35 0 27 41 33 0 8 0 
0 27 0 0 0 0 49 30 35 0 46 0 41 12 27 1 0 9 44 0 0 0 0 24 0 0 0 6 34 0 21 28 27 15 23 0 0 0 0 4 6 22 1 
38 18 0 44 43 34 0 0 0 3 0 8 0 0 13 11 0 6 26 20 1 8 17 0 33 34 13 39 0 0 5 29 8 13 0 0 23 38 5 0 15 27 
0 39 15 0 0 5 0 39 34 4 18 36 0 0 0 5 7 20 34 0 17 28 8 0 37 0 0 0 0 41 0 1 1 0 3 29 0 0 7 41 26 
48 19 0 2 0 49 49 0 0 0 29 19 37 0 0 37 21 0 0 23 0 27 0 50 13 34 0 5 39 0 3 32 38 0 33 32 0 0 0 0 
0 23 5 0 8 0 0 0 0 30 0 18 0 0 0 0 16 0 0 43 0 22 0 34 40 0 2 34 24 0 24 0 0 0 14 2 0 0 39 
27 0 43 0 0 7 38 0 22 0 37 30 9 0 0 38 0 0 0 44 41 0 0 0 0 27 0 33 0 34 0 21 31 0 0 0 14 6 
28 0 0 0 30 0 26 0 0 45 17 0 8 41 30 47 0 40 0 8 0 0 36 0 0 0 0 0 8 6 46 23 40 17 44 0 19 
37 19 0 0 0 0 0 23 22 29 26 0 44 0 0 23 20 17 15 0 0 0 30 0 0 3 15 0 0 44 0 49 14 0 0 0 
0 14 0 0 0 22 23 31 0 16 22 0 0 0 33 25 0 0 0 39 0 43 27 0 10 0 0 0 0 0 12 0 24 5 0 
0 0 0 3 33 0 6 0 0 23 28 0 16 0 13 31 0 0 0 0 50 4 14 0 10 0 0 11 41 8 38 0 44 11 
0 15 0 0 0 0 0 16 36 19 0 0 14 0 29 27 0 34 0 0 0 3 19 17 0 0 22 48 0 14 15 0 0 
0 19 0 16 0 0 0 0 8 0 0 0 0 0 50 11 28 12 44 0 0 0 0 39 15 20 18 0 0 6 0 46 
9 50 1 35 0 5 0 21 19 0 16 0 4 24 0 18 48 33 0 0 0 0 0 14 9 19 48 38 0 0 0 
0 17 0 20 0 30 49 0 43 0 0 40 0 0 0 0 0 0 34 8 0 0 0 0 0 20 0 32 0 42 
0 23 39 0 0 19 0 0 0 21 0 7 0 0 39 0 0 12 0 4 0 47 0 22 4 31 0 5 0 
0 0 13 24 0 0 16 0 0 0 43 26 0 23 16 7 36 23 3 0 0 0 0 12 50 0 0 20 
9 41 0 0 16 0 0 1 46 0 31 0 15 25 26 2 0 0 31 2 0 0 26 45 38 17 0 
46 0 44 0 0 35 24 36 32 0 18 12 0 0 0 17 0 0 18 15 23 0 29 0 0 22 
23 10 0 0 0 0 0 39 0 0 0 0 16 0 31 46 0 20 13 30 4 27 0 0 14 
0 9 0 16 0 0 0 0 49 0 44 0 0 7 13 35 0 0 29 28 0 0 0 35 
15 25 13 0 50 11 29 13 42 25 15 0 23 29 0 0 0 48 33 0 2 0 45 
0 4 36 0 31 26 20 14 26 0 0 4 32 0 5 0 0 0 0 0 10 27 
0 17 0 0 41 0 0 35 32 0 46 11 0 0 15 26 7 18 37 28 38 
0 7 24 1 50 3 41 13 41 0 6 25 0 0 0 17 18 0 0 0 
0 31 0 48 0 0 0 0 44 0 28 0 8 0 34 0 22 0 0 
17 3 11 0 0 0 3 41 27 0 7 0 0 29 7 0 0 0 
23 0 22 42 45 0 12 37 13 0 35 0 0 2 0 0 6 
6 19 0 32 0 0 0 0 0 50 0 17 0 0 0 48 
0 0 0 4 0 28 25 0 0 7 34 0 21 48 0 
0 0 0 0 24 50 17 0 0 0 0 0 21 11 
1 3 13 14 0 0 50 4 36 0 0 41 0 
0 0 0 0 0 0 0 24 0 38 24 8 
0 10 9 36 0 0 0 0 36 0 0 
28 0 0 3 0 0 22 13 26 35 
22 42 34 22 34 29 0 0 0 
0 16 0 13 0 0 8 3 
21 0 41 0 4 0 0 
39 48 45 49 8 0 
0 0 16 42 0 
13 0 3 41 
0 39 6 
0 0 
3 

1 2
1 6
1 21
1 23
1 54
1 68
1 72
1 84
1 91
1 113
1 120
1 123
1 126
1 129
1 135
1 146
2 20
2 28
2 37
2 43
2 53
2 68
2 70
2 84
2 93
2 113
2 123
2 135
2 143
2 147
3 9
3 13
3 15
3 36
3 49
3 80
3 100
3 102
3 121
3 124
3 143
4 39
4 86
4 109
4 115
4 116
4 135
4 141
4 144
4 148
5 11
5 13
5 20
5 26
5 31
5 36
5 43
5 54
5 56
5 69
5 78
5 87
5 110
5 122
5 134
5 146
5 147
6 12
6 31
6 43
6 45
6 62
6 82
6 88
6 93
6 114
6 119
6 127
6 139
6 145
6 150
7 17
7 18
7 23
7 34
7 37
7 48
7 61
7 86
7 96
7 142
7 144
8 10
8 67
8 86
8 93
8 98
8 114
8 115
8 122
8 143
9 35
9 64
9 74
9 77
9 78
9 89
9 91
9 102
9 105
9 118
9 139
9 143
10 12
10 20
10 40
10 46
10 65
10 68
10 72
10 93
10 95
10 125
10 134
10 136
10 150
11 14
11 28
11 35
11 45
11 47
11 54
11 55
11 68
11 69
11 78
11 81
11 98
11 104
11 125
11 133
11 135
11 149
12 13
12 15
12 17
12 20
12 21
12 26
12 36
12 61
12 68
12 77
12 90
12 94
12 99
12 109
12 127
12 143
13 18
13 19
13 20
13 22
13 24
13 36
13 49
13 63
13 67
13 73
13 84
13 89
13 102
13 127
13 143
14 33
14 92
14 93
14 98
14 125
14 149
15 18
15 35
15 38
15 45
15 60
15 66
15 68
15 93
15 98
15 120
15 123
15 143
16 36
16 49
16 51
16 58
16 86
16 93
16 105
16 108
16 119
16 121
16 137
17 24
17 60
17 70
17 78
17 120
17 122
17 127
17 130
17 139
17 143
18 34
18 43
18 55
18 56
18 64
18 68
18 70
18 87
18 110
18 112
18 130
18 136
18 137
18 147
19 47
19 50
19 54
19 55
19 62
19 67
19 70
19 75
19 77
19 90
19 94
19 98
19 110
19 124
19 125
19 149
20 26
20 33
20 37
20 42
20 53
20 61
20 66
20 78
20 101
20 106
20 109
20 142
21 22
21 27
21 42
21 56
21 68
21 69
21 72
21 103
21 108
21 112
21 121
21 124
22 39
22 41
22 44
22 84
22 88
22 101
22 134
23 26
23 30
23 33
23 41
23 44
23 53
23 54
23 55
23 65
23 72
23 95
23 112
23 117
23 118
23 150
24 33
24 42
24 43
24 49
24 70
24 106
24 107
24 109
24 113
24 119
24 128
25 28
25 45
25 56
25 67
25 68
25 76
25 84
25 87
25 127
25 132
25 140
26 41
26 44
26 50
26 67
26 82
26 89
26 100
26 110
26 147
26 148
27 28
27 39
27 44
27 60
27 61
27 62
27 67
27 81
27 116
27 121
27 128
27 133
27 134
27 149
28 44
28 74
28 101
28 106
28 142
29 34
29 49
29 54
29 60
29 64
29 75
29 86
29 94
29 95
29 98
29 118
29 128
30 51
30 74
30 87
30 90
30 125
31 44
31 72
31 73
31 96
31 114
31 122
31 123
31 136
32 77
32 99
32 114
32 116
32 123
32 127
32 129
32 143
33 40
33 41
33 66
33 68
33 73
33 82
33 87
33 88
33 99
33 101
33 102
33 108
33 114
33 128
33 139
34 37
34 38
34 43
34 92
34 134
35 56
35 71
35 90
35 102
35 115
35 126
36 46
36 55
36 75
36 77
36 78
36 81
36 92
36 97
36 149
37 56
37 75
37 77
37 88
37 107
37 115
37 116
37 120
37 124
37 125
37 131
38 44
38 63
38 78
38 98
38 105
38 134
38 137
38 147
39 40
39 44
39 81
39 83
39 114
39 137
40 41
40 47
40 52
40 54
40 57
40 68
40 97
40 105
40 119
40 132
40 142
41 57
41 108
41 120
41 121
41 145
42 43
42 65
42 81
42 115
42 119
42 149
43 59
43 63
43 110
43 138
43 145
44 57
44 74
44 98
44 116
44 123
45 68
45 74
45 75
45 77
45 84
45 129
45 133
45 142
46 58
46 79
46 101
46 119
46 134
47 59
47 63
47 75
47 94
47 102
47 112
47 122
47 140
47 150
48 79
48 84
48 89
48 100
48 122
48 127
49 86
49 89
49 102
49 106
49 108
49 114
49 119
49 127
49 136
50 76
50 88
50 92
50 116
50 141
51 54
51 60
51 68
51 70
51 71
51 84
51 86
51 90
51 100
51 116
51 122
51 123
52 82
52 103
52 127
52 129
52 139
52 150
53 82
53 143
54 67
54 77
54 81
54 100
54 111
55 63
55 64
55 80
55 89
55 111
55 128
55 129
55 131
55 135
55 140
56 115
56 130
56 147
57 68
57 91
57 98
57 101
57 121
57 130
57 138
58 65
58 70
58 76
58 113
58 126
58 133
58 148
58 149
59 77
59 95
59 96
59 104
59 148
60 72
60 89
60 109
60 115
60 127
60 129
60 137
61 70
61 84
61 89
61 91
61 100
61 105
61 141
62 106
62 109
62 120
63 70
63 75
63 79
63 86
63 103
63 107
63 124
63 127
63 132
64 77
64 80
64 81
64 98
64 115
64 125
65 78
65 85
65 89
65 95
65 113
65 123
65 128
65 133
65 141
65 144
65 146
65 149
65 150
66 67
66 70
66 109
66 115
66 125
66 137
67 99
67 105
67 121
67 141
67 150
68 69
68 71
68 79
68 105
68 124
68 137
68 139
68 147
69 77
69 79
69 93
69 101
69 103
69 114
69 147
70 100
70 102
70 138
70 140
71 85
71 107
71 126
72 87
72 88
72 98
72 107
72 125
73 85
73 119
73 127
73 129
74 76
74 85
74 88
74 115
74 138
74 143
74 147
75 77
75 100
75 101
75 107
75 116
75 120
75 146
75 149
76 106
76 120
76 130
76 131
76 142
77 87
77 117
77 150
78 86
78 108
78 117
78 124
78 128
78 131
78 132
78 133
78 147
79 85
79 91
79 103
79 119
79 138
80 82
80 84
80 97
80 118
80 124
80 134
80 142
80 143
80 146
81 82
81 131
81 145
81 146
81 148
82 102
82 118
82 135
82 141
82 143
82 147
82 148
83 147
84 86
84 91
84 96
84 132
84 135
84 141
85 102
85 104
85 105
85 110
86 112
86 124
87 110
87 120
87 123
87 135
88 89
88 110
88 111
88 115
88 118
88 126
88 128
88 140
88 145
89 97
89 108
89 133
89 136
89 141
89 143
90 141
91 103
91 115
91 121
91 123
91 133
92 98
92 102
92 105
92 109
92 110
92 113
92 115
92 121
92 125
92 137
92 147
93 102
93 109
93 111
93 112
93 123
93 148
93 150
94 103
94 118
94 136
94 138
94 143
94 147
95 98
95 104
95 111
96 97
96 108
96 116
96 134
97 104
97 120
97 122
97 129
97 138
97 140
98 101
98 104
98 135
98 143
98 148
99 108
99 130
99 134
99 148
100 107
100 118
100 119
100 128
100 143
101 108
101 110
101 130
101 132
101 133
102 130
102 141
102 150
103 119
104 105
104 106
104 112
104 139
105 112
105 114
105 119
106 110
106 125
106 141
106 150
107 113
107 129
108 121
108 122
108 138
109 123
109 135
109 137
110 147
111 115
111 119
111 120
111 122
112 117
112 135
113 117
113 125
113 130
113 134
114 120
114 145
115 119
115 142
115 143
116 128
116 130
116 136
116 148
117 131
117 134
117 143
117 150
118 128
118 129
118 139
119 124
119 134
119 138
119 140
120 121
120 134
120 138
121 144
122 127
122 135
122 144
123 126
123 135
123 141
124 142
124 149
125 131
125 142
126 133
127 149
128 132
128 139
129 136
131 136
131 137
131 138
131 143
132 138
132 150
133 143
134 137
134 140
135 150
137 147
138 139
138 140
142 143
143 145
145 146
147 148
