150 894 1000

25 62 74 70 84 44 105 84 58 89
47 17 39 73 53 55 71 54 88 74
65 19 93 67 26 15 94 82 38 23
38 36 35 98 50 42 99 22 40 49
63 85 33 91 86 36 64 68 50 33
26 94 68 52 65 31 63 62 105 68
103 93 73 44 77 80 23 31 58 11
23 49 34 65 58 67 110 86 44 27
33 20 67 81 16 85 55 43 45 30
104 51 23 16 39 108 105 104 62 81
20 19 106 34 67 47 34 105 98 100
49 106 23 18 64 108 62 84 16 23
26 104 88 86 85 57 84 45 85 102
94 109 106 105 104 65 26 88 39 13
27 93 23 39 64 101 69 77 65 30

15 52 64 60 74 34 95 74 48 79
37 7 29 63 43 45 61 44 78 64
55 9 83 57 16 5 84 72 28 13
28 26 25 88 40 32 89 12 30 39
53 75 23 81 76 26 54 58 40 23
16 84 58 42 55 21 53 52 95 58
93 83 63 34 67 70 13 21 48 1
13 39 24 55 48 57 100 76 34 17
23 10 57 71 6 75 45 33 35 20
94 41 13 6 29 98 95 94 52 71
10 9 96 24 57 37 24 95 88 90
39 96 13 8 54 98 52 74 6 13
16 94 78 76 75 47 74 35 75 92
84 99 96 95 94 55 16 78 29 3
17 83 13 29 54 91 59 67 55 20

2 20 32 0 0 1 0 0 0 0 33 0 49 8 0 27 0 0 0 15 0 0 1 8 0 0 46 0 21 0 0 0 0 0 0 35 37 0 22 0 0 0 0 0 0 0 10 0 44 0 0 0 0 21 0 28 12 19 17 3 40 0 7 0 48 38 48 0 3 0 28 0 39 32 0 47 0 0 31 0 22 0 0 15 0 21 17 8 28 0 3 45 40 22 33 10 0 35 3 0 0 0 47 0 0 18 0 0 39 0 43 28 0 0 14 32 0 24 32 1 0 0 15 24 0 0 0 35 0 0 0 26 44 46 31 25 0 5 37 42 8 16 0 0 0 0 0 28 26 
0 27 0 12 0 0 0 0 0 0 0 0 0 22 13 41 0 0 23 0 0 49 0 32 39 28 42 23 33 33 0 0 0 20 0 29 0 0 0 0 0 12 0 5 0 0 20 17 34 2 0 0 46 0 5 27 2 40 0 27 20 0 29 6 39 0 9 0 17 0 49 29 0 2 1 0 46 0 0 13 0 0 0 4 21 0 25 48 8 37 0 0 0 19 18 43 0 0 0 11 2 0 28 0 0 48 0 0 18 0 0 16 46 34 29 0 43 21 0 43 3 26 3 9 0 0 0 22 0 49 0 43 0 0 0 0 35 0 0 18 0 5 25 16 8 21 31 19 
48 0 0 35 0 11 2 0 0 17 0 0 0 37 0 0 0 0 2 0 0 33 25 0 0 19 0 15 6 0 0 0 0 31 47 0 25 45 0 41 0 4 0 16 32 0 24 43 0 0 0 32 41 4 0 0 0 32 22 3 0 47 46 0 0 0 9 0 0 49 12 6 24 0 0 17 0 46 0 0 29 11 0 0 12 0 43 31 24 0 15 0 11 0 0 23 18 0 0 22 0 0 0 50 35 20 6 0 0 10 0 0 0 0 11 0 0 37 11 0 41 28 16 44 24 1 0 0 14 20 0 42 36 22 10 0 0 0 47 0 7 0 0 32 0 0 32 
0 26 9 11 7 0 0 0 50 0 0 44 0 0 9 0 0 31 23 30 0 0 3 30 45 0 0 18 0 29 0 0 0 0 1 4 0 0 0 1 45 0 0 15 0 0 12 0 0 35 23 21 0 0 37 22 17 0 45 0 0 0 0 0 18 0 35 0 1 0 30 4 50 46 9 0 0 27 2 17 18 36 24 0 0 0 23 0 26 50 45 0 22 17 24 26 0 11 43 0 11 0 0 14 0 20 0 0 22 29 0 0 4 0 0 0 0 0 0 0 0 0 0 0 44 16 39 0 16 30 48 21 12 48 0 0 0 8 0 27 0 41 0 0 0 0 
47 44 0 3 0 14 0 41 8 46 0 0 42 41 0 0 49 0 0 0 30 3 0 0 42 0 17 0 0 0 41 40 0 26 0 0 11 0 16 0 30 14 0 1 20 50 0 0 0 0 13 0 0 0 19 15 28 0 15 13 6 0 39 0 23 25 0 0 48 43 0 0 0 0 48 0 26 47 0 0 0 41 0 15 0 48 0 1 15 0 44 48 16 0 24 10 0 0 0 0 41 11 30 44 0 0 0 41 42 13 47 12 0 0 0 2 0 15 43 0 0 6 25 0 39 24 0 0 0 0 8 28 0 0 0 17 49 50 0 46 27 0 8 41 0 
0 0 0 39 0 0 0 0 0 38 45 0 0 34 30 10 36 0 12 30 0 7 0 20 0 34 40 0 42 0 19 15 12 0 0 0 0 0 0 0 0 0 0 0 0 33 0 28 47 23 0 0 33 25 16 0 0 6 6 0 5 0 0 0 0 0 13 0 46 0 0 6 0 18 19 19 0 46 42 49 0 15 5 0 21 0 0 0 15 20 4 0 0 0 16 0 43 0 42 0 0 0 0 50 29 20 0 35 4 0 4 0 31 2 0 0 42 0 24 0 24 0 48 0 24 0 0 36 0 0 0 0 31 36 11 47 0 0 0 0 15 40 0 34 
0 0 0 0 0 0 31 0 40 0 0 0 0 0 0 8 1 0 0 0 0 0 16 0 48 0 0 0 28 0 0 0 0 46 12 36 0 24 33 46 0 21 39 0 28 0 31 0 48 0 12 43 0 0 0 34 0 47 0 32 0 0 0 4 0 0 18 32 0 0 20 7 0 33 0 10 7 0 3 31 32 29 0 0 0 0 0 0 7 2 8 46 0 0 18 10 48 0 3 0 5 0 26 1 45 20 23 0 0 0 47 27 30 8 0 10 8 0 37 0 31 20 19 0 0 28 2 0 39 0 35 0 24 31 0 25 14 25 15 47 17 0 0 
0 0 0 0 0 0 23 35 14 39 29 0 0 9 43 12 0 25 17 16 34 0 0 0 0 0 45 0 0 46 0 0 0 0 1 0 0 28 33 36 0 0 23 5 25 0 13 0 2 31 0 36 37 16 41 0 25 0 8 23 0 0 0 0 0 0 26 16 31 18 0 0 22 8 29 0 37 0 6 0 0 0 0 11 0 0 0 40 0 46 0 20 0 42 32 0 0 2 0 24 0 0 25 19 0 0 0 0 1 23 0 36 0 12 11 0 24 27 0 0 0 4 12 47 8 0 41 35 2 10 3 0 9 0 16 0 0 40 3 0 0 16 
45 0 0 0 0 0 39 0 0 0 10 0 0 45 28 0 30 2 29 40 42 9 49 0 0 0 14 7 0 0 0 1 0 0 2 0 34 0 45 23 0 0 6 19 0 48 12 42 0 17 0 0 0 48 0 20 13 20 0 0 0 0 5 43 44 46 0 0 0 0 0 39 0 0 28 0 47 0 38 0 47 22 43 6 5 47 0 0 10 22 9 40 12 0 0 2 10 31 0 0 0 33 45 8 13 0 26 41 0 0 48 20 41 0 0 2 4 14 0 0 0 0 0 0 2 0 0 0 44 29 0 18 7 0 0 19 0 36 2 9 40 
31 24 0 43 44 0 0 0 0 0 28 0 9 12 0 0 48 16 0 29 27 3 28 0 19 0 0 0 0 47 0 0 31 0 0 0 25 0 20 10 34 0 34 5 0 0 32 1 0 7 33 4 0 10 0 0 0 0 26 0 11 0 0 39 4 44 0 18 0 48 0 0 44 0 23 0 0 0 11 0 0 0 0 0 0 0 0 13 46 0 0 16 0 0 16 0 0 0 0 0 40 20 0 29 28 0 0 7 0 25 0 47 33 0 0 0 0 8 0 28 11 0 42 0 0 0 0 5 0 0 0 41 0 0 0 9 26 0 49 0 
25 0 28 2 34 0 0 40 0 0 0 36 0 44 37 0 6 0 0 0 10 0 12 49 0 0 0 15 33 42 27 26 0 0 0 0 0 42 0 0 5 16 32 0 11 34 1 47 22 0 0 45 16 30 0 0 42 0 0 0 12 0 0 46 44 1 17 10 26 0 41 26 0 4 0 47 5 0 0 37 10 0 22 26 47 30 0 0 0 24 0 0 31 1 12 8 0 0 25 0 0 48 0 25 33 0 0 49 0 0 0 6 0 26 40 3 0 24 0 50 0 0 0 28 0 2 25 0 0 39 0 0 0 0 29 0 0 48 0 
0 48 23 32 0 41 34 22 0 0 35 43 31 46 15 0 0 0 0 43 0 2 48 36 21 0 0 0 36 0 0 49 0 0 44 0 0 36 47 19 48 33 21 0 0 27 0 0 0 43 0 16 0 0 0 0 0 43 0 0 23 0 27 0 21 0 0 11 43 0 0 0 47 0 20 0 29 47 0 0 32 31 50 40 0 28 26 0 0 0 0 44 10 33 47 11 13 1 3 0 26 0 22 0 45 0 0 0 21 49 44 33 0 15 28 7 0 0 40 0 37 35 39 24 0 0 32 0 0 0 47 0 28 6 48 3 8 27 
31 0 22 18 0 0 0 0 0 13 0 0 0 4 24 0 29 0 1 0 0 19 0 0 42 10 0 18 14 4 31 0 0 35 49 12 31 0 4 8 18 0 0 0 0 50 0 30 0 0 30 0 0 12 24 34 0 39 0 0 0 0 0 8 0 5 0 0 29 0 0 19 0 4 0 44 41 9 4 0 45 22 0 0 23 9 39 0 9 0 0 17 0 36 47 0 0 10 3 10 0 0 0 0 0 0 9 11 15 0 34 30 0 2 26 0 0 0 0 49 0 0 12 22 0 0 12 16 0 12 0 20 29 0 0 0 0 
0 25 36 4 0 0 0 42 0 24 45 31 23 25 23 0 23 34 31 0 0 39 49 45 45 34 0 0 0 11 45 26 0 0 38 0 0 44 0 45 38 0 43 0 23 0 31 42 14 26 4 40 36 45 0 0 0 27 46 15 0 45 19 13 41 44 22 0 35 4 0 0 0 0 0 4 35 20 19 11 46 0 0 45 23 25 50 0 0 0 38 0 9 0 15 44 0 0 0 8 0 5 0 44 6 0 8 24 10 31 28 20 4 31 24 0 9 0 35 5 19 0 0 15 0 32 0 0 10 10 0 33 10 13 0 32 
0 38 32 49 0 29 21 3 0 0 0 21 11 0 16 27 0 46 28 0 33 0 11 0 0 44 28 48 0 0 0 0 15 44 0 1 29 2 0 2 0 22 0 0 22 4 23 26 0 20 1 25 0 37 0 0 0 0 0 0 0 42 36 0 23 0 19 0 18 0 19 0 0 6 0 0 39 0 0 0 41 0 0 0 13 0 0 13 0 28 0 16 0 44 23 0 17 29 0 0 0 15 0 0 0 43 0 1 31 0 29 0 0 41 11 0 17 49 0 0 30 43 0 6 1 44 48 0 26 0 0 1 0 0 2 
45 29 0 42 0 0 39 0 32 33 0 10 17 40 0 3 11 0 28 0 0 0 0 0 0 0 0 0 22 0 0 0 0 33 37 0 6 30 42 15 0 0 40 43 0 0 0 0 32 1 46 45 17 0 4 30 44 0 12 0 0 19 35 2 0 0 0 0 38 0 0 0 30 0 33 35 1 0 45 6 0 31 0 0 33 0 0 18 50 0 0 0 11 41 9 40 0 0 27 28 0 0 22 2 34 23 46 0 24 0 0 18 0 44 0 28 8 49 47 4 19 0 35 31 0 0 37 0 45 0 0 47 9 0 
44 2 31 36 28 0 0 0 38 0 0 19 0 19 0 40 24 24 0 30 1 0 0 0 0 0 1 15 0 11 0 0 0 0 0 35 32 0 0 0 31 32 5 0 0 7 8 27 19 0 44 0 41 0 0 0 0 0 0 48 0 18 24 2 21 0 30 0 0 0 0 49 9 49 0 37 0 0 29 0 0 27 0 39 0 18 0 0 13 0 17 0 9 0 12 0 30 0 33 9 7 0 44 0 0 20 50 0 41 33 0 0 0 21 36 39 0 0 38 32 0 17 0 34 0 27 17 0 0 0 0 4 47 
0 20 18 0 39 0 0 48 0 0 0 27 0 0 0 36 11 34 0 12 0 0 0 32 23 42 43 0 17 0 5 0 18 13 35 0 0 0 24 29 43 0 0 10 23 35 0 11 23 17 40 12 2 0 22 0 0 27 30 2 0 0 0 9 0 42 0 0 49 43 0 16 2 33 0 36 41 0 0 35 19 0 0 49 40 24 44 0 0 8 0 1 22 22 0 31 0 3 29 0 5 0 29 0 29 0 0 10 44 48 0 0 20 0 7 34 30 31 23 0 19 21 0 16 35 20 0 0 0 0 0 0 
27 5 0 0 0 0 0 42 0 1 24 45 0 0 0 0 0 0 0 10 0 8 0 0 23 0 0 14 0 0 13 30 41 0 48 2 0 0 0 0 18 0 49 0 0 2 0 31 12 0 12 47 47 0 0 0 7 38 0 0 29 0 22 44 19 0 0 0 4 0 0 5 0 0 20 22 8 0 48 50 0 1 24 20 37 6 0 0 18 0 11 0 10 6 0 0 25 30 0 35 39 0 35 0 0 0 19 3 0 0 0 13 0 0 29 0 0 0 11 0 34 3 20 0 20 1 0 0 4 0 30 
23 11 0 0 30 28 0 0 0 0 7 0 20 7 47 25 0 0 21 0 0 17 0 0 37 0 23 3 0 0 0 39 0 0 0 0 16 0 0 22 0 19 16 10 0 20 44 0 0 0 0 0 26 16 22 0 45 0 20 0 0 46 0 0 18 0 0 0 0 32 0 29 0 0 0 26 0 42 0 48 0 0 30 37 0 19 10 0 0 0 0 0 38 0 4 29 0 0 44 27 0 0 29 2 33 0 17 24 0 0 49 0 0 0 0 42 0 10 28 0 47 47 9 0 22 49 12 0 47 0 
0 0 0 26 0 0 0 0 29 23 34 0 36 21 0 22 29 12 12 44 32 0 1 31 0 0 2 0 47 0 0 14 11 0 0 18 0 0 4 2 0 8 0 27 34 8 0 2 0 9 49 20 0 0 5 0 33 0 32 33 45 0 0 24 1 16 0 16 32 0 0 15 0 0 39 0 0 24 0 0 3 42 8 0 0 48 0 16 0 0 50 29 0 31 11 0 1 37 43 38 34 14 0 31 0 0 43 0 0 27 31 0 18 0 42 0 0 0 0 0 0 0 0 0 0 0 14 0 25 
33 11 1 7 0 0 11 0 0 42 0 0 0 50 0 21 0 44 0 15 0 16 32 0 0 0 41 0 8 0 27 0 18 0 0 0 0 0 35 23 32 0 23 0 0 15 0 8 0 0 7 0 0 0 0 0 29 12 34 50 0 0 8 0 43 0 0 0 48 40 0 5 18 50 0 0 0 0 0 24 0 27 0 0 0 0 0 0 4 0 39 18 42 37 0 9 0 0 13 18 17 44 0 0 33 39 0 0 0 15 23 0 12 35 0 41 6 14 0 43 39 0 4 0 18 0 19 0 
0 0 5 0 36 0 41 21 44 23 4 28 0 46 0 0 0 40 41 47 24 39 0 10 0 0 34 38 44 0 20 0 0 44 0 45 0 0 0 32 0 0 26 34 50 23 5 27 36 0 1 26 10 46 0 46 35 0 45 0 0 47 0 0 0 0 0 0 0 21 48 0 0 8 0 25 0 42 7 12 0 0 0 0 0 0 35 0 0 0 17 6 16 0 0 49 43 39 33 0 0 19 0 0 0 42 45 20 0 30 3 0 0 24 2 0 0 0 0 45 47 0 0 41 0 33 0 
0 0 0 38 0 0 30 0 0 0 35 8 28 0 47 36 0 13 48 0 14 1 0 11 0 0 16 38 0 0 42 0 0 0 0 0 0 0 0 12 0 45 39 31 0 6 0 0 0 0 44 5 48 0 0 36 0 0 43 39 2 18 0 37 0 0 50 15 0 0 0 0 0 0 0 0 0 10 24 26 33 44 0 28 0 29 33 0 41 9 20 0 2 10 0 3 0 40 0 37 13 49 36 0 22 6 25 0 0 0 0 0 16 19 0 0 0 0 0 6 0 0 40 19 30 0 
24 35 0 36 0 39 0 33 0 0 0 19 34 0 7 17 34 0 23 0 0 0 0 11 23 0 0 0 0 34 0 24 46 0 32 0 0 0 28 0 31 8 0 43 0 0 43 6 26 29 17 0 0 25 22 0 0 48 0 0 27 0 0 0 13 30 0 0 42 35 15 26 0 0 0 0 0 0 39 27 19 24 28 0 20 31 38 0 30 47 27 0 19 0 48 38 0 47 0 12 18 17 0 0 43 0 0 0 0 0 15 0 0 0 0 0 0 0 0 37 21 4 18 0 0 
29 7 39 27 40 32 31 27 15 48 19 21 0 24 23 39 39 0 0 25 33 0 0 5 17 38 0 49 0 2 0 18 6 0 0 0 0 16 45 25 29 0 0 20 40 0 29 0 26 21 0 0 0 0 31 0 23 5 0 31 0 0 0 0 0 0 0 41 0 4 46 9 6 0 0 0 46 15 0 0 0 20 6 0 14 0 0 47 34 0 0 14 0 12 0 13 0 0 17 0 0 3 0 0 8 0 22 23 24 41 8 0 0 36 0 20 0 29 0 0 24 18 34 49 
0 0 0 0 25 9 0 32 0 0 0 41 0 22 0 29 0 1 0 13 41 5 0 10 0 0 0 19 33 39 0 2 0 0 0 33 21 0 0 22 37 0 21 0 0 36 0 0 0 46 10 21 0 18 2 0 0 49 0 33 6 24 36 32 14 0 0 5 10 45 0 0 12 0 0 0 0 0 31 0 0 45 32 0 47 0 0 15 0 0 0 34 8 3 10 0 0 9 21 0 0 0 0 0 19 19 0 0 0 50 0 16 32 0 14 0 49 50 0 50 43 0 0 
0 37 49 15 11 0 33 9 42 37 45 45 38 48 0 0 20 36 25 0 36 0 0 33 0 27 45 48 4 37 0 0 29 0 28 0 0 0 0 34 0 0 0 0 0 0 0 0 0 42 45 0 4 50 0 47 0 0 0 0 27 0 0 0 11 0 0 0 0 0 30 0 0 0 23 0 7 28 8 43 19 16 20 0 4 31 33 8 0 47 0 0 0 24 0 0 16 0 6 4 0 18 14 0 15 0 0 0 0 19 0 32 7 44 0 32 42 0 10 0 18 0 
20 0 0 42 11 25 0 31 26 0 27 0 35 0 0 0 5 0 22 33 23 0 47 0 40 0 0 0 0 0 9 27 14 28 0 36 23 48 0 0 18 1 0 0 19 0 45 0 0 0 47 16 37 27 16 0 0 22 0 19 26 43 0 8 0 24 16 11 0 15 0 0 0 5 41 32 0 0 30 22 0 0 0 34 32 25 11 0 43 0 0 27 0 48 0 46 39 0 42 13 0 0 32 0 12 30 0 0 0 0 25 13 0 15 0 47 25 18 42 13 0 
0 12 22 14 35 11 0 39 0 43 37 40 18 20 27 0 34 50 34 0 0 0 33 0 0 3 0 0 13 0 0 30 0 0 0 45 33 24 0 0 0 35 10 0 21 44 0 0 35 0 22 0 0 0 0 26 48 2 41 5 5 0 0 0 17 49 0 0 6 43 0 0 0 0 0 0 0 11 0 0 46 27 0 0 21 21 36 11 20 0 0 0 17 22 0 0 0 30 0 7 0 0 23 50 0 28 0 0 0 27 0 0 0 35 19 19 43 0 49 0 
50 0 50 0 38 4 16 0 45 0 7 20 44 0 0 0 0 16 0 0 0 0 0 0 33 0 22 0 21 0 0 0 0 21 43 0 0 33 0 0 0 1 0 0 0 0 0 0 28 7 0 30 21 30 0 0 0 18 0 34 32 2 49 0 34 33 20 0 8 0 19 16 0 5 46 14 0 37 0 29 12 0 19 37 0 27 4 47 10 26 42 0 0 0 0 14 37 0 41 0 0 0 0 0 0 0 16 5 0 0 0 0 50 24 0 0 20 36 27 
0 27 13 1 34 0 0 0 0 0 0 37 33 36 35 0 0 2 0 29 0 0 0 0 0 14 49 0 0 46 0 38 28 0 0 0 7 0 24 13 24 0 48 0 0 3 24 39 0 4 0 16 0 5 0 0 0 44 0 49 25 48 12 0 36 1 39 47 0 0 0 50 37 0 0 0 0 0 0 13 0 0 27 0 0 42 0 31 0 0 0 0 13 0 15 0 0 0 17 0 0 0 49 0 49 45 0 30 36 0 0 41 38 43 0 39 49 0 
0 0 29 14 0 24 34 41 40 0 0 11 28 0 0 41 0 50 44 0 0 0 0 0 0 0 0 37 0 0 33 19 17 0 25 14 0 46 0 41 0 0 0 40 0 0 11 4 0 42 37 0 19 0 0 8 23 0 39 50 0 24 32 13 33 0 0 2 0 0 0 36 19 15 0 0 18 0 0 25 40 48 18 0 36 0 26 0 12 3 0 0 0 0 0 0 0 47 0 15 37 8 0 0 0 0 33 26 0 0 0 0 47 37 0 0 0 
0 13 0 14 0 42 0 26 0 26 0 0 34 3 0 0 37 49 48 50 0 25 0 0 5 16 13 0 35 0 6 0 0 0 0 0 42 0 41 12 0 50 15 2 9 0 47 28 0 36 38 0 16 9 0 0 19 4 0 18 0 0 4 42 0 33 21 0 30 28 0 17 26 0 0 36 23 0 31 0 0 0 28 0 41 33 23 30 26 3 36 29 23 10 0 3 0 0 28 0 0 0 0 29 0 0 0 21 15 0 33 36 0 0 41 0 
0 45 36 0 0 28 0 0 7 6 44 0 7 43 20 49 16 41 19 31 0 0 0 0 0 30 0 17 46 19 30 19 38 10 0 0 0 47 14 0 14 36 49 0 2 45 0 0 29 5 0 20 0 0 0 4 0 0 12 0 40 12 0 49 0 0 16 0 1 13 35 0 18 0 0 27 0 0 49 0 0 0 27 21 0 11 38 32 26 35 0 25 0 5 42 7 0 0 0 0 37 43 0 44 0 0 26 0 37 32 29 0 0 0 7 
0 0 0 0 5 0 0 39 0 0 42 35 22 0 3 0 36 29 0 28 21 21 0 0 39 7 0 0 0 0 0 0 3 15 0 0 32 0 0 39 35 0 41 22 20 0 4 0 5 6 0 8 0 0 23 0 0 0 23 49 0 16 48 3 48 7 0 27 21 0 7 38 0 0 0 4 13 18 0 25 0 30 0 23 46 0 0 0 47 0 38 0 38 37 0 30 50 0 20 17 30 48 29 39 16 0 0 0 0 17 11 9 43 0 
5 2 0 0 17 17 0 0 0 6 22 0 0 0 18 14 25 0 8 0 48 34 0 1 0 0 34 0 0 40 0 0 0 20 0 0 0 0 0 0 17 0 18 19 11 0 0 22 0 38 35 47 0 0 0 0 7 0 50 0 11 0 0 32 0 13 0 41 0 0 0 29 0 43 0 50 6 37 0 19 2 0 0 0 0 0 16 0 0 29 13 0 0 11 0 0 33 0 0 0 0 2 0 0 39 5 0 0 0 38 25 26 43 
0 40 0 16 6 0 0 0 39 0 27 33 23 0 45 36 0 43 31 36 0 29 0 37 2 40 33 9 0 0 0 0 0 49 0 0 49 0 35 40 8 19 0 0 0 1 0 33 9 0 25 48 0 0 0 0 0 0 39 0 2 7 0 28 10 49 0 0 0 0 0 38 0 24 0 0 2 21 18 15 0 0 0 0 25 15 27 0 0 0 39 4 0 0 32 13 0 45 37 0 0 42 21 39 0 31 0 6 0 8 0 30 
0 38 0 0 0 18 0 0 0 24 0 9 36 9 0 0 32 0 0 30 22 45 28 0 10 0 37 0 23 38 0 29 0 0 42 36 8 0 29 9 0 22 16 13 0 0 50 36 0 49 34 50 44 42 12 7 0 32 2 4 28 41 41 11 13 0 45 0 13 30 0 7 1 0 0 45 0 0 0 0 19 7 11 32 46 46 31 6 25 0 41 0 0 0 7 0 38 33 24 47 48 0 0 46 0 0 10 0 47 46 0 
49 31 0 0 0 0 32 33 3 0 45 24 0 44 0 0 29 0 0 0 0 0 44 0 0 0 7 0 25 0 0 20 8 0 33 0 30 8 0 0 13 0 38 26 36 0 0 35 13 0 0 9 0 0 29 50 19 0 42 0 0 0 40 46 0 10 43 23 12 13 4 0 0 12 0 0 0 21 0 0 47 17 0 45 26 0 0 31 0 0 5 21 0 0 46 0 0 34 18 17 0 0 37 0 0 23 0 9 19 0 
44 11 17 0 31 11 45 0 7 0 0 45 0 0 0 0 39 42 3 0 14 8 25 11 17 25 0 0 0 0 14 27 5 43 0 0 0 21 0 0 0 0 47 29 39 0 6 43 12 0 0 24 11 15 28 0 34 37 0 0 31 27 0 31 4 0 26 0 0 0 0 19 0 0 9 44 14 39 0 0 0 0 7 0 0 0 37 33 0 0 14 0 42 0 43 33 0 2 22 0 36 0 15 50 0 13 1 0 27 
38 0 28 8 11 0 0 0 25 0 49 9 23 22 0 40 19 49 0 0 0 0 0 0 47 7 11 0 0 17 0 1 16 0 50 0 20 34 0 31 11 30 0 37 5 0 0 19 0 21 8 32 36 3 0 0 0 0 22 12 27 0 7 0 24 0 0 37 7 0 0 0 32 0 0 15 0 28 3 0 11 29 0 0 3 0 0 0 0 41 0 18 8 40 0 0 43 0 27 0 29 9 0 0 0 0 0 0 
9 0 0 0 36 1 0 36 0 0 0 0 0 29 0 0 28 0 2 22 0 0 44 0 0 0 34 21 16 0 0 0 1 0 0 0 0 0 22 0 5 0 0 0 3 27 6 45 0 0 32 0 0 0 0 19 48 0 0 20 0 31 1 0 0 24 42 21 0 5 6 27 38 0 19 0 0 26 23 37 0 0 0 0 26 0 0 19 0 0 0 11 43 3 16 36 0 0 0 25 0 0 0 15 44 0 0 
24 25 0 2 0 0 22 11 38 0 14 7 17 0 0 50 17 0 0 0 0 0 0 34 32 0 2 0 13 0 26 32 0 48 45 0 6 0 0 38 39 13 18 15 20 0 0 18 14 21 0 43 0 35 0 0 19 42 0 0 0 0 43 0 28 42 24 45 19 0 22 0 42 31 31 18 0 21 0 0 22 49 12 8 0 17 0 39 46 20 0 0 42 0 0 29 18 0 0 0 50 23 0 0 0 32 
0 44 25 0 11 45 0 2 0 47 0 41 41 16 0 0 9 31 32 0 0 0 0 0 0 0 2 29 0 6 0 13 0 0 0 47 0 0 0 0 28 35 0 13 0 0 45 28 0 0 7 18 34 0 0 14 0 0 0 0 0 0 4 0 48 21 3 14 0 0 1 20 0 50 4 10 0 24 1 18 6 0 0 32 0 0 0 0 2 34 33 33 0 0 11 25 21 11 29 0 44 2 45 0 34 
16 0 5 25 38 33 0 13 0 44 0 22 7 0 25 0 0 0 0 0 0 47 0 0 33 32 13 12 0 0 0 21 0 0 0 2 0 20 3 14 6 14 0 0 17 2 0 0 0 7 37 38 0 16 0 0 0 21 17 30 0 0 31 23 0 43 0 0 0 0 21 0 0 0 0 7 0 0 0 10 0 0 0 26 0 8 0 28 0 37 0 48 0 50 35 0 12 36 0 1 0 0 34 0 
5 0 0 8 36 0 0 0 12 0 3 11 50 5 0 38 45 0 0 0 10 0 0 4 6 14 0 0 0 34 0 0 10 41 0 0 0 31 22 0 11 6 4 40 0 12 0 30 0 48 0 0 0 33 42 0 13 21 0 0 0 29 7 0 0 0 5 13 0 0 45 0 0 0 39 41 27 0 0 0 39 32 0 24 40 11 45 0 21 21 0 0 0 36 0 1 0 36 0 0 33 0 0 
44 47 11 0 38 43 0 12 0 39 0 8 0 23 0 1 9 0 0 0 36 22 33 0 0 23 20 0 2 0 26 21 24 1 37 26 37 0 0 27 25 0 47 49 24 26 25 0 0 7 10 0 0 0 0 39 0 0 38 26 15 5 0 0 0 50 29 0 0 0 0 11 0 0 35 19 28 0 30 15 0 22 0 0 30 0 0 22 0 18 0 0 42 38 35 2 33 0 0 23 0 33 
14 42 25 0 43 0 29 20 29 0 0 50 45 0 33 0 17 39 42 47 0 28 0 43 20 0 18 0 0 0 0 41 1 0 43 0 0 18 38 0 44 0 0 29 0 17 0 0 0 0 0 0 50 47 25 28 0 20 0 14 0 24 0 3 7 0 7 39 47 6 6 0 43 40 31 0 5 25 36 17 0 0 8 36 21 42 0 0 8 0 0 0 0 23 28 14 0 0 0 0 0 
10 0 23 0 47 0 17 34 0 11 32 38 32 23 1 37 0 28 49 2 11 25 0 0 40 0 14 32 30 0 4 0 0 6 37 15 2 0 25 0 23 9 0 43 26 19 30 9 0 0 0 17 12 0 29 30 0 23 0 15 44 19 20 0 41 46 18 0 0 21 0 0 46 35 0 7 27 0 0 24 0 30 0 0 0 45 49 29 22 9 50 0 0 0 44 0 0 0 18 40 
0 0 45 38 49 0 0 29 0 0 17 23 24 18 7 25 0 1 0 0 0 4 41 23 0 0 0 50 47 0 32 38 0 0 19 0 11 46 21 11 32 0 18 0 0 42 0 0 0 0 13 32 18 29 0 37 0 0 13 12 0 0 3 38 0 32 0 41 0 7 30 3 0 0 0 0 0 28 43 0 9 16 0 49 0 0 40 5 0 0 43 32 0 12 36 29 18 0 0 
0 43 0 0 0 3 0 0 21 39 0 43 0 29 47 0 0 39 33 0 16 28 0 0 0 0 32 40 47 48 47 9 17 0 0 0 33 16 40 31 0 0 5 40 7 0 28 21 47 0 0 0 46 17 0 0 48 21 0 0 0 35 39 49 0 48 20 32 4 21 0 24 19 33 17 0 7 26 39 2 0 22 32 0 9 0 0 0 17 0 0 0 0 0 50 0 0 0 
11 3 32 0 33 41 46 0 18 0 0 0 0 5 12 0 0 0 27 45 14 0 0 18 0 50 0 0 0 0 37 29 0 0 23 10 0 0 47 11 0 0 0 43 0 0 0 0 15 50 0 48 0 0 0 0 49 18 22 26 0 0 0 12 11 11 0 0 23 0 21 0 43 0 11 0 0 0 12 0 11 7 32 43 0 34 41 0 3 0 0 10 43 0 0 42 0 
49 0 0 20 0 0 38 0 32 0 0 0 0 0 0 0 0 29 0 24 0 0 0 43 0 0 20 36 44 0 0 38 0 0 0 0 1 0 43 18 0 23 0 33 0 0 31 24 4 28 0 0 0 30 0 34 26 23 46 26 2 0 0 36 25 0 16 0 0 0 20 4 0 4 2 0 0 0 0 44 0 0 8 0 14 3 28 0 0 4 14 0 0 0 42 49 
21 23 0 5 40 46 0 0 47 44 0 0 0 0 0 43 0 0 0 0 5 10 0 28 17 0 0 39 1 12 25 31 0 33 8 21 13 0 7 47 14 0 0 0 0 0 2 40 5 5 0 0 6 0 37 24 40 0 0 33 0 0 20 15 0 0 0 37 18 0 0 28 0 0 12 0 17 39 31 12 0 0 0 0 0 0 26 18 43 0 28 0 0 18 0 
0 11 21 16 27 50 0 44 7 0 48 17 50 0 45 0 41 43 0 0 43 3 12 0 13 0 49 0 3 0 0 0 28 0 0 0 8 15 44 0 0 27 11 0 0 0 0 0 0 45 21 0 9 12 0 39 37 34 37 0 13 0 0 0 8 0 0 0 0 44 0 0 0 48 0 0 0 43 0 0 15 50 27 0 6 0 0 0 0 0 0 0 8 21 
0 30 17 32 0 26 7 34 0 26 37 44 17 32 0 25 0 30 23 0 50 0 0 0 23 0 0 21 0 10 0 0 16 31 0 17 18 20 0 0 0 12 49 0 28 35 0 0 0 31 0 0 29 0 40 0 0 26 0 47 0 0 0 8 0 0 37 10 35 0 0 38 0 31 41 0 0 11 8 0 5 0 0 0 12 0 48 26 0 25 46 46 4 
0 0 0 0 0 0 0 3 21 19 0 45 3 6 0 32 0 5 43 0 29 0 32 0 40 40 17 43 0 4 1 0 0 15 0 32 49 0 5 0 6 1 17 0 0 0 11 19 49 7 16 0 0 19 35 0 45 31 50 46 25 13 45 0 39 0 0 28 15 17 0 0 0 0 0 0 0 0 16 1 23 0 47 0 0 17 19 24 0 21 0 0 
9 0 1 45 30 0 0 0 0 34 0 5 0 22 17 0 0 0 0 0 0 0 0 0 0 32 0 0 19 0 0 30 0 0 28 43 15 0 0 36 0 22 37 6 14 30 0 27 0 0 10 0 44 19 0 0 14 1 0 5 21 41 35 49 41 0 0 0 46 0 0 0 0 0 5 44 24 0 12 34 33 45 0 0 0 32 15 8 0 3 0 
0 0 0 18 0 2 0 46 0 30 0 0 0 0 0 36 0 33 0 0 0 9 12 0 0 14 4 0 33 0 24 10 0 27 0 0 37 37 22 0 29 14 40 8 0 0 32 0 0 30 0 0 0 0 0 0 0 0 37 18 12 6 3 6 0 5 43 0 0 5 0 0 21 0 0 6 0 42 0 0 0 0 0 0 0 7 0 0 16 0 
0 31 35 0 1 11 5 0 0 40 14 9 0 25 0 14 50 0 0 2 0 25 0 0 0 0 0 0 0 16 43 25 38 12 45 0 2 0 47 30 6 23 50 0 8 0 28 0 17 4 1 0 25 0 0 33 43 0 43 0 0 17 14 0 0 0 11 14 0 0 0 28 27 0 0 41 50 49 34 17 37 20 0 16 0 0 0 0 31 
48 21 0 0 23 0 0 47 0 0 0 9 0 0 44 0 50 41 0 46 26 0 0 0 2 29 0 0 0 25 0 45 8 0 0 0 29 0 0 0 49 2 0 8 0 0 34 3 7 9 0 0 46 0 45 23 0 15 0 0 3 40 22 0 0 0 0 0 47 0 0 34 32 0 0 47 46 17 0 42 25 0 46 32 14 0 32 40 
0 0 9 9 0 19 0 0 24 38 0 0 16 33 0 30 0 24 2 0 0 0 32 44 30 48 0 45 0 0 0 28 0 18 0 40 42 50 15 12 0 15 0 40 0 0 0 8 50 34 0 0 19 0 0 0 24 26 0 0 0 48 0 0 50 28 10 11 0 18 39 41 38 0 1 38 13 0 0 2 0 0 0 29 6 0 0 
0 0 12 0 31 0 0 0 31 40 0 0 43 0 33 0 49 0 6 30 4 36 45 0 8 0 0 0 8 24 0 6 46 37 43 0 39 48 41 13 39 0 27 3 4 0 41 44 29 10 41 0 11 0 9 0 0 50 31 0 0 43 45 0 49 0 36 0 32 0 0 0 27 8 0 19 0 0 8 0 0 0 40 0 31 15 
15 49 0 0 0 11 28 11 0 0 0 0 0 9 0 26 39 50 0 0 34 16 0 41 27 40 0 38 0 0 0 41 45 9 17 24 0 0 0 47 0 0 0 0 0 24 26 0 29 0 0 11 0 0 22 2 0 45 0 0 0 0 0 27 0 0 36 25 0 0 27 0 28 30 39 31 0 38 0 39 48 16 17 33 26 
15 0 11 0 0 36 8 0 16 41 0 31 0 7 35 13 21 0 0 5 0 27 31 0 0 42 0 4 27 0 0 0 0 0 0 30 0 41 42 32 0 0 0 0 5 0 28 36 19 0 0 0 0 0 0 0 43 0 39 0 43 15 2 20 25 20 21 0 6 24 0 32 9 0 0 0 0 18 33 50 8 0 0 0 
0 0 0 0 28 0 0 14 8 38 0 41 5 18 0 10 0 49 0 0 0 6 0 0 0 35 0 36 1 0 0 0 0 0 0 28 17 0 34 37 30 0 0 0 0 0 0 0 0 50 0 16 0 44 27 0 0 25 0 33 8 41 38 49 0 3 2 0 0 43 35 22 40 0 0 8 0 24 17 35 0 14 34 
0 0 48 0 33 0 9 0 0 0 0 11 0 39 0 9 5 46 5 0 18 0 0 20 46 28 19 0 26 40 0 24 23 0 0 0 45 5 49 0 4 43 0 0 0 0 40 31 18 0 37 1 22 19 0 16 42 49 0 0 0 43 9 2 32 7 0 0 0 11 0 24 29 49 0 0 0 0 37 0 0 0 
0 0 0 42 0 15 0 23 0 0 27 0 12 0 0 0 22 0 5 43 0 0 16 20 0 48 44 42 0 0 0 45 0 36 35 0 20 29 0 0 0 0 0 0 0 35 34 30 0 0 0 36 37 15 0 18 0 7 0 0 39 9 0 0 5 0 37 10 40 14 28 0 35 32 33 19 31 0 0 0 0 
50 0 0 0 0 0 41 0 7 0 46 38 0 22 0 13 0 14 0 50 0 48 0 36 35 46 21 0 0 20 2 28 43 0 34 0 0 0 0 0 5 0 35 0 13 0 0 43 49 0 0 0 0 34 0 7 0 21 0 0 0 0 40 46 36 0 29 31 25 0 8 13 0 0 0 21 27 27 0 29 
41 11 0 21 0 0 0 5 23 0 28 0 0 0 50 21 0 15 18 34 0 45 40 0 49 0 40 0 15 0 16 0 19 26 29 0 0 1 0 23 0 32 0 25 0 0 0 18 47 0 14 0 0 0 0 27 0 42 3 0 49 8 10 0 35 0 0 0 0 6 0 49 0 48 37 0 0 0 28 
0 40 0 0 35 0 0 0 0 1 31 37 0 48 33 11 0 0 0 36 5 0 33 39 0 25 0 39 33 17 0 0 0 0 0 0 44 28 37 0 0 0 0 0 26 8 50 43 0 47 0 21 0 17 0 7 25 0 0 27 49 48 45 0 22 24 0 0 42 19 0 22 34 4 50 12 0 18 
4 0 45 3 0 22 34 0 0 34 0 0 34 0 3 21 19 0 48 0 0 0 32 0 0 41 23 0 38 50 17 26 0 0 37 0 0 0 0 0 0 0 32 0 0 0 0 0 35 4 0 32 0 24 0 0 28 0 0 0 0 33 0 32 25 4 20 0 17 8 11 0 8 37 0 35 43 
41 31 26 44 39 26 18 7 0 8 0 47 0 25 0 26 31 0 0 45 0 0 26 13 16 0 0 37 13 33 29 6 0 21 31 0 50 18 0 37 0 0 0 0 0 12 5 0 47 0 0 0 26 40 13 2 28 20 0 8 44 27 16 1 0 0 0 47 9 2 0 0 17 0 0 1 
0 8 22 10 40 15 7 20 14 0 23 0 0 2 0 0 14 12 0 0 0 19 0 28 21 0 0 0 47 0 0 0 41 0 0 18 0 0 12 0 0 13 40 0 0 0 48 16 0 0 37 0 0 21 0 5 0 11 47 15 7 0 23 0 4 0 8 43 0 17 18 0 16 6 0 
0 47 0 0 21 29 0 27 17 2 18 0 1 41 6 0 0 9 25 47 0 7 0 0 38 22 21 41 50 48 20 30 0 0 0 0 0 32 0 33 28 19 0 1 0 21 0 44 0 0 0 0 0 0 0 0 0 42 11 35 33 0 3 35 40 0 0 2 0 0 0 0 0 0 
30 6 0 0 0 42 0 20 0 29 17 34 0 0 19 5 0 4 0 0 0 2 42 0 0 32 0 0 14 16 0 42 50 31 0 0 0 26 0 11 47 22 0 0 0 44 0 0 0 44 0 0 0 0 0 0 0 0 0 0 0 0 37 24 0 0 48 0 27 0 14 16 0 
0 32 18 29 0 41 0 39 1 0 0 6 9 0 0 0 0 0 0 17 46 0 12 0 48 0 14 44 0 45 31 0 0 43 3 0 0 0 0 17 31 45 0 0 4 0 16 20 15 40 0 0 41 37 17 0 0 0 17 29 0 42 16 40 4 0 0 18 12 0 3 34 
38 28 18 0 47 49 6 0 33 15 31 21 0 46 3 0 22 40 38 0 13 22 48 0 0 0 0 0 14 32 10 46 11 0 23 42 37 0 0 0 0 0 0 0 4 25 0 26 1 0 0 0 14 9 0 0 3 11 0 0 0 0 8 0 46 0 0 42 0 0 0 
0 0 15 0 0 0 14 0 0 48 0 5 0 0 0 0 0 0 0 6 0 47 42 19 0 4 0 10 0 45 32 46 0 0 0 12 0 1 0 0 0 0 19 1 8 0 0 0 0 37 0 38 24 0 25 16 0 0 30 15 0 0 29 27 35 32 47 0 0 0 
0 0 19 0 0 44 0 0 0 9 35 12 0 0 33 43 0 16 1 38 0 47 0 0 0 0 0 0 14 23 0 18 0 49 2 48 0 28 0 0 0 0 2 0 0 0 0 0 8 0 11 0 0 38 0 0 27 0 7 0 14 0 0 16 18 0 0 2 14 
39 47 50 48 0 5 11 0 32 0 0 30 38 0 48 0 0 30 0 0 0 0 0 42 28 42 0 15 12 0 0 0 0 21 44 28 0 48 0 0 43 7 0 7 45 12 0 0 0 25 0 0 8 10 0 0 0 0 31 0 0 0 0 9 34 0 0 2 
0 0 22 28 0 33 23 37 0 0 0 6 0 33 24 35 0 0 31 48 6 28 0 0 0 0 8 0 0 10 49 38 0 25 40 0 14 0 17 31 12 0 24 0 46 0 5 0 0 0 0 41 0 41 1 0 0 50 0 0 47 7 0 42 10 18 5 
24 0 12 0 13 45 0 37 0 0 24 0 0 19 0 0 0 0 0 9 14 0 46 33 36 11 2 0 0 0 26 0 0 0 7 0 47 0 44 0 36 6 16 0 37 0 7 0 25 0 43 0 15 7 0 34 5 0 15 9 0 0 50 11 3 16 
25 45 11 0 0 0 45 12 0 6 0 0 16 36 4 26 45 16 0 29 0 0 0 0 13 0 24 3 0 45 0 17 0 35 0 8 0 0 50 0 15 0 0 48 0 0 0 0 7 0 0 18 46 22 0 12 0 0 0 0 30 4 0 26 0 
0 0 0 0 40 0 0 29 26 1 3 40 15 0 39 5 0 0 0 0 35 36 45 14 0 0 0 38 50 42 47 33 0 0 0 0 13 0 0 29 22 0 0 35 42 0 0 12 0 0 16 42 23 10 41 0 7 0 38 43 44 0 0 0 
0 1 42 0 0 31 0 4 0 0 32 0 43 0 36 20 32 48 0 0 14 0 0 14 42 0 49 46 0 0 0 17 22 0 0 0 45 0 0 45 38 11 0 0 29 25 0 32 0 0 6 0 0 0 29 25 0 43 0 0 0 29 0 
0 3 0 5 47 0 31 0 22 0 0 12 32 13 0 3 0 0 46 27 0 2 0 41 37 12 0 17 43 0 21 4 0 34 0 0 37 0 0 29 25 31 0 1 0 13 0 9 0 33 0 0 48 0 35 31 0 0 49 39 0 15 
0 34 9 0 0 13 50 0 0 28 0 36 0 0 0 13 0 42 26 0 1 49 0 34 0 5 32 0 0 0 0 12 0 3 19 0 0 0 0 50 0 34 49 0 0 0 22 0 42 42 7 0 0 16 0 0 41 25 0 0 0 
29 19 49 19 49 0 0 0 0 12 0 0 15 28 0 34 0 0 0 42 19 22 50 0 26 17 0 0 6 0 15 0 0 47 0 0 40 19 2 0 39 31 15 11 0 15 0 0 0 12 29 0 0 0 0 0 0 4 0 0 
27 14 0 0 0 1 43 0 0 0 0 0 39 47 20 0 0 0 33 0 8 0 0 0 0 0 0 42 0 0 0 21 44 0 0 0 0 9 16 0 0 0 0 15 0 0 0 0 21 14 0 0 36 0 0 47 20 39 39 
0 27 41 23 30 15 0 19 0 19 0 41 0 23 37 0 0 5 18 0 0 25 50 50 12 0 47 25 45 6 0 0 0 6 16 15 26 0 0 0 27 27 0 40 0 0 17 8 0 15 4 21 34 0 0 0 0 0 
0 11 10 0 49 31 0 34 13 39 0 0 0 25 12 29 0 32 0 6 7 47 34 48 0 0 42 30 29 0 2 2 43 9 35 1 35 40 0 9 38 25 0 0 0 0 30 0 0 0 0 0 0 0 21 0 2 
34 24 0 38 0 34 5 25 16 1 0 0 5 50 0 0 0 0 32 39 18 0 0 0 0 15 23 0 0 0 0 0 26 0 0 0 5 5 0 5 0 7 0 39 3 24 0 0 0 0 22 0 0 12 0 0 
1 0 0 0 26 11 0 7 33 0 3 0 1 49 1 9 14 0 2 0 0 0 0 0 10 17 38 21 0 0 0 42 13 17 0 0 0 0 29 0 0 0 49 0 0 0 32 36 36 0 0 0 12 0 0 
46 0 39 0 0 0 0 33 0 49 0 42 0 0 7 0 26 0 0 0 0 36 10 25 47 0 47 10 0 6 0 0 0 0 0 0 0 6 0 16 3 0 0 24 38 6 0 15 0 0 0 35 0 24 
0 0 32 5 0 46 33 43 0 3 12 6 0 0 0 19 0 0 0 0 50 45 43 49 15 49 0 0 14 8 0 4 44 35 39 0 6 21 0 0 41 17 0 37 0 26 32 0 21 0 14 0 0 
50 0 26 0 28 50 10 0 0 0 0 50 0 0 30 0 48 19 42 23 14 0 35 0 0 28 0 34 0 16 1 28 40 42 43 0 0 0 0 45 31 0 0 0 43 0 13 0 0 0 0 18 
0 27 0 47 0 27 0 0 24 0 25 26 26 11 41 21 0 21 16 0 19 0 21 16 34 0 15 0 25 0 23 0 0 0 28 0 39 0 0 0 38 22 2 0 0 35 0 0 10 0 0 
32 10 27 14 0 47 36 0 0 0 0 21 19 0 37 0 0 48 0 25 6 0 0 28 42 0 3 12 0 40 1 0 36 44 44 23 29 40 46 36 0 0 0 11 0 48 29 17 0 0 
30 0 0 0 0 7 46 3 0 0 0 7 31 27 0 3 3 0 21 13 0 45 27 9 4 40 15 0 0 15 33 0 34 0 20 0 13 41 0 0 30 9 50 31 15 25 0 4 0 
0 0 0 0 0 0 0 0 44 0 0 0 0 0 0 0 28 0 7 0 44 41 33 44 0 33 0 0 18 17 0 46 0 0 34 29 0 0 0 24 44 0 17 0 18 23 28 28 
16 0 1 0 0 41 35 0 18 0 0 10 0 6 0 0 23 13 50 45 46 0 5 0 0 0 0 0 0 11 8 33 0 0 0 23 0 23 0 0 11 0 0 0 18 0 23 
37 0 0 0 14 32 24 29 11 29 49 0 43 0 6 8 44 0 0 0 27 0 0 44 0 0 0 0 46 0 24 0 30 46 0 30 0 0 0 0 8 32 6 31 7 0 
32 0 46 0 39 32 0 0 15 0 0 27 0 0 44 2 0 8 5 0 0 3 3 0 18 0 0 28 12 0 0 14 21 0 0 18 16 26 0 16 0 0 0 0 0 
16 0 0 0 0 0 0 0 34 0 0 19 0 0 0 47 45 0 0 0 0 32 28 0 0 49 0 37 0 0 0 0 27 37 50 13 2 42 4 10 0 0 27 0 
17 43 19 19 0 0 4 49 0 34 47 0 0 25 9 11 0 21 0 0 17 0 0 30 17 18 0 0 34 5 0 47 40 37 21 32 38 6 27 6 0 0 0 
4 0 33 0 36 0 15 28 0 20 10 0 0 29 31 0 39 19 0 29 0 0 6 36 0 32 35 1 0 35 47 40 18 0 9 47 47 0 31 20 7 35 
30 0 6 10 0 0 35 0 34 1 38 0 0 0 0 2 17 40 50 0 16 6 16 34 37 0 0 0 0 1 0 50 0 0 10 29 0 47 0 15 34 
26 13 14 0 1 47 50 0 41 0 29 0 0 42 0 0 27 7 15 4 40 35 25 38 32 11 3 27 0 34 27 0 0 37 0 27 0 50 41 40 
40 36 31 0 0 6 0 14 0 9 48 12 42 36 0 0 0 5 16 0 0 0 0 0 40 5 0 16 0 0 0 0 21 12 0 0 0 33 37 
35 0 6 0 47 0 1 5 25 31 0 33 0 45 0 0 0 0 26 0 40 20 0 45 27 4 0 0 46 0 35 0 0 0 0 28 45 0 
41 0 3 29 45 45 26 0 34 0 0 31 49 35 6 24 0 41 29 17 0 21 0 12 30 45 0 13 0 17 11 12 10 3 0 48 28 
0 41 42 14 0 0 11 0 0 0 45 0 41 14 0 43 9 0 27 0 0 38 43 13 0 14 8 0 0 41 2 40 0 10 11 38 
26 0 29 44 0 0 0 49 0 0 43 8 11 0 0 29 4 0 0 39 3 0 0 45 0 10 33 0 30 0 0 0 0 44 8 
0 0 0 0 19 1 0 0 0 0 47 0 50 13 0 25 30 0 48 17 0 0 0 0 0 5 32 31 0 0 0 0 0 0 
0 0 0 2 23 29 21 2 0 7 45 0 0 0 0 37 0 14 19 40 23 0 5 0 18 16 0 0 28 0 9 44 0 
22 8 0 29 0 48 0 0 0 0 16 45 0 15 24 20 28 0 16 0 0 0 0 39 22 38 5 41 48 0 0 0 
43 0 5 12 19 42 0 0 0 0 0 0 0 0 39 0 6 25 0 12 7 44 0 12 0 26 0 35 0 0 37 
31 0 40 0 0 43 0 47 0 0 20 0 1 12 0 0 0 36 41 21 5 28 0 34 25 46 0 0 27 0 
0 22 0 49 0 12 0 24 6 0 0 31 23 0 0 0 28 3 0 23 25 45 0 19 0 17 29 49 12 
42 15 0 21 0 0 0 0 0 42 17 38 0 0 0 0 0 0 0 0 0 0 0 36 0 0 47 0 
0 0 33 49 0 23 5 48 0 46 0 3 11 0 0 0 32 15 0 0 36 0 0 45 0 0 24 
0 19 26 0 13 0 23 47 0 0 0 0 3 31 0 21 0 0 7 32 27 20 20 0 0 0 
0 40 7 27 0 0 0 0 2 39 22 0 12 47 0 0 13 0 9 0 14 1 0 16 49 
15 0 23 0 0 0 0 18 0 0 0 0 42 26 43 0 0 0 0 31 0 0 0 30 
39 31 9 0 0 43 0 22 0 38 0 35 9 0 23 43 0 0 25 36 0 6 33 
0 49 39 19 0 22 0 0 0 0 0 12 21 0 0 26 34 18 0 36 0 38 
0 31 24 0 0 0 31 9 50 0 0 0 0 0 44 0 27 37 0 0 37 
0 0 16 8 0 38 0 44 0 16 0 0 44 0 0 0 0 0 39 0 
0 0 0 1 29 16 0 0 13 0 0 0 0 4 44 0 0 0 21 
42 23 0 34 11 0 39 0 46 30 0 0 0 0 19 18 14 0 
11 22 42 0 37 0 22 40 40 0 20 41 8 48 0 41 38 
48 39 0 0 21 38 38 0 13 0 13 0 0 13 33 12 
40 20 50 0 30 0 0 0 0 0 39 0 24 48 24 
45 0 0 48 1 0 5 0 31 0 0 0 0 22 
0 0 47 27 0 37 28 0 39 26 0 0 48 
5 11 1 0 0 49 0 0 0 0 0 36 
32 0 5 0 42 0 0 0 7 0 0 
0 46 18 19 0 24 0 41 0 44 
0 29 18 0 0 24 36 34 1 
0 0 7 21 45 22 12 0 
48 0 0 10 0 15 2 
0 2 0 0 0 0 
49 0 17 0 35 
33 0 32 14 
0 0 0 
0 0 
35 

1 8
1 13
1 32
1 51
1 63
1 65
1 103
1 111
1 148
2 22
2 40
2 43
2 45
2 75
2 78
2 80
2 113
2 118
2 129
2 136
2 138
2 143
3 16
3 20
3 27
3 39
3 86
3 95
3 101
3 102
3 115
3 130
4 14
4 18
4 38
4 47
4 52
4 57
4 62
4 89
4 115
4 118
4 121
4 123
4 124
5 10
5 25
5 28
5 31
5 40
5 54
5 92
5 110
5 139
5 144
6 9
6 11
6 19
6 31
6 40
6 42
6 46
6 53
6 58
6 94
6 107
6 122
6 133
6 145
7 18
7 20
7 21
7 22
7 34
7 44
7 51
7 53
7 62
7 69
7 80
7 91
7 100
7 116
7 117
7 127
7 132
7 142
7 149
7 150
8 21
8 30
8 32
8 33
8 41
8 144
9 43
9 45
9 51
9 78
9 123
9 136
9 143
10 17
10 22
10 41
10 45
10 48
10 67
10 82
10 84
10 91
10 100
10 108
10 134
10 145
11 13
11 18
11 31
11 37
11 38
11 48
11 70
11 114
11 133
12 60
12 69
12 71
12 74
12 79
12 88
12 97
12 102
12 114
12 120
12 140
13 15
13 18
13 24
13 33
13 55
13 65
13 104
13 106
13 114
13 134
13 142
14 51
14 86
14 89
14 96
14 102
14 111
14 113
14 117
14 137
15 25
15 37
15 73
15 74
15 85
15 88
15 90
15 91
15 111
15 131
16 19
16 22
16 36
16 49
16 62
16 82
16 117
16 127
17 50
17 52
17 56
17 69
17 71
17 72
17 85
17 86
17 94
17 146
18 56
18 74
18 83
18 86
18 89
18 100
18 106
18 109
18 130
18 149
19 22
19 32
19 36
19 42
19 45
19 49
19 61
19 73
19 109
19 111
19 121
20 27
20 46
20 55
20 56
20 59
20 69
20 84
20 94
20 101
20 102
20 122
20 137
21 22
21 28
21 33
21 43
21 46
21 52
21 70
21 88
21 91
21 95
21 97
21 111
21 117
21 140
22 33
22 34
22 50
22 56
22 74
22 88
22 93
22 134
23 24
23 27
23 58
23 61
23 62
23 89
23 104
23 106
23 107
23 112
23 118
23 124
23 132
23 139
23 140
23 148
24 30
24 38
24 54
24 56
24 58
24 62
24 69
24 81
24 82
24 101
24 116
24 119
24 142
25 39
25 52
25 61
25 78
25 85
25 101
25 109
25 129
25 137
25 141
26 57
26 88
26 89
26 92
26 95
26 113
26 123
26 129
27 29
27 34
27 42
27 44
27 53
27 54
27 61
27 84
27 86
27 118
27 123
27 128
27 134
28 64
28 86
28 101
28 102
28 112
28 126
29 32
29 39
29 51
29 75
29 77
29 78
29 111
29 117
30 31
30 78
30 103
30 105
30 107
30 109
30 113
30 120
30 122
30 127
30 131
30 132
30 141
30 143
30 148
30 150
31 35
31 72
31 82
31 86
31 135
32 33
32 38
32 40
32 51
32 53
32 54
32 67
32 68
32 81
32 89
32 114
32 132
32 133
32 136
32 150
33 35
33 50
33 58
33 82
33 87
33 88
33 111
33 112
33 117
33 124
33 129
33 130
33 138
33 139
33 142
34 37
34 72
34 93
34 95
34 115
34 118
34 129
34 140
35 70
35 89
35 92
35 109
35 134
35 143
35 147
36 42
36 46
36 82
36 90
36 93
36 94
36 103
36 109
36 119
36 122
36 124
36 126
36 128
36 145
37 44
37 51
37 57
37 63
37 68
37 72
37 92
37 102
37 106
37 122
37 130
37 132
37 137
37 146
38 41
38 55
38 59
38 81
38 85
38 93
38 106
38 121
38 122
38 132
38 135
38 145
39 50
39 63
39 80
39 96
39 105
39 107
39 144
40 60
40 65
40 66
40 74
40 91
40 94
40 127
40 147
41 52
41 68
41 82
41 83
41 91
41 104
41 111
41 112
41 114
41 125
41 126
41 131
41 133
42 48
42 50
42 61
42 64
42 78
42 122
42 146
43 56
43 68
43 77
43 93
44 65
44 80
44 90
44 91
44 108
44 147
44 148
45 49
45 54
45 66
45 80
45 85
45 99
45 104
45 107
45 128
45 139
46 66
46 79
46 94
46 111
46 123
46 124
46 148
46 150
47 65
47 67
47 74
47 84
47 92
47 98
47 108
47 125
48 59
48 68
48 78
48 102
48 105
48 116
48 146
49 60
49 72
49 79
49 85
49 89
49 96
49 142
50 82
50 114
50 122
51 52
51 85
51 87
51 99
51 106
51 116
51 131
52 55
52 75
52 76
52 78
53 69
53 76
53 82
53 83
53 90
53 91
53 116
53 133
54 65
54 67
54 75
54 77
54 88
54 95
54 97
54 109
54 116
54 142
55 58
55 67
55 69
55 78
55 82
55 93
55 113
55 122
55 126
55 128
55 150
56 57
56 63
56 80
56 92
56 105
56 146
57 62
57 79
57 96
57 105
57 109
58 62
58 82
58 93
58 96
58 104
58 130
58 131
58 132
58 142
58 149
59 66
59 75
59 83
59 90
59 93
59 109
59 114
60 71
60 74
60 90
60 95
60 106
60 116
60 117
60 125
60 131
60 132
60 141
61 84
61 88
62 68
62 75
62 93
62 101
62 127
62 136
63 64
63 71
63 110
63 123
64 66
64 76
64 88
64 110
64 120
65 70
65 94
65 103
65 107
65 116
65 126
66 85
66 93
66 116
66 118
66 119
66 140
67 74
67 102
67 112
67 118
67 124
67 141
67 148
68 74
68 79
68 114
68 148
69 72
69 79
69 99
69 113
69 114
70 78
70 85
70 89
70 99
70 109
70 112
70 120
70 125
70 127
71 76
71 88
71 99
71 124
72 80
72 85
72 89
72 94
72 131
72 136
72 143
73 75
73 81
73 112
73 113
73 114
73 131
73 136
73 145
74 83
74 93
74 117
74 133
75 85
75 88
75 113
75 137
75 141
75 144
75 150
76 110
76 112
76 119
76 129
76 130
76 145
76 146
77 94
77 120
77 124
77 129
77 136
78 115
78 121
78 129
79 113
79 123
79 129
79 139
79 141
80 82
80 99
80 105
80 119
80 120
80 126
80 134
81 85
81 104
81 129
81 131
81 136
81 139
81 148
82 92
82 130
82 133
82 140
82 148
82 149
83 85
83 92
83 101
83 109
83 134
83 143
84 117
84 118
84 128
84 132
84 145
85 111
85 114
85 145
86 87
86 100
86 124
86 128
86 132
87 134
88 94
88 105
88 127
88 131
88 137
88 140
88 145
89 149
90 96
90 97
90 108
90 123
90 130
91 107
91 108
91 114
91 115
92 99
92 103
92 131
93 100
93 104
93 137
93 141
93 143
93 147
93 149
94 112
94 119
94 128
94 129
94 135
95 105
95 141
96 115
96 128
96 133
96 145
96 146
96 149
97 102
97 124
97 125
97 133
97 137
97 149
98 107
98 112
98 127
98 135
98 137
98 146
99 100
99 132
99 147
99 150
100 122
100 142
100 143
100 145
101 103
101 130
101 135
101 137
102 104
102 107
102 110
102 115
102 118
102 120
102 122
102 141
103 129
103 138
103 145
104 107
104 116
104 118
104 123
104 126
104 130
105 119
105 122
105 131
106 112
106 114
106 130
106 137
108 124
109 137
109 138
110 120
111 118
111 126
111 127
111 147
112 140
112 145
112 147
114 115
114 122
114 139
114 142
115 117
115 120
115 125
115 133
116 118
116 131
116 134
116 140
116 148
117 131
118 138
118 148
119 129
119 131
119 133
119 138
119 146
119 148
119 149
120 124
120 148
121 132
121 135
122 135
122 140
122 143
122 145
123 137
123 143
123 145
124 125
124 130
124 136
124 139
124 142
125 130
125 132
125 148
126 133
126 135
127 131
127 141
128 129
128 139
129 149
130 147
131 141
131 143
132 138
132 144
132 145
134 142
134 144
136 146
136 148
136 149
137 142
139 145
139 146
140 141
148 150
