150 1788 1000

14 56 58 29 64 30 73 110 38 16
104 51 11 80 18 70 79 105 80 93
18 105 93 105 106 73 26 52 71 81
11 62 91 68 106 92 107 97 68 16
47 80 54 65 66 62 41 74 75 103
42 73 80 98 46 30 20 92 81 71
108 103 110 106 50 82 27 57 54 78
19 95 58 51 63 97 70 49 69 18
61 30 12 52 40 28 44 37 41 33
57 85 68 23 36 11 69 103 78 96
17 45 62 49 99 61 74 39 91 42
98 28 19 61 41 102 82 22 64 97
19 58 97 64 90 76 13 108 90 109
50 63 75 71 25 80 30 63 80 48
32 27 88 65 16 91 13 64 102 17

4 46 48 19 54 20 63 100 28 6
94 41 1 70 8 60 69 95 70 83
8 95 83 95 96 63 16 42 61 71
1 52 81 58 96 82 97 87 58 6
37 70 44 55 56 52 31 64 65 93
32 63 70 88 36 20 10 82 71 61
98 93 100 96 40 72 17 47 44 68
9 85 48 41 53 87 60 39 59 8
51 20 2 42 30 18 34 27 31 23
47 75 58 13 26 1 59 93 68 86
7 35 52 39 89 51 64 29 81 32
88 18 9 51 31 92 72 12 54 87
9 48 87 54 80 66 3 98 80 99
40 53 65 61 15 70 20 53 70 38
22 17 78 55 6 81 3 54 92 7

7 0 15 0 1 0 37 0 0 0 16 0 22 0 0 0 22 0 0 0 38 0 34 0 0 9 0 34 0 0 0 46 0 2 27 0 0 0 0 22 0 37 0 0 0 0 0 0 0 15 0 0 0 0 0 0 0 16 0 0 0 0 15 0 0 1 35 0 37 0 45 8 13 4 19 0 9 0 27 20 17 21 43 0 0 27 0 20 0 0 14 0 0 0 0 40 0 0 0 0 1 0 0 39 10 22 0 12 0 13 0 0 0 37 0 0 20 41 0 0 2 0 0 21 0 40 0 0 0 10 33 0 1 39 11 0 0 0 3 0 0 13 20 19 0 0 0 7 30 
0 0 1 0 7 12 30 14 30 10 37 0 0 0 18 21 0 38 30 0 0 0 0 0 0 0 0 16 0 0 0 24 13 25 0 2 16 4 0 43 0 0 11 0 0 47 30 0 26 0 21 0 2 0 0 0 6 16 28 38 0 37 0 0 14 0 0 34 29 0 0 35 0 0 0 0 12 0 4 29 0 2 7 0 42 0 0 4 26 17 32 28 0 24 0 0 0 0 15 9 50 35 0 3 12 5 0 0 0 0 36 17 17 0 41 40 18 0 0 0 0 0 13 48 0 0 0 31 9 40 24 33 1 16 0 0 0 23 0 0 43 0 0 0 31 11 38 22 
37 28 0 0 0 0 0 27 20 0 0 3 25 0 0 42 0 0 0 4 4 13 24 0 37 21 0 49 0 43 0 41 15 23 39 15 0 0 0 21 0 0 38 0 0 0 0 14 0 0 0 0 0 0 0 0 0 49 0 0 0 0 33 19 11 26 0 0 0 0 13 33 31 0 0 37 14 7 0 7 0 0 13 0 0 0 50 42 0 29 0 0 29 0 32 39 41 40 46 0 11 13 0 0 7 9 0 0 1 33 9 30 0 0 0 6 0 47 0 15 0 0 23 0 0 7 0 0 1 13 13 0 0 44 0 0 0 26 0 0 39 0 42 0 0 0 11 
0 21 0 0 0 0 26 0 7 37 4 0 0 18 5 46 0 3 0 9 25 0 0 0 33 18 50 0 0 0 40 0 0 0 8 48 0 0 0 0 0 3 34 24 0 7 0 18 43 0 0 0 0 0 0 0 43 0 26 0 0 0 44 0 43 18 0 0 47 48 0 0 8 0 0 33 0 0 0 11 0 0 0 0 0 0 0 1 0 46 24 0 0 0 0 0 0 25 32 41 0 25 0 34 0 0 34 7 0 0 8 0 0 1 0 6 23 33 0 23 31 0 35 34 30 41 0 20 0 0 31 49 38 0 0 0 0 0 0 17 0 0 31 13 25 35 
0 4 0 24 48 0 40 0 16 0 0 31 0 0 0 36 0 0 0 46 0 23 0 0 16 15 43 26 19 0 39 0 13 0 46 38 0 6 0 0 13 0 11 0 21 0 16 0 0 0 0 0 0 0 46 0 0 0 0 0 0 0 0 0 0 0 27 39 0 3 0 0 0 44 46 47 0 0 6 0 0 24 0 8 0 0 0 5 0 0 0 36 31 23 0 0 50 6 0 7 7 33 0 5 27 0 0 0 8 0 0 0 0 24 0 37 0 5 0 8 0 0 0 35 0 50 5 0 15 0 0 35 0 38 0 20 0 0 29 34 0 35 36 11 34 
21 0 0 0 41 0 36 0 0 0 17 17 0 0 0 5 48 0 0 27 0 1 0 48 7 0 16 17 0 48 0 23 29 30 0 0 8 0 0 39 18 0 40 26 0 0 0 0 46 0 0 44 22 0 0 0 18 37 0 0 50 0 0 0 0 1 0 47 0 0 0 17 0 9 2 0 31 0 41 27 46 0 32 11 16 0 19 0 24 2 0 9 0 0 25 39 1 0 0 0 42 0 0 39 17 0 20 0 34 0 0 0 0 0 0 11 0 0 0 45 18 27 0 0 0 0 0 35 14 0 0 37 0 49 0 0 9 0 0 0 23 0 0 0 
0 16 24 0 0 25 5 0 0 50 0 47 0 0 41 0 0 0 0 1 19 0 47 0 16 0 0 0 0 29 11 41 0 0 0 20 0 0 18 0 12 0 23 0 48 0 44 2 36 0 11 0 25 0 0 13 0 0 0 0 0 0 7 0 16 0 37 14 0 22 41 0 35 27 14 0 14 0 4 35 0 0 0 0 0 0 0 0 0 23 0 0 3 23 24 50 0 0 0 0 0 0 42 19 0 29 0 0 25 0 0 0 28 0 38 12 0 6 19 9 38 0 9 3 48 33 0 0 0 0 0 36 0 41 44 0 0 28 17 0 0 48 0 
34 40 44 0 27 0 0 0 19 0 0 0 0 0 15 0 0 0 0 49 0 8 0 0 12 0 0 0 0 27 37 0 6 0 0 45 4 0 0 28 0 8 47 0 0 0 49 26 32 0 33 45 37 0 6 16 0 37 46 28 41 21 0 15 0 0 16 0 35 0 0 0 0 0 44 0 0 0 0 0 18 0 0 40 20 7 16 40 36 24 12 0 48 47 43 0 14 22 0 0 27 7 0 0 0 19 0 0 12 11 0 0 0 0 0 1 1 34 0 0 13 38 12 14 22 30 40 0 29 14 6 0 10 0 0 0 0 39 0 46 49 37 
0 5 0 23 17 0 0 29 17 0 0 0 0 0 0 28 0 9 0 0 47 29 42 21 8 0 0 50 0 0 34 0 0 43 0 21 0 0 0 0 0 0 32 0 0 16 33 0 2 49 38 0 0 0 0 0 0 9 0 0 0 0 22 31 18 0 0 33 34 27 22 0 31 0 0 35 21 0 11 0 13 1 0 37 2 0 0 0 0 0 27 5 0 33 39 0 0 34 0 0 0 0 42 0 0 40 0 0 0 38 24 0 0 30 20 27 0 0 0 8 0 0 38 13 29 46 35 10 1 0 46 50 0 0 0 0 0 0 0 0 0 
27 0 0 10 36 0 34 0 31 0 19 0 0 38 0 22 0 0 0 30 47 0 0 0 0 0 8 14 19 0 13 0 43 38 14 0 40 0 33 0 1 40 29 47 27 0 0 0 0 21 49 0 0 11 0 1 11 9 0 0 0 0 0 0 38 41 0 32 0 13 24 15 0 0 0 1 0 0 27 0 0 41 9 45 0 0 0 0 0 0 7 0 0 32 5 0 0 36 0 24 13 3 0 0 9 43 45 19 0 0 5 0 0 0 0 14 0 0 0 22 0 2 0 25 0 3 0 24 0 0 46 28 28 1 0 0 0 0 0 26 
0 0 0 0 28 0 0 0 0 0 33 0 3 0 0 0 49 19 0 43 0 0 3 41 0 41 0 21 50 1 0 5 0 38 1 18 38 0 0 0 0 0 0 0 9 0 7 6 27 37 8 0 33 0 29 0 27 40 0 0 0 12 0 0 0 0 0 0 3 0 0 9 49 36 0 0 0 1 0 0 0 25 0 39 0 0 33 11 48 0 24 25 0 0 0 46 31 32 0 28 36 0 0 0 27 34 0 19 40 32 0 39 0 42 0 0 0 12 0 0 0 0 0 0 50 39 39 37 0 0 0 6 37 15 0 0 0 0 0 
0 0 0 3 0 8 42 4 40 0 0 0 3 8 0 0 18 29 0 35 35 0 15 0 0 0 47 0 0 10 37 0 38 0 13 15 0 42 0 32 0 0 23 0 0 0 22 0 39 47 0 0 40 24 0 43 0 0 30 19 0 48 0 0 0 12 48 0 0 0 0 23 45 0 0 2 25 0 0 0 21 0 18 0 22 0 0 0 0 0 0 15 10 21 15 49 0 0 0 12 0 0 0 29 0 44 44 0 30 0 0 0 0 0 36 25 10 0 0 25 34 40 3 29 0 0 21 0 49 7 0 0 13 35 0 5 0 0 
16 0 0 38 0 0 29 41 0 0 0 0 0 32 5 0 16 0 38 14 0 25 28 0 0 0 0 0 14 26 20 17 0 29 0 0 0 0 0 0 0 50 0 0 0 11 0 49 0 0 0 28 0 17 0 6 33 42 0 13 0 0 24 0 24 28 0 0 0 0 3 9 25 12 32 0 10 0 0 34 0 0 0 0 0 19 0 0 43 24 38 0 0 0 0 12 25 50 16 7 0 8 0 10 0 17 5 3 4 13 0 27 0 26 3 0 44 0 0 0 0 0 0 22 0 0 2 0 3 0 0 0 0 0 0 49 23 
20 0 0 5 0 33 0 0 0 42 0 0 0 0 0 0 0 1 48 0 0 0 0 0 0 0 0 13 0 45 0 0 15 38 0 19 0 26 0 3 33 9 0 0 5 5 37 32 5 21 0 32 31 0 0 32 34 24 0 0 29 24 0 5 5 0 13 0 0 0 39 14 47 37 7 6 10 0 0 0 0 0 11 0 41 29 0 5 23 0 27 24 36 0 0 0 48 0 23 42 19 23 41 0 0 0 18 0 10 17 43 0 26 38 0 0 50 27 8 0 0 0 32 2 16 29 0 38 0 0 32 8 11 0 41 19 
19 0 0 0 2 18 38 0 28 29 3 0 47 0 0 0 0 30 0 0 38 0 17 0 0 29 0 46 0 28 9 0 11 0 48 18 46 23 19 14 44 0 9 0 3 0 7 49 45 25 0 19 9 37 0 0 0 9 38 23 0 0 39 11 0 0 0 19 0 29 6 20 20 9 0 0 0 9 0 11 0 3 0 26 0 0 22 48 14 0 1 0 10 25 0 13 0 0 0 35 0 0 0 21 37 1 19 19 6 10 46 48 2 0 0 39 32 41 0 0 18 15 0 0 0 24 0 45 0 0 0 0 43 24 31 
0 0 6 0 0 0 0 31 18 0 0 43 0 48 0 0 0 2 0 9 0 0 0 0 32 50 0 0 0 23 0 41 3 9 0 0 0 0 41 0 0 38 0 38 0 23 1 4 30 0 27 0 0 0 34 0 47 0 0 32 0 0 0 0 0 0 0 0 0 14 0 0 46 0 0 42 0 30 0 0 9 0 7 36 6 0 0 0 0 0 0 11 47 0 21 6 0 27 17 43 0 8 0 0 0 0 19 7 35 32 7 0 0 0 44 13 0 0 36 5 0 44 0 0 0 0 0 0 0 0 14 27 23 0 
14 0 3 0 25 0 16 35 0 0 0 0 0 0 14 3 0 0 0 0 0 9 0 43 0 1 0 2 0 0 0 22 46 0 27 0 0 38 0 0 22 0 14 12 0 47 0 0 33 0 0 17 0 30 39 0 0 0 0 18 18 31 0 43 32 14 5 0 0 1 47 0 33 14 0 0 0 31 0 14 39 0 0 0 0 25 0 13 11 11 5 4 0 0 0 0 0 0 13 0 0 24 0 0 0 0 0 31 39 0 0 0 0 39 35 24 0 0 50 0 27 2 0 0 0 0 39 19 50 9 27 31 0 
34 0 0 0 26 6 0 40 0 43 33 0 0 0 0 0 0 0 0 33 0 0 0 28 0 0 0 43 7 18 14 0 0 0 27 41 19 16 0 3 34 0 42 0 0 47 0 0 10 14 0 0 48 0 0 41 0 0 42 1 31 29 0 0 33 0 1 0 9 0 0 0 0 0 0 18 0 6 19 0 1 0 0 32 10 0 27 27 0 28 0 0 5 31 30 44 0 0 31 23 22 7 0 0 18 0 0 9 0 0 34 0 0 18 20 33 2 0 0 0 47 0 0 0 0 43 29 5 0 0 18 0 
48 0 0 15 13 39 0 0 0 0 43 0 0 0 12 0 0 0 0 47 40 1 0 0 31 0 33 0 0 38 0 42 0 0 50 22 9 0 0 24 15 0 0 39 18 0 0 33 1 0 26 0 0 21 16 0 2 15 0 0 7 0 45 37 0 48 0 4 0 24 0 20 12 22 2 0 20 0 7 42 0 0 0 0 25 0 43 0 0 0 0 50 0 0 0 0 29 0 0 37 33 0 12 0 28 0 0 48 26 0 7 3 0 8 0 0 0 0 0 0 0 0 43 0 0 0 22 26 0 18 0 
23 40 14 21 0 0 25 30 8 0 0 29 40 48 32 0 31 23 0 33 26 0 0 0 24 48 28 37 40 0 35 0 4 0 0 40 9 17 0 29 20 0 49 0 0 0 0 0 1 28 17 9 13 0 0 0 0 50 0 17 0 0 14 40 0 0 49 0 8 47 0 0 27 0 0 0 4 0 35 0 0 24 0 0 44 15 0 5 1 0 0 44 28 0 0 0 4 0 19 0 0 0 25 25 0 0 0 22 0 0 0 25 0 0 37 42 0 0 28 0 34 0 16 25 0 0 0 33 0 0 
0 5 0 34 0 32 13 0 0 0 0 0 1 29 0 0 0 0 0 10 0 18 0 0 43 0 30 0 32 0 14 31 0 0 12 29 0 9 0 0 0 16 0 36 0 0 0 0 0 0 39 0 25 25 49 48 14 0 0 0 0 38 44 0 47 37 22 22 0 0 19 0 6 22 0 0 0 0 0 0 25 0 0 0 32 0 0 29 0 17 0 33 6 0 5 23 19 0 0 17 0 0 49 36 33 27 0 42 19 22 0 10 0 19 0 0 0 0 0 0 0 0 26 0 0 0 0 0 8 
0 0 30 2 0 0 0 0 0 0 0 0 0 0 19 14 5 0 0 0 0 25 15 0 0 29 18 16 41 22 0 0 0 0 0 26 0 34 0 0 7 0 0 0 17 0 5 28 37 44 0 0 0 0 0 0 42 43 0 28 0 0 0 0 0 27 0 0 48 12 42 0 0 0 0 6 0 0 0 0 0 5 12 5 0 0 46 0 2 0 46 0 41 0 2 8 42 30 0 30 0 0 47 21 0 0 0 0 0 4 0 0 0 0 33 0 0 0 43 34 0 0 0 0 0 0 0 0 
42 20 0 20 32 17 0 18 50 0 0 30 0 2 9 29 19 0 11 50 0 14 42 34 0 17 0 0 0 19 0 0 0 33 0 47 0 50 28 0 44 31 0 0 43 0 0 0 1 30 40 43 0 4 0 0 32 0 11 39 0 39 0 48 0 0 37 0 0 0 0 0 0 0 0 23 0 31 0 23 6 0 0 11 10 0 13 22 0 33 3 2 0 0 0 0 31 13 0 0 48 41 0 0 46 8 21 20 0 47 32 0 0 0 0 48 0 20 50 21 0 0 17 0 0 0 26 
0 15 29 0 11 0 0 11 0 0 10 0 0 35 0 26 20 0 11 0 0 34 19 6 0 0 47 0 0 0 0 0 0 15 0 0 3 5 0 0 0 47 37 0 50 0 32 39 45 39 0 0 0 0 0 0 0 26 0 0 0 0 2 0 0 36 24 0 11 14 0 4 1 43 0 0 0 0 0 0 35 0 30 0 0 0 0 9 46 0 0 0 50 10 42 0 27 9 25 0 1 0 0 20 40 0 0 35 0 0 24 6 0 0 48 6 13 13 17 0 0 0 13 0 0 0 
46 0 0 0 0 38 42 0 1 39 28 0 0 0 14 33 0 0 0 6 24 42 37 0 0 32 0 41 0 20 40 0 0 8 0 33 0 0 31 0 0 27 0 0 21 29 38 0 0 0 0 48 13 0 3 0 21 0 0 0 0 25 0 23 38 16 0 14 0 35 30 4 10 0 38 11 0 0 45 0 0 20 0 32 0 0 16 50 45 0 40 0 0 0 0 0 0 0 0 35 49 48 13 0 0 0 2 0 0 0 0 0 0 47 0 0 0 0 35 0 42 15 28 0 36 
45 29 0 0 0 0 41 0 37 0 35 0 37 0 0 41 0 23 18 0 0 0 34 0 0 0 28 12 29 0 0 0 0 30 0 31 0 0 0 47 0 45 13 43 0 47 0 12 0 0 7 0 45 0 0 0 0 40 0 0 32 0 0 0 29 3 0 0 0 0 26 0 0 9 49 35 0 0 0 24 10 30 30 36 0 0 48 0 15 0 0 37 0 0 0 38 0 0 5 27 48 0 23 23 39 0 0 0 47 0 0 33 0 3 28 1 10 0 39 22 48 0 0 0 
0 0 16 0 0 0 10 0 0 10 0 26 0 43 40 21 0 0 0 29 0 45 41 0 0 0 35 19 0 17 50 47 0 0 4 0 0 0 0 0 41 0 0 41 25 0 0 44 0 0 0 37 38 0 43 0 0 0 0 2 4 0 35 2 0 25 49 0 0 36 0 0 14 7 13 0 0 0 42 11 0 13 33 0 0 0 0 34 0 16 0 41 0 50 7 0 46 0 0 27 41 35 39 19 5 0 0 0 0 0 0 5 39 44 20 0 44 19 0 32 44 0 25 
0 0 44 0 39 7 0 4 46 43 45 0 0 0 26 0 0 0 0 0 0 0 0 32 0 0 28 21 0 0 0 0 4 0 5 20 0 0 0 0 39 19 21 42 32 0 39 0 0 0 11 29 11 26 34 0 0 0 0 0 0 17 0 14 50 46 0 0 0 43 36 33 0 0 41 0 20 0 0 35 29 0 39 29 0 0 20 0 29 0 15 30 38 4 16 0 12 0 0 0 0 38 23 31 20 45 0 0 0 0 39 0 0 0 0 0 0 0 0 0 0 0 
0 0 4 0 1 0 30 0 0 9 0 14 0 15 0 0 0 0 0 4 28 0 0 9 0 49 0 0 0 37 0 40 25 0 34 1 43 0 0 40 0 1 0 42 0 37 44 45 28 0 0 45 0 0 0 0 47 0 30 1 0 0 0 0 47 0 9 0 0 0 20 6 3 0 0 31 0 0 0 18 47 0 13 22 0 0 34 38 31 21 0 21 4 0 0 0 0 6 2 12 19 27 33 0 21 0 0 3 0 50 0 1 48 37 0 0 17 0 44 0 24 
0 43 10 0 0 0 0 0 40 18 0 39 0 0 23 0 0 0 2 0 0 0 0 0 0 40 13 0 0 0 37 0 39 0 0 0 0 0 0 0 5 16 0 33 0 0 0 0 0 1 0 31 42 3 40 46 15 0 5 3 0 6 0 48 0 1 0 49 16 0 0 0 36 26 42 0 0 0 0 0 42 0 43 0 16 0 0 0 28 44 10 36 0 29 0 44 0 33 48 0 0 0 0 0 0 35 0 29 0 22 0 0 0 3 0 0 35 12 30 0 
0 0 0 0 43 5 0 0 29 0 0 0 0 0 0 0 5 28 0 0 0 0 0 0 8 0 0 1 27 0 40 0 2 23 45 26 22 4 0 0 0 0 29 0 0 35 0 22 0 42 31 48 0 0 31 5 0 4 6 0 0 0 13 39 24 0 32 45 22 37 0 29 0 0 0 50 15 0 0 12 19 0 0 0 0 49 0 33 27 0 0 48 0 6 6 0 10 0 0 0 0 0 0 0 28 22 24 33 0 34 21 47 24 30 27 22 0 0 0 
0 0 0 17 0 25 0 0 25 38 13 0 0 46 0 0 8 0 0 0 0 44 4 2 0 0 13 0 4 0 0 0 29 0 0 27 0 0 0 2 25 0 35 14 30 9 0 0 12 13 10 49 0 4 0 0 0 0 0 0 47 0 0 21 0 0 50 0 0 31 0 0 0 0 37 2 46 38 0 31 0 0 2 47 30 24 31 0 0 0 4 34 22 25 0 44 1 10 25 0 11 0 0 27 32 0 29 44 0 0 0 9 40 0 32 0 20 0 
0 0 0 0 0 0 0 0 0 0 19 0 0 0 10 6 5 35 1 40 0 37 0 0 1 6 43 2 46 0 23 33 0 0 31 0 0 37 0 17 0 13 24 6 0 20 15 14 0 0 0 0 5 0 7 49 41 27 21 0 0 20 0 0 47 0 10 50 0 0 43 39 0 0 0 5 0 28 0 0 19 25 0 40 5 0 5 18 0 0 0 33 0 1 0 0 1 0 0 23 0 0 34 16 0 22 0 0 0 0 0 9 6 0 0 2 0 
0 36 0 40 0 0 45 0 0 0 46 35 42 0 39 0 0 0 0 0 15 2 0 28 0 0 43 21 21 5 0 0 0 0 44 29 48 0 0 4 16 21 0 29 0 48 0 0 43 32 35 0 43 0 40 0 28 0 0 8 2 0 0 0 0 25 0 0 11 0 43 0 0 0 0 30 25 0 0 47 0 0 0 35 0 0 0 0 0 0 0 0 1 32 17 0 14 0 0 0 10 25 47 14 39 0 0 28 0 17 38 2 48 0 17 37 
0 0 31 0 49 8 0 0 0 0 5 9 9 0 0 23 0 0 38 0 0 2 0 0 0 0 0 46 0 49 38 0 0 0 16 0 0 17 0 0 0 0 41 35 0 0 0 0 37 6 25 0 0 13 0 49 37 0 0 0 0 48 38 47 29 0 0 0 14 0 39 0 0 0 0 0 0 0 0 0 7 0 0 0 41 0 11 0 29 0 0 18 0 36 38 45 23 0 0 0 36 0 35 0 0 0 0 42 43 18 0 0 1 0 0 
44 0 38 22 0 6 0 29 20 0 38 0 0 37 23 37 0 0 41 0 17 0 0 0 0 25 0 0 0 33 0 0 0 1 48 31 0 29 0 0 0 39 13 18 13 0 9 49 48 0 24 0 0 0 0 0 11 0 0 0 33 0 0 0 34 13 27 35 41 38 0 0 17 0 43 0 44 0 0 0 0 0 37 0 24 0 29 1 0 36 0 0 0 12 22 0 0 42 12 0 0 17 48 4 16 43 0 0 0 31 0 43 39 14 
0 19 25 8 0 24 16 0 0 34 28 45 0 0 0 0 21 0 49 0 0 0 0 0 0 40 0 21 0 31 31 0 14 0 0 2 0 10 19 44 0 11 0 0 0 10 0 41 2 43 0 0 0 0 0 24 0 0 0 0 27 50 19 6 0 0 25 0 24 29 0 0 0 29 0 0 5 0 0 0 0 27 22 0 10 24 30 0 0 0 43 0 0 38 0 29 7 0 1 19 29 0 0 13 0 31 0 29 41 12 0 0 0 
32 19 0 15 0 28 22 0 0 0 50 0 31 0 0 13 24 0 42 3 42 0 0 44 0 0 0 21 0 0 0 0 0 0 31 28 13 0 0 34 0 0 0 19 0 7 0 0 16 0 0 35 0 0 31 0 43 0 0 0 0 0 17 45 35 0 0 15 39 0 32 29 38 25 0 0 0 22 13 0 0 0 0 0 0 17 0 5 37 0 0 16 5 12 0 0 0 0 0 27 0 34 0 18 0 0 0 2 0 0 35 0 
10 0 0 0 0 9 0 10 0 0 0 0 42 2 0 0 0 44 0 42 0 21 38 0 35 0 41 14 0 2 0 0 45 18 0 27 0 0 0 0 0 0 6 0 5 30 27 50 3 0 0 0 0 47 15 0 30 0 0 30 47 0 28 0 0 22 0 0 35 0 0 47 34 32 17 0 0 0 0 0 13 38 45 0 0 0 0 0 27 0 0 0 47 30 0 0 0 0 16 0 50 0 0 0 0 5 0 30 12 31 44 
39 0 0 0 0 42 0 3 0 0 40 0 46 0 0 0 23 15 0 3 0 39 18 50 35 0 29 0 0 0 6 0 0 0 39 0 0 0 23 27 0 0 36 0 0 40 1 0 0 0 30 13 21 8 0 39 0 0 0 0 43 0 0 9 0 26 3 0 0 0 32 0 0 46 0 0 0 28 0 0 0 0 19 0 26 0 29 0 0 0 0 0 0 1 38 26 6 0 0 0 19 2 0 19 46 0 0 0 0 1 
0 0 6 8 12 41 49 22 0 0 0 29 4 24 0 15 10 40 38 0 0 0 24 21 0 35 0 24 23 0 0 0 0 32 0 0 0 31 0 0 0 13 0 0 0 0 0 0 35 46 0 0 0 38 0 44 42 18 1 0 0 47 0 23 0 28 44 0 48 29 0 40 23 36 22 9 16 0 12 35 0 0 0 6 0 0 0 0 0 0 0 0 0 31 37 0 11 0 11 0 0 34 0 0 0 48 0 0 20 
0 0 0 0 29 0 0 26 5 0 0 4 0 25 0 15 0 0 0 23 49 0 3 0 15 25 0 0 0 17 29 0 0 0 44 0 41 9 0 25 6 0 0 0 17 1 5 0 0 32 37 0 13 0 0 0 0 0 0 0 48 12 0 0 15 0 0 46 16 0 18 2 16 0 2 25 0 19 39 0 6 17 0 0 0 0 6 34 15 23 0 37 14 15 29 0 20 32 0 2 2 39 18 0 0 0 0 0 
29 0 10 0 27 5 17 47 48 22 49 0 0 0 0 26 37 0 0 0 50 29 0 31 0 23 2 48 2 0 0 14 12 0 0 5 11 0 41 34 44 0 0 0 0 26 32 3 0 0 5 0 0 12 2 2 0 0 5 0 30 0 0 27 0 0 0 12 18 0 29 19 0 8 5 0 0 0 15 0 41 43 1 0 0 0 0 12 10 37 0 0 25 0 0 43 0 17 0 24 5 1 0 0 0 0 0 
35 41 35 1 0 0 0 49 0 45 11 49 0 0 36 20 0 50 0 28 0 0 8 17 0 0 4 11 0 26 0 0 1 0 30 0 14 11 0 0 37 0 0 19 0 32 0 0 0 45 10 0 29 0 0 0 0 0 40 41 0 5 20 0 0 8 0 1 0 0 22 34 0 0 6 0 12 0 24 0 17 30 0 0 0 0 0 6 0 0 33 24 0 19 23 0 3 0 0 0 49 0 30 18 3 0 
44 38 50 0 16 0 0 0 15 0 5 26 32 0 34 0 0 44 35 0 0 11 0 42 0 0 0 38 0 0 48 32 19 46 0 0 0 25 0 31 30 0 0 38 47 37 40 0 0 0 0 0 0 0 6 0 21 37 5 0 0 0 21 14 0 0 0 0 20 0 15 15 0 13 0 0 0 7 0 32 16 0 17 0 31 42 0 0 0 0 7 8 37 43 0 0 28 0 21 0 33 45 0 0 0 
0 29 1 0 48 19 0 0 13 33 47 45 1 1 26 0 0 40 7 0 43 18 41 0 28 39 0 0 0 3 0 20 0 0 0 0 23 0 0 25 0 0 0 35 6 18 0 0 0 0 23 0 0 0 34 0 17 0 9 29 0 0 0 0 49 13 42 7 39 8 0 0 27 0 0 0 0 0 0 0 0 0 31 0 0 0 37 38 0 0 0 0 0 0 0 33 42 0 42 0 0 0 43 49 
10 13 0 3 0 33 29 0 0 0 0 43 0 0 15 27 0 0 28 5 0 0 0 23 0 0 0 0 17 25 0 39 0 19 16 0 46 36 0 0 28 0 4 24 5 49 2 32 27 0 0 20 0 20 37 39 38 43 0 0 0 0 0 0 0 0 0 0 37 0 0 45 16 44 0 0 0 36 38 5 0 0 6 0 0 0 0 37 4 0 0 0 0 0 23 0 41 27 0 11 28 0 0 
0 0 15 0 0 31 21 42 0 31 28 0 0 0 0 48 0 0 13 0 2 2 49 0 0 24 37 0 19 1 0 0 3 27 0 0 45 2 0 36 0 13 0 7 0 45 0 34 0 0 33 19 30 12 0 0 0 24 0 0 8 39 41 0 26 0 0 0 0 0 0 46 0 0 20 12 26 0 5 0 40 36 0 0 0 0 0 0 27 0 33 0 11 0 14 0 0 13 0 0 0 0 
0 0 39 0 24 25 0 0 0 46 33 27 11 42 0 32 50 0 0 0 0 0 5 0 8 0 25 0 36 0 0 32 0 0 0 0 3 39 0 0 0 0 6 0 8 12 40 0 0 0 39 0 0 0 0 25 0 0 0 0 15 49 0 21 46 7 4 0 50 0 0 21 42 36 0 40 0 42 0 0 0 16 5 13 26 44 0 3 0 36 26 0 0 16 0 24 3 0 30 0 8 
14 17 0 20 0 0 3 0 6 0 37 49 35 49 42 24 0 43 0 0 0 0 4 0 7 0 45 0 46 38 0 24 0 7 22 23 36 34 28 0 0 0 42 0 0 0 32 0 0 48 0 39 42 0 0 0 4 19 9 31 0 41 0 41 0 0 25 32 23 0 0 0 34 36 0 0 0 0 41 0 0 26 0 0 21 32 0 15 42 9 12 0 0 12 47 7 0 21 38 0 
0 0 0 34 0 0 0 0 0 43 34 16 0 0 0 31 0 24 0 0 0 0 0 0 0 19 0 0 0 0 28 33 15 0 0 12 19 0 35 47 1 0 13 0 0 0 48 47 0 8 0 45 0 0 0 49 0 0 0 0 0 0 0 0 17 0 0 0 37 0 0 0 0 0 34 0 0 0 0 31 31 3 25 0 25 0 40 0 0 0 0 23 43 18 0 0 0 25 49 
0 0 50 0 0 28 0 0 50 43 0 48 0 13 30 44 30 0 0 0 1 8 0 0 0 0 4 42 0 0 0 36 12 18 0 0 37 40 40 0 0 0 49 34 0 11 0 0 0 47 27 0 23 0 7 0 0 0 12 0 0 0 0 5 15 0 26 44 22 28 38 23 2 26 0 0 3 0 0 0 0 0 0 44 0 40 0 43 0 0 0 0 0 3 0 0 0 0 
0 3 0 8 10 38 49 35 30 29 0 46 0 0 0 0 0 0 2 0 10 26 7 0 0 34 0 50 25 0 10 0 15 0 33 0 48 31 1 4 0 0 0 0 0 0 0 8 21 26 35 9 0 0 0 0 30 0 0 38 0 0 0 0 9 0 25 6 0 14 1 0 38 37 0 33 0 0 0 0 0 37 44 0 0 45 0 0 16 0 0 47 41 0 33 35 0 
0 0 0 0 43 38 0 7 0 20 27 7 23 0 17 40 20 49 0 32 0 0 50 0 9 0 35 3 15 0 0 14 0 0 32 0 0 0 0 8 0 0 12 0 13 0 40 42 0 1 0 11 0 42 0 0 21 0 0 34 49 0 10 3 0 46 0 0 35 29 3 37 28 10 6 0 0 0 49 42 17 0 0 0 0 10 42 0 41 0 13 44 0 27 0 0 
0 0 1 0 26 0 0 0 0 0 22 0 0 42 8 0 0 47 2 0 0 0 0 22 0 0 0 0 1 0 29 0 0 42 43 19 49 0 0 0 42 0 0 48 30 22 0 0 25 0 22 0 0 12 0 22 0 15 0 49 32 0 0 9 0 0 5 0 0 8 23 0 22 0 0 0 0 0 12 37 40 36 50 15 0 44 16 0 24 0 0 0 30 44 0 
0 0 0 0 39 0 15 36 28 0 0 0 0 0 0 2 0 0 0 0 10 0 11 0 0 0 0 0 0 0 0 18 42 0 0 0 0 0 36 0 0 0 0 29 0 0 21 11 0 0 13 40 6 27 13 0 0 29 50 16 32 11 45 0 0 0 34 33 0 0 0 0 0 29 4 0 0 0 0 48 45 0 0 0 43 0 0 0 0 0 37 5 4 0 
44 0 41 0 0 0 15 28 0 18 0 0 0 0 0 30 0 0 36 11 0 0 0 0 0 8 0 0 0 25 33 0 0 28 21 0 19 0 42 0 42 4 14 9 0 47 0 49 32 0 33 1 0 14 26 0 0 0 0 0 0 0 0 0 27 0 1 0 0 0 49 0 0 11 31 38 30 2 0 0 14 0 25 0 0 0 47 14 0 0 0 32 0 
7 0 1 9 22 28 0 45 0 0 0 0 0 0 7 0 22 0 0 44 2 0 0 0 0 0 0 0 0 0 0 0 0 0 24 0 0 0 16 40 0 0 26 0 6 17 0 0 46 6 0 0 0 0 15 0 48 0 0 46 30 0 4 0 0 0 36 1 0 0 45 19 0 0 0 6 27 0 0 0 22 0 0 0 0 0 0 0 0 0 0 0 
0 4 20 0 0 0 0 0 0 0 50 0 48 29 0 46 1 20 0 0 17 0 0 0 0 0 47 46 37 33 31 0 0 5 39 28 44 0 0 0 8 0 50 13 41 0 0 18 0 0 19 37 0 0 19 0 24 28 29 8 0 0 2 49 0 0 6 0 36 10 0 0 0 0 0 29 35 0 36 11 26 0 33 0 27 0 21 19 15 0 26 
0 0 0 0 0 28 0 0 0 0 12 0 28 5 0 0 0 0 48 26 29 6 6 0 0 32 3 46 25 31 34 38 3 49 0 0 13 0 0 0 0 0 0 0 0 0 9 19 36 0 11 50 0 0 33 5 9 0 47 0 0 9 10 0 0 37 0 3 24 0 35 0 9 0 0 0 5 50 3 0 0 0 0 0 0 0 15 0 38 0 
22 0 0 0 0 6 45 2 20 30 0 38 0 0 31 45 23 0 0 0 0 41 0 0 50 39 38 0 0 0 0 0 0 14 15 0 2 0 27 0 8 0 0 0 0 49 0 38 0 0 0 0 0 0 0 0 0 0 0 0 0 38 37 0 0 0 9 30 0 33 34 25 21 0 0 0 41 0 0 0 50 0 47 15 45 0 0 0 0 
0 0 0 0 9 0 0 0 10 0 0 23 31 11 4 26 0 0 0 0 11 9 0 0 17 31 0 0 0 31 1 26 33 0 46 36 0 0 5 1 48 19 23 0 0 0 38 0 4 11 0 46 22 0 0 0 0 0 0 50 0 21 11 0 0 31 11 0 0 0 0 0 2 24 0 0 2 0 11 0 0 0 0 13 0 0 19 13 
33 1 39 0 0 25 0 0 36 13 0 0 22 36 0 0 44 44 38 0 0 0 0 38 0 0 36 0 39 3 21 0 0 0 0 18 38 48 0 24 4 16 0 21 0 0 0 22 4 0 0 0 0 18 0 3 0 44 0 0 7 50 0 48 0 0 45 30 1 14 0 19 0 0 0 0 50 25 0 34 0 27 17 17 47 0 1 
0 24 0 43 0 38 15 0 29 0 0 0 10 0 3 0 20 22 0 0 0 0 0 0 0 49 0 0 13 0 0 0 5 0 28 18 24 7 0 0 21 33 0 0 0 48 0 0 0 44 28 0 0 0 0 34 49 0 0 50 0 0 0 7 1 1 0 35 37 20 45 21 0 37 0 0 10 0 0 0 10 0 27 3 0 0 
30 0 0 0 33 0 3 0 38 0 25 0 0 0 8 7 9 0 0 0 0 0 8 30 0 45 4 48 0 0 0 45 0 0 34 7 17 0 15 33 48 39 38 16 8 0 0 0 44 0 0 0 0 0 0 0 33 49 0 0 0 0 0 36 40 1 0 37 0 0 0 0 0 40 0 17 0 0 31 29 40 10 24 0 2 
17 34 0 46 0 0 0 0 9 0 0 42 0 0 7 0 0 0 0 0 0 0 0 0 0 17 0 0 0 37 0 1 3 0 0 0 6 18 0 22 27 37 0 0 0 0 0 0 0 0 36 0 0 0 0 23 2 24 0 0 0 0 0 40 0 0 38 0 0 0 0 12 0 0 0 0 20 48 12 45 0 0 0 0 
39 0 23 0 0 0 0 15 34 0 0 42 25 0 20 34 30 48 1 0 0 0 48 41 27 24 0 43 0 0 48 32 43 0 0 0 0 41 0 0 0 31 21 44 0 4 0 23 12 0 0 0 14 0 0 10 0 17 0 0 22 0 0 0 50 0 0 0 0 0 0 0 0 20 0 0 0 0 0 49 31 8 0 
0 0 0 41 0 0 7 28 27 24 42 0 9 0 0 12 0 0 0 0 0 0 32 0 15 44 0 0 0 0 1 32 0 22 0 0 0 0 0 28 34 36 0 0 12 0 0 0 44 48 25 0 19 7 5 32 14 0 20 49 22 9 0 35 0 21 0 0 0 0 9 0 4 0 0 0 0 12 0 0 0 27 
21 0 0 6 35 0 16 0 0 42 0 0 0 5 29 0 6 0 13 1 0 45 16 18 0 14 0 4 38 0 16 0 34 0 0 0 9 0 0 0 0 0 0 47 0 48 0 0 21 0 30 31 0 0 0 0 6 49 38 0 0 0 35 49 0 5 0 0 0 0 0 0 26 29 0 0 3 28 0 0 0 
0 41 30 0 0 2 0 44 19 0 15 0 0 0 19 0 0 41 31 19 0 0 0 0 0 47 0 0 0 0 41 13 49 0 0 43 3 0 49 0 0 0 0 24 0 41 0 34 0 4 45 0 0 32 7 5 0 11 42 0 0 6 0 50 0 27 4 36 0 0 0 0 0 0 43 37 0 0 30 0 
0 0 0 0 0 0 0 0 0 0 13 0 0 0 10 0 21 0 0 17 0 40 10 0 0 0 37 43 0 4 0 45 0 0 0 2 27 0 0 0 0 0 0 0 42 40 41 10 2 48 0 22 0 37 34 44 30 0 0 49 0 0 29 0 0 0 0 21 0 0 0 0 0 0 0 17 0 0 0 
0 27 0 0 15 24 0 0 43 0 0 0 0 8 0 4 0 46 0 0 0 47 0 11 35 0 6 1 0 0 18 42 0 23 0 22 0 0 15 0 6 0 11 0 11 20 0 0 36 42 0 0 31 0 0 9 0 0 29 0 0 46 0 0 0 0 12 0 0 4 29 10 0 0 0 0 16 0 
0 0 0 0 0 25 0 0 0 0 17 0 9 0 0 23 26 0 22 0 0 0 0 0 0 0 0 0 20 0 12 17 0 0 49 16 33 0 0 21 0 0 0 23 14 14 0 0 0 39 0 49 14 0 38 0 26 0 0 13 0 0 0 17 0 32 27 47 0 0 19 32 0 0 33 0 0 
0 23 0 11 47 0 33 8 0 21 0 7 25 0 0 0 3 9 35 0 38 0 0 12 0 0 15 0 0 42 0 0 0 14 23 37 49 9 11 0 0 7 27 43 0 1 0 35 0 5 0 0 0 37 0 0 27 0 0 13 0 0 0 42 21 0 0 0 2 0 36 0 41 39 0 19 
0 36 26 0 0 0 0 0 0 0 16 0 0 0 0 0 0 0 0 0 0 0 35 0 0 48 33 9 33 10 0 0 0 0 0 0 45 0 0 0 0 5 1 7 0 1 16 41 9 31 16 0 48 0 0 0 0 38 23 0 32 7 32 0 44 0 20 0 17 2 0 0 30 11 31 
0 0 0 0 0 0 0 10 47 10 15 23 36 24 45 0 0 21 6 17 23 0 0 0 0 0 34 0 0 0 20 0 5 39 0 32 0 38 47 19 0 0 0 0 0 22 2 17 0 0 19 0 39 0 19 40 29 27 0 34 24 0 0 0 0 0 14 0 0 0 0 0 9 8 
14 13 0 1 0 0 28 0 14 0 1 0 0 0 0 0 24 38 24 34 0 0 23 0 0 0 0 7 0 0 1 0 34 0 27 0 12 30 23 0 0 0 0 41 12 0 30 0 49 33 0 34 0 21 0 0 0 0 0 1 13 7 0 0 0 35 0 48 22 0 0 35 21 
16 42 43 10 0 0 0 0 0 0 0 46 0 14 12 15 0 0 22 38 37 0 0 0 42 46 11 5 0 0 18 0 47 4 0 45 2 0 0 0 0 0 0 0 0 22 28 7 48 45 45 0 0 30 42 0 25 3 0 0 0 34 0 40 0 9 38 0 0 38 0 25 
0 0 2 0 0 0 42 22 0 46 11 2 22 0 0 44 0 0 0 0 0 5 35 22 7 1 0 0 3 0 49 0 0 0 0 0 17 0 28 12 0 46 38 0 0 0 0 30 14 32 24 0 19 46 0 48 0 0 0 27 0 0 0 44 0 5 0 25 0 0 0 
0 50 50 0 10 38 0 44 44 0 0 0 19 0 13 13 0 0 19 25 23 47 18 0 21 0 37 0 13 0 0 0 0 3 40 0 0 20 0 0 0 46 0 0 0 0 43 0 29 0 0 0 23 44 0 0 22 48 0 35 0 0 38 0 39 21 43 44 0 0 
0 0 0 0 21 16 32 18 46 14 20 43 5 0 0 0 48 0 17 50 7 0 31 45 0 0 49 0 5 40 0 0 0 44 39 0 0 36 0 0 0 31 0 0 48 0 0 0 5 0 0 0 0 0 0 0 0 15 0 30 0 0 0 29 7 23 31 14 37 
0 0 0 42 50 0 0 0 4 0 0 37 43 0 0 0 9 0 0 13 0 0 0 7 0 21 32 0 20 30 0 14 0 0 44 0 0 0 0 0 11 50 31 32 0 0 0 0 0 0 0 0 46 27 0 0 0 38 0 45 0 0 0 6 22 0 39 27 
0 0 0 50 0 0 0 0 0 0 0 0 0 0 0 0 0 0 0 0 4 0 0 0 16 0 0 3 43 0 0 0 0 9 29 0 0 0 35 0 22 0 49 0 6 5 35 0 14 0 20 0 37 0 0 46 0 34 38 0 0 0 33 0 0 39 26 
0 48 0 0 18 0 2 20 26 36 25 4 11 3 22 0 28 0 45 0 0 0 8 0 30 46 35 0 0 0 3 0 23 0 0 25 0 0 0 43 0 21 22 0 37 0 0 0 0 0 0 0 0 3 0 1 31 17 39 8 0 0 0 0 1 3 
36 40 0 0 0 44 0 0 0 0 31 0 0 34 34 11 38 0 0 0 0 0 0 0 0 0 10 39 0 0 0 0 0 42 16 0 28 0 0 36 5 37 0 27 14 0 0 0 29 0 13 0 0 26 47 0 0 0 0 27 0 0 11 0 0 
0 0 0 0 0 24 0 38 17 0 0 0 14 17 30 0 0 45 22 0 42 6 0 49 47 0 0 0 39 41 0 0 0 45 5 0 0 30 47 0 47 38 0 0 0 23 33 0 30 20 0 0 0 0 0 0 41 15 0 0 0 0 8 0 
28 22 0 0 0 0 8 0 0 29 0 0 0 49 0 0 0 0 0 0 0 0 0 0 37 42 0 0 0 0 13 0 28 0 0 1 12 3 0 0 0 0 0 0 0 38 34 28 5 19 26 13 0 0 26 31 0 0 18 0 36 32 30 
0 0 0 0 50 43 0 0 0 16 0 22 45 47 37 0 0 0 0 0 0 0 0 20 0 41 0 4 0 0 21 40 44 15 0 0 0 4 22 0 0 0 0 30 0 30 0 42 0 0 0 39 12 0 7 0 0 37 45 0 7 8 
19 0 40 0 0 0 0 0 0 0 0 0 0 9 12 0 2 30 47 0 0 0 34 0 29 12 42 29 10 0 40 0 0 0 14 8 29 37 33 0 8 4 19 0 0 0 0 7 32 0 0 0 0 5 48 2 34 0 0 35 5 
23 38 0 39 5 22 0 5 0 0 0 0 7 0 0 0 0 0 0 0 34 21 39 0 0 0 38 0 0 0 19 4 0 0 10 0 0 0 48 0 0 0 48 0 0 0 37 42 6 0 0 10 9 0 0 7 17 17 46 28 
0 0 10 9 0 0 48 12 11 0 13 0 0 30 0 0 0 50 0 0 0 42 0 12 22 0 23 0 0 0 40 0 0 0 34 0 7 0 42 0 0 0 5 14 10 0 0 0 0 19 0 0 0 0 0 9 36 0 22 
0 0 46 0 50 0 32 0 26 0 37 20 0 0 0 31 50 0 0 0 0 42 0 0 45 15 19 0 32 6 21 0 0 8 0 12 0 38 0 0 0 0 0 34 0 0 0 12 0 11 42 1 36 0 0 43 4 0 
3 0 0 13 0 0 0 0 30 0 20 0 0 0 12 24 48 32 0 3 0 0 1 38 0 39 0 24 0 0 0 36 15 0 22 0 0 0 4 1 38 2 20 0 0 13 0 0 38 0 43 0 0 24 0 18 0 
1 19 8 0 36 11 42 47 48 0 0 0 0 22 47 0 16 0 0 12 0 0 0 3 41 26 44 0 1 15 34 35 0 0 0 0 0 0 9 0 0 0 21 50 5 0 0 23 36 0 0 0 40 45 39 0 
33 0 48 0 0 20 0 0 0 0 40 0 8 4 0 36 29 19 0 0 47 0 0 0 2 47 0 0 9 24 9 13 0 5 50 0 0 0 31 0 0 0 0 48 0 0 15 39 0 0 0 0 10 37 0 
50 0 46 0 0 18 40 4 0 2 0 34 0 0 24 0 45 19 0 0 0 26 0 1 0 0 33 47 0 19 0 40 0 7 18 50 0 0 18 0 0 44 0 0 0 50 0 29 50 29 0 0 0 0 
3 0 0 0 19 15 0 0 3 0 0 0 1 14 0 0 30 21 0 0 0 40 0 0 43 48 23 43 37 0 0 43 1 41 0 0 19 30 19 29 0 0 0 0 0 42 48 0 0 0 0 15 26 
11 0 0 2 5 0 15 0 12 34 0 0 0 0 0 11 0 0 42 0 0 0 0 0 33 0 0 0 16 32 0 0 39 26 0 6 7 0 32 38 0 28 0 5 0 18 0 0 0 0 11 0 
49 0 50 7 10 14 15 0 0 0 0 0 28 0 0 0 0 0 22 43 27 50 0 0 12 0 0 0 0 0 0 0 17 0 46 50 29 41 0 0 30 50 35 44 44 39 43 7 0 0 0 
17 0 0 0 0 0 0 40 47 7 34 50 1 24 1 0 0 42 0 43 0 0 0 43 0 49 0 13 0 0 0 0 0 10 0 20 0 0 0 0 0 0 0 33 43 0 0 0 0 5 
11 0 37 0 0 0 0 23 0 0 44 48 21 0 0 0 0 0 25 43 5 0 23 0 0 0 0 0 22 29 0 20 0 16 0 0 19 32 0 32 0 32 0 0 0 0 0 0 0 
6 0 46 0 0 44 16 0 5 49 0 38 10 0 0 25 0 21 45 14 0 0 28 31 5 0 0 0 0 0 0 6 18 0 16 9 49 0 35 0 0 0 31 22 0 0 0 0 
35 0 0 37 0 0 0 0 0 32 19 25 0 34 0 0 0 21 15 0 0 0 0 17 16 47 0 0 47 0 0 25 0 45 32 38 0 0 37 0 32 0 29 39 40 0 32 
16 0 42 0 0 0 25 0 39 21 0 0 0 0 0 0 0 0 1 35 7 0 0 7 46 2 0 0 0 34 19 22 19 0 0 36 0 6 21 29 0 0 0 0 37 0 
50 0 37 36 10 39 0 0 18 0 43 0 0 50 0 0 0 3 0 0 50 0 0 28 38 0 0 0 36 35 0 0 0 0 0 24 14 0 32 0 9 0 0 0 49 
24 0 0 9 0 46 0 0 0 41 0 0 43 0 0 0 0 45 0 0 18 0 48 40 0 22 0 0 0 33 0 0 0 0 0 0 0 0 0 4 0 0 25 0 
0 0 0 0 12 22 40 45 38 0 45 0 0 0 0 0 10 0 0 0 0 27 19 0 37 0 9 0 0 0 0 0 0 20 26 0 0 0 17 47 0 0 0 
0 0 23 0 0 0 0 0 18 16 8 0 48 0 28 0 31 0 0 3 0 0 0 0 0 39 0 14 10 0 24 0 0 0 12 10 0 27 2 0 30 0 
0 4 0 0 43 0 0 0 0 11 29 0 0 0 0 0 0 0 3 37 20 0 0 13 0 11 7 0 37 20 32 8 0 0 38 0 0 48 6 44 5 
37 0 0 5 0 0 2 0 0 27 28 0 6 0 0 0 0 0 0 0 0 0 0 0 0 0 38 0 0 48 0 0 0 0 0 39 0 0 21 0 
0 50 0 0 0 0 0 0 0 25 26 29 24 32 0 34 0 0 0 0 46 0 0 11 37 28 1 19 35 36 0 24 0 0 0 0 3 36 0 
0 0 0 23 0 0 0 0 15 0 10 0 0 31 0 33 0 0 20 0 0 23 8 0 7 0 9 0 29 0 0 14 44 41 37 36 5 0 
0 23 0 0 0 0 0 18 0 0 2 49 0 0 0 0 0 35 0 41 9 0 0 16 11 7 0 0 41 33 19 46 45 46 3 42 2 
0 0 0 35 43 0 0 32 0 0 43 33 5 0 0 0 41 0 38 18 29 0 0 0 0 32 0 0 0 47 0 20 0 1 48 0 
0 0 47 0 14 35 0 42 12 0 31 0 24 0 28 16 0 0 38 38 0 0 20 11 0 11 1 0 0 0 0 0 0 0 0 
0 18 0 0 12 44 0 34 0 0 0 0 0 0 40 0 0 1 0 0 49 0 0 22 0 18 3 22 0 0 3 16 25 12 
33 0 0 6 0 30 41 41 43 42 0 0 0 5 0 4 23 0 0 38 31 24 44 0 3 0 0 0 0 0 24 0 0 
0 44 22 0 0 22 47 2 0 0 16 11 0 0 0 0 0 21 47 48 0 0 41 34 50 0 0 0 50 0 0 7 
0 15 0 0 0 0 15 12 0 0 0 0 0 37 0 1 0 0 0 0 26 0 0 17 0 6 0 0 0 45 0 
0 38 0 37 25 0 0 0 32 20 0 9 27 3 0 13 27 0 0 35 0 0 0 0 0 0 0 0 35 0 
0 30 38 0 22 0 16 0 47 0 34 0 17 9 0 0 0 35 29 13 0 50 28 29 0 0 0 18 0 
34 39 12 31 18 10 0 22 0 0 0 0 38 32 21 0 7 4 32 0 0 17 0 9 0 36 0 9 
30 10 0 0 0 37 8 10 3 41 0 0 18 0 1 33 0 13 14 11 22 0 0 44 0 0 0 
0 0 31 15 46 0 0 0 0 0 0 0 24 0 0 0 0 0 0 30 12 34 48 41 27 0 
0 0 22 10 15 50 0 0 6 16 34 0 0 0 0 33 16 11 0 0 0 0 27 0 0 
0 0 0 15 0 0 0 0 0 8 0 0 15 18 2 0 24 28 26 25 29 0 23 0 
18 0 18 0 31 46 0 0 9 0 0 0 0 0 0 42 0 43 0 0 0 19 20 
0 0 0 14 0 0 9 0 33 0 46 0 3 0 6 0 0 0 0 0 0 0 
30 36 0 7 32 9 0 0 41 19 0 36 8 0 6 15 0 0 0 0 0 
48 0 0 36 0 36 38 0 0 44 0 0 0 0 9 10 3 46 45 9 
33 30 0 43 0 0 2 50 0 9 0 17 49 10 15 18 15 0 27 
18 12 0 0 0 0 0 0 42 0 0 0 0 14 0 40 0 0 
46 0 0 0 0 8 43 0 0 0 0 42 0 0 50 4 39 
21 0 0 0 0 0 0 0 0 0 31 0 23 0 38 17 
21 0 36 7 14 7 0 16 0 0 25 24 20 0 37 
9 0 0 0 0 41 44 0 22 0 19 32 0 42 
0 32 0 39 0 0 0 7 0 0 29 10 0 
47 0 20 49 0 15 0 0 10 0 0 0 
50 0 16 0 17 0 0 23 0 16 26 
0 0 28 22 0 0 9 8 0 18 
27 0 0 0 3 40 27 0 20 
0 47 0 0 0 0 0 20 
0 36 26 0 0 0 0 
34 0 0 24 21 0 
0 48 0 49 20 
0 0 0 0 
0 0 0 
0 50 
0 

1 3
1 11
1 15
1 23
1 25
1 28
1 31
1 42
1 44
1 54
1 55
1 58
1 61
1 62
1 69
1 77
1 79
1 85
1 100
1 101
1 104
1 121
1 126
1 147
1 148
2 23
2 32
2 41
2 44
2 46
2 50
2 56
2 65
2 66
2 72
2 75
2 76
2 83
2 97
2 98
2 100
2 105
2 112
2 116
2 123
2 127
2 138
2 142
3 20
3 30
3 40
3 47
3 52
3 53
3 54
3 56
3 58
3 64
3 65
3 72
3 73
3 77
3 78
3 84
3 116
3 124
3 128
3 130
3 147
3 148
4 5
4 9
4 27
4 28
4 38
4 51
4 56
4 57
4 62
4 72
4 75
4 85
4 86
4 93
4 99
4 101
4 110
4 126
4 134
5 15
5 16
5 18
5 24
5 29
5 35
5 37
5 42
5 44
5 58
5 65
5 67
5 68
5 70
5 74
5 77
5 83
5 85
5 90
5 92
5 111
5 118
5 122
5 124
5 126
5 133
5 140
6 25
6 32
6 35
6 62
6 66
6 68
6 75
6 76
6 82
6 97
6 100
6 120
6 123
6 129
6 130
6 136
6 137
6 139
6 141
6 142
7 16
7 21
7 25
7 35
7 40
7 45
7 49
7 62
7 65
7 68
7 71
7 73
7 76
7 95
7 105
7 108
7 117
7 124
7 137
7 147
7 150
8 19
8 24
8 26
8 32
8 37
8 43
8 71
8 74
8 85
8 108
8 111
8 115
8 116
8 121
8 140
8 142
8 143
9 12
9 16
9 19
9 20
9 21
9 35
9 39
9 41
9 44
9 47
9 51
9 63
9 69
9 76
9 89
9 102
9 105
9 109
9 110
9 118
9 121
9 122
9 126
9 127
9 128
9 131
9 144
9 149
10 22
10 25
10 32
10 34
10 40
10 42
10 56
10 71
10 73
10 77
10 83
10 87
10 90
10 106
10 109
10 113
10 122
10 123
10 125
10 127
10 128
10 129
10 131
10 133
10 135
10 137
10 139
10 147
10 148
11 12
11 15
11 20
11 30
11 32
11 36
11 42
11 44
11 49
11 55
11 65
11 76
11 77
11 82
11 87
11 88
11 90
11 91
11 106
11 118
11 124
11 127
11 148
12 15
12 24
12 28
12 38
12 44
12 49
12 56
12 58
12 63
12 69
12 77
12 83
12 90
12 92
12 94
12 100
12 111
12 115
12 117
12 125
12 130
12 144
12 149
13 24
13 26
13 29
13 34
13 39
13 46
13 50
13 60
13 68
13 80
13 82
13 94
13 97
13 98
13 106
13 118
13 126
13 129
13 133
14 17
14 19
14 23
14 27
14 28
14 35
14 43
14 51
14 58
14 68
14 82
14 84
14 92
14 95
14 108
14 110
14 118
14 119
14 120
14 126
14 134
14 136
15 17
15 19
15 23
15 27
15 29
15 32
15 34
15 44
15 59
15 66
15 72
15 76
15 80
15 81
15 84
15 101
15 105
15 107
15 112
15 114
15 116
15 118
15 129
15 139
15 140
15 144
15 147
16 26
16 29
16 37
16 44
16 45
16 47
16 53
16 70
16 74
16 79
16 90
16 93
16 96
16 98
16 104
16 105
16 113
16 121
16 128
16 140
16 141
16 145
17 27
17 30
17 35
17 36
17 40
17 46
17 48
17 57
17 74
17 76
17 85
17 86
17 89
17 92
17 93
17 101
17 112
17 114
17 121
17 122
17 127
17 129
17 130
17 134
17 135
18 21
18 22
18 25
18 34
18 35
18 39
18 40
18 50
18 57
18 63
18 70
18 72
18 73
18 81
18 91
18 92
18 93
18 98
18 100
18 110
18 116
18 128
18 131
18 136
18 143
18 148
19 22
19 37
19 42
19 43
19 48
19 57
19 62
19 69
19 72
19 75
19 78
19 84
19 97
19 102
19 103
19 113
19 114
19 121
19 134
19 136
19 139
19 140
19 143
19 145
19 150
20 30
20 54
20 55
20 64
20 66
20 74
20 75
20 77
20 81
20 86
20 88
20 95
20 98
20 100
20 103
20 110
20 111
20 120
20 126
20 127
20 137
20 146
20 147
21 30
21 37
21 51
21 58
21 73
21 80
21 81
21 82
21 98
21 101
21 103
21 105
21 108
21 136
21 142
21 146
21 149
22 29
22 43
22 64
22 65
22 81
22 95
22 102
22 108
22 110
22 112
22 114
22 116
22 121
22 128
22 133
22 139
22 145
22 148
23 34
23 41
23 78
23 95
23 97
23 98
23 105
23 119
23 122
23 126
23 135
23 140
24 25
24 30
24 45
24 54
24 55
24 60
24 68
24 70
24 77
24 84
24 88
24 89
24 95
24 99
24 106
24 114
24 116
24 120
24 126
25 28
25 30
25 42
25 58
25 60
25 63
25 69
25 73
25 76
25 79
25 81
25 85
25 92
25 103
25 110
25 117
25 119
25 123
25 124
25 131
25 136
25 140
25 142
25 145
26 32
26 36
26 40
26 63
26 76
26 81
26 82
26 85
26 93
26 95
26 105
26 128
26 139
26 150
27 28
27 35
27 36
27 52
27 65
27 67
27 69
27 70
27 74
27 83
27 95
27 99
27 111
27 113
27 118
27 135
27 143
27 146
28 35
28 46
28 47
28 50
28 59
28 62
28 67
28 74
28 78
28 85
28 87
28 88
28 89
28 95
28 110
28 136
28 137
28 140
28 141
28 142
28 149
29 31
29 33
29 44
29 46
29 48
29 72
29 79
29 82
29 83
29 84
29 87
29 91
29 93
29 98
29 99
29 107
29 111
29 114
29 115
29 126
29 135
29 138
29 145
29 147
30 31
30 36
30 37
30 46
30 50
30 51
30 52
30 54
30 55
30 58
30 59
30 64
30 66
30 70
30 75
30 93
30 102
30 112
30 116
30 125
30 130
30 132
30 134
30 135
30 137
30 145
30 150
31 32
31 35
31 44
31 46
31 51
31 54
31 63
31 71
31 73
31 80
31 84
31 104
31 105
31 106
31 114
31 115
31 149
32 37
32 45
32 53
32 69
32 71
32 80
32 85
32 87
32 92
32 94
32 97
32 98
32 120
32 134
32 141
32 142
33 35
33 39
33 41
33 54
33 57
33 69
33 70
33 103
33 108
33 113
33 116
33 119
33 122
33 128
33 129
33 140
33 142
33 143
33 150
34 35
34 43
34 88
34 93
34 97
34 102
34 104
34 112
34 123
34 125
34 130
34 134
34 140
34 141
35 42
35 44
35 50
35 53
35 59
35 60
35 61
35 62
35 64
35 80
35 83
35 88
35 90
35 109
35 112
35 119
35 128
35 133
35 135
35 141
35 142
35 146
35 147
35 150
36 46
36 58
36 61
36 63
36 64
36 67
36 68
36 75
36 76
36 77
36 82
36 88
36 89
36 98
36 99
36 100
36 107
36 110
36 116
36 132
36 136
37 52
37 55
37 57
37 58
37 60
37 62
37 69
37 74
37 81
37 84
37 88
37 89
37 90
37 97
37 103
37 109
37 117
37 125
37 148
37 149
37 150
38 46
38 52
38 61
38 63
38 64
38 69
38 71
38 76
38 81
38 89
38 92
38 100
38 104
38 105
38 114
38 118
38 120
38 122
38 136
38 137
38 143
38 147
39 46
39 51
39 58
39 71
39 78
39 80
39 81
39 106
39 116
39 117
39 125
39 137
39 142
39 143
40 45
40 72
40 73
40 77
40 78
40 82
40 84
40 90
40 99
40 102
40 103
40 119
40 122
40 143
41 50
41 56
41 61
41 62
41 66
41 74
41 85
41 86
41 96
41 104
41 119
41 124
41 127
41 130
41 144
41 146
41 149
42 44
42 46
42 55
42 57
42 60
42 71
42 78
42 100
42 108
42 112
42 119
42 125
42 126
42 146
42 147
43 45
43 55
43 58
43 62
43 63
43 66
43 68
43 74
43 78
43 86
43 93
43 100
43 103
43 106
43 113
43 116
43 130
43 146
43 147
43 148
44 53
44 63
44 65
44 87
44 108
44 114
44 129
44 133
44 134
44 140
44 144
44 150
45 51
45 52
45 53
45 59
45 61
45 72
45 81
45 82
45 95
45 101
45 118
45 122
45 127
45 134
45 135
45 140
45 143
45 150
46 47
46 63
46 75
46 79
46 84
46 87
46 89
46 102
46 107
46 117
46 122
46 131
46 132
46 141
46 144
47 57
47 65
47 72
47 78
47 89
47 98
47 100
47 107
47 108
47 109
47 122
47 123
47 132
47 139
47 150
48 57
48 63
48 66
48 72
48 73
48 83
48 103
48 104
48 108
48 116
48 118
48 121
48 131
48 132
48 133
48 144
48 149
49 56
49 57
49 58
49 70
49 73
49 82
49 117
49 119
49 144
50 53
50 55
50 60
50 70
50 78
50 81
50 90
50 91
50 92
50 94
50 95
50 99
50 105
50 106
50 120
50 131
50 134
50 142
50 143
50 147
51 68
51 70
51 71
51 72
51 74
51 78
51 86
51 93
51 97
51 105
51 108
51 112
51 119
51 123
51 124
51 140
51 141
51 147
52 56
52 57
52 60
52 63
52 75
52 81
52 83
52 93
52 94
52 99
52 101
52 113
52 118
52 128
52 135
52 137
52 148
53 54
53 68
53 69
53 83
53 96
53 99
53 114
53 115
53 122
53 128
53 132
53 147
54 56
54 75
54 84
54 85
54 87
54 91
54 100
54 103
54 109
54 116
54 122
54 131
54 132
54 147
54 150
55 57
55 61
55 62
55 63
55 67
55 72
55 75
55 80
55 82
55 85
55 88
55 95
55 103
55 107
55 108
55 112
55 117
55 121
55 130
55 131
55 132
55 150
56 58
56 62
56 74
56 78
56 80
56 85
56 96
56 97
56 113
56 125
56 128
56 129
56 134
56 135
56 142
56 144
56 146
57 61
57 62
57 63
57 72
57 78
57 80
57 86
57 93
57 113
57 114
57 117
57 118
57 146
58 67
58 72
58 74
58 76
58 77
58 86
58 90
58 99
58 111
58 114
58 117
58 122
58 127
58 128
58 132
58 136
58 148
58 150
59 60
59 67
59 84
59 101
59 108
59 113
59 121
59 125
59 137
59 145
60 61
60 68
60 75
60 78
60 85
60 98
60 101
60 103
60 104
60 118
60 124
60 130
60 142
60 145
60 148
60 150
61 63
61 64
61 79
61 80
61 81
61 84
61 85
61 90
61 91
61 108
61 115
61 117
61 119
61 125
61 127
61 136
61 137
62 63
62 69
62 89
62 90
62 96
62 100
62 106
62 107
62 127
62 132
62 133
62 142
62 147
63 88
63 91
63 97
63 106
63 109
63 118
63 120
63 122
63 126
63 129
63 136
63 137
63 138
63 139
63 144
64 65
64 75
64 76
64 80
64 86
64 87
64 88
64 96
64 103
64 104
64 108
64 111
64 116
64 140
64 142
64 144
64 149
65 67
65 69
65 71
65 73
65 75
65 84
65 87
65 94
65 96
65 112
65 118
65 121
65 126
65 137
65 140
65 149
66 69
66 83
66 90
66 112
66 113
66 115
66 116
66 121
66 137
66 140
66 142
66 149
67 71
67 74
67 78
67 89
67 102
67 112
67 119
67 122
67 124
67 131
67 139
67 143
68 69
68 70
68 90
68 92
68 103
68 104
68 107
68 112
68 114
68 133
68 136
68 138
68 144
68 145
68 149
69 75
69 82
69 90
69 104
69 107
69 108
69 109
69 114
69 131
69 134
69 141
70 83
70 84
70 98
70 108
70 111
70 112
70 115
70 133
70 141
70 148
71 78
71 79
71 89
71 90
71 102
71 111
71 115
71 133
71 141
71 146
71 148
71 150
72 75
72 76
72 80
72 83
72 102
72 120
72 123
72 129
72 136
72 140
72 145
72 148
73 76
73 78
73 81
73 96
73 111
73 127
73 131
73 138
73 147
74 75
74 77
74 80
74 85
74 97
74 103
74 121
74 126
74 133
74 140
74 141
74 146
74 149
75 81
75 83
75 84
75 88
75 92
75 93
75 94
75 96
75 100
75 107
75 114
75 116
75 141
76 78
76 79
76 81
76 82
76 83
76 92
76 93
76 98
76 104
76 113
76 117
76 125
76 140
76 144
77 89
77 91
77 98
77 107
77 132
77 136
78 86
78 87
78 107
78 110
78 113
78 116
78 117
78 119
78 123
78 137
79 84
79 97
79 112
79 113
79 114
79 126
79 138
80 91
80 110
80 111
80 113
80 117
80 120
80 121
80 124
80 125
80 130
80 131
80 139
80 142
80 144
81 84
81 95
81 96
81 120
81 122
81 128
81 136
82 89
82 92
82 93
82 96
82 101
82 103
82 116
82 127
82 134
82 143
82 148
83 89
83 90
83 94
83 103
83 107
83 113
83 119
83 127
83 140
83 143
83 148
84 85
84 87
84 105
84 112
84 113
84 114
84 118
84 123
84 135
84 147
85 94
85 98
85 103
85 104
85 105
85 107
85 115
85 118
85 131
85 149
86 88
86 90
86 102
86 118
86 130
86 131
86 138
86 139
86 141
86 142
86 147
86 150
87 93
87 106
87 109
87 110
88 91
88 92
88 95
88 96
88 104
88 107
88 118
88 124
88 133
88 135
88 144
88 145
89 91
89 93
89 96
89 98
89 99
89 101
89 134
89 135
89 141
89 142
89 147
90 97
90 106
90 109
90 110
90 114
90 116
90 123
90 124
90 126
90 127
90 131
90 140
90 144
91 97
91 110
91 119
91 121
91 137
91 138
91 140
91 145
92 93
92 100
92 113
92 120
92 131
92 141
93 99
93 112
93 115
93 118
93 123
93 131
93 138
93 146
94 98
94 104
94 106
94 112
94 130
94 132
94 134
94 135
94 136
94 144
94 146
95 102
95 103
95 107
95 128
95 133
95 136
95 141
95 150
96 100
96 110
96 119
96 127
96 148
96 149
96 150
97 101
97 104
97 112
97 132
97 133
97 138
97 139
97 145
98 106
98 109
98 111
98 112
98 113
98 120
98 121
98 124
98 125
98 133
98 147
99 101
99 108
99 109
99 110
99 111
99 113
99 117
99 122
99 123
99 125
99 127
99 133
99 148
99 150
100 107
100 125
100 131
100 132
100 138
100 139
100 148
101 108
101 110
101 127
101 137
101 140
101 147
101 149
102 104
102 110
102 116
102 129
102 130
102 140
102 142
103 106
103 126
103 130
103 131
103 145
104 106
104 109
104 112
104 116
104 120
104 121
104 150
105 113
105 118
105 120
105 124
105 136
105 138
105 140
105 143
106 111
106 114
106 115
106 122
106 131
106 133
106 138
106 139
106 147
106 150
107 121
107 122
107 136
107 139
107 140
107 150
108 110
108 120
108 131
108 135
108 141
108 142
110 118
110 122
110 131
110 132
110 135
110 136
110 144
111 116
111 128
111 129
111 144
111 145
112 114
112 117
112 122
112 129
112 130
112 132
112 136
112 138
112 142
113 114
113 123
113 130
113 132
114 115
114 117
114 130
114 136
114 137
114 141
114 143
115 116
115 117
115 119
115 127
115 132
115 140
115 144
115 147
116 132
116 136
116 139
116 141
117 120
117 132
117 149
117 150
118 119
118 122
118 132
118 134
118 135
118 146
118 148
119 123
119 125
119 130
119 134
119 136
120 121
120 123
120 126
120 146
120 150
121 136
122 129
122 134
123 126
123 137
123 140
123 148
124 125
124 135
124 141
124 142
124 143
125 137
125 138
125 144
125 145
125 147
126 128
126 133
126 138
126 142
126 148
127 131
127 137
127 139
127 142
127 146
127 147
127 148
128 133
128 136
128 138
128 142
128 145
128 147
128 148
129 136
129 137
129 140
129 149
130 132
130 133
130 135
130 139
130 142
130 144
132 135
132 137
132 140
132 149
133 137
133 138
133 141
133 146
134 139
134 140
134 141
134 148
136 144
137 143
137 146
137 147
138 148
139 146
139 148
140 141
144 146
144 150
145 146
147 148
147 150
148 149
