200 796 1000

14 56 58 29 64 30 73 110 38 16
104 51 11 80 18 70 79 105 80 93
18 105 93 105 106 73 26 52 71 81
11 62 91 68 106 92 107 97 68 16
47 80 54 65 66 62 41 74 75 103
42 73 80 98 46 30 20 92 81 71
108 103 110 106 50 82 27 57 54 78
19 95 58 51 63 97 70 49 69 18
61 30 12 52 40 28 44 37 41 33
57 85 68 23 36 11 69 103 78 96
17 45 62 49 99 61 74 39 91 42
98 28 19 61 41 102 82 22 64 97
19 58 97 64 90 76 13 108 90 109
50 63 75 71 25 80 30 63 80 48
32 27 88 65 16 91 13 64 102 17
67 28 25 12 61 75 47 30 93 78
76 13 32 28 109 16 32 64 36 27
48 87 94 12 50 69 40 94 85 81
107 56 99 12 87 96 82 83 110 82
67 97 27 11 63 14 74 51 38 75

4 46 48 19 54 20 63 100 28 6
94 41 1 70 8 60 69 95 70 83
8 95 83 95 96 63 16 42 61 71
1 52 81 58 96 82 97 87 58 6
37 70 44 55 56 52 31 64 65 93
32 63 70 88 36 20 10 82 71 61
98 93 100 96 40 72 17 47 44 68
9 85 48 41 53 87 60 39 59 8
51 20 2 42 30 18 34 27 31 23
47 75 58 13 26 1 59 93 68 86
7 35 52 39 89 51 64 29 81 32
88 18 9 51 31 92 72 12 54 87
9 48 87 54 80 66 3 98 80 99
40 53 65 61 15 70 20 53 70 38
22 17 78 55 6 81 3 54 92 7
57 18 15 2 51 65 37 20 83 68
66 3 22 18 99 6 22 54 26 17
38 77 84 2 40 59 30 84 75 71
97 46 89 2 77 86 72 73 100 72
57 87 17 1 53 4 64 41 28 65

0 1 22 0 48 3 0 0 0 0 0 15 15 0 0 0 35 0 0 0 45 0 0 0 19 2 0 12 27 20 0 21 0 0 0 0 11 0 0 0 14 0 0 7 0 40 0 0 0 0 1 0 24 0 0 0 41 0 5 13 6 0 0 0 47 0 0 0 43 40 2 0 0 0 3 40 0 0 40 0 33 28 1 39 11 26 0 10 3 42 0 13 0 0 0 13 0 0 30 41 0 0 41 7 12 30 0 0 10 0 4 24 40 18 21 0 38 30 13 0 15 23 0 0 0 0 16 0 35 0 0 0 0 29 0 16 4 8 43 0 0 11 22 48 47 0 0 0 0 21 0 2 16 0 0 6 16 0 38 0 37 25 11 0 44 21 0 29 0 0 35 0 24 49 31 0 22 4 29 5 2 7 31 42 46 20 4 0 0 0 28 0 24 41 40 10 0 15 0 
50 0 6 0 0 5 0 33 0 31 0 17 17 0 0 0 0 21 0 0 33 20 13 48 1 0 35 31 9 40 24 0 0 0 0 0 0 23 0 0 0 0 32 0 0 11 0 0 37 0 13 26 0 0 20 27 0 43 0 0 25 27 8 0 33 49 0 4 0 13 24 0 0 21 11 49 0 0 8 41 15 23 0 15 0 47 42 21 0 0 0 0 46 38 48 14 15 12 3 0 32 7 0 11 36 49 0 0 43 3 0 19 11 26 0 16 4 0 13 33 0 0 27 37 0 7 18 7 0 0 13 4 31 42 50 0 0 29 33 49 29 0 32 0 41 0 0 49 0 13 46 8 0 9 0 0 1 33 0 30 43 0 0 6 0 47 35 0 31 0 23 0 28 7 0 0 0 0 0 15 24 44 21 4 25 26 0 40 0 23 42 0 13 0 11 24 0 0 
11 34 9 26 14 7 37 0 0 45 18 5 0 22 3 9 9 25 3 14 0 33 0 0 46 0 10 40 0 42 0 8 48 0 0 0 0 0 3 34 0 33 0 24 0 0 17 0 0 22 0 0 13 0 0 0 0 37 5 44 45 43 0 10 0 0 0 0 48 0 0 14 33 5 26 23 11 0 7 0 0 0 14 0 1 0 0 0 0 48 42 46 0 25 0 0 0 30 25 0 0 21 0 34 7 0 1 8 0 46 0 40 6 23 33 0 0 31 0 35 34 0 41 42 0 3 0 31 0 0 0 50 0 0 0 3 0 32 23 0 0 0 35 40 4 50 24 0 0 0 22 16 8 47 0 0 0 16 0 48 40 0 0 31 23 0 0 16 15 43 26 0 2 0 0 13 5 0 38 0 6 0 0 13 0 11 0 21 49 0 18 28 0 0 31 0 32 
0 0 44 36 0 0 0 0 0 27 42 0 27 39 0 3 0 0 28 44 46 47 26 0 0 44 0 0 43 8 45 0 0 5 41 39 0 0 0 23 26 7 50 0 46 7 7 33 0 5 27 4 0 0 8 37 9 36 0 0 6 37 0 0 48 8 39 37 0 0 24 0 0 0 15 10 0 35 36 0 34 0 36 7 29 34 0 0 36 11 34 21 0 0 0 0 44 36 9 41 23 0 0 0 0 0 0 0 0 0 0 44 1 15 48 0 16 0 17 48 0 0 0 29 30 19 0 8 14 44 0 18 30 40 26 48 0 0 8 0 16 34 0 22 9 0 0 18 37 41 0 50 0 40 0 43 1 3 47 0 0 26 17 0 0 0 35 31 49 0 0 46 6 0 11 0 0 0 40 0 0 0 9 11 0 0 0 1 13 0 0 42 0 0 0 0 
2 20 31 34 49 35 22 2 0 39 11 49 24 0 0 18 27 0 0 0 17 0 35 0 1 16 0 0 0 31 42 0 36 19 26 0 16 10 0 47 0 24 44 0 25 0 27 0 0 42 47 10 13 41 22 34 24 0 0 0 48 0 23 16 0 0 37 33 29 11 41 18 42 14 20 0 47 18 0 0 0 0 27 0 0 44 0 0 0 11 0 25 28 6 0 0 0 0 28 0 4 7 15 16 12 37 0 39 0 0 18 0 0 14 0 14 5 0 35 0 11 0 0 39 0 4 0 0 23 7 0 0 0 24 0 9 4 19 0 0 0 0 0 0 29 17 0 25 0 7 0 0 0 38 12 0 6 0 9 0 47 0 3 48 0 15 35 0 12 0 36 18 41 0 41 26 0 0 0 39 0 0 0 0 44 11 27 0 0 0 0 45 0 34 6 
0 0 27 0 0 23 0 17 0 42 28 12 0 16 0 48 27 37 0 0 18 33 45 4 3 0 0 26 8 0 36 0 0 49 0 32 0 33 45 37 6 6 0 46 37 46 28 41 21 5 15 4 47 0 3 35 0 25 27 19 0 0 0 33 0 1 0 0 6 31 0 0 7 16 0 0 24 12 38 0 47 0 0 14 0 49 9 0 0 0 28 37 0 0 0 12 0 0 34 0 3 32 0 1 0 12 0 0 0 0 14 22 0 0 0 0 14 0 20 10 6 0 0 0 39 0 46 49 37 36 0 0 23 17 0 36 0 17 0 0 0 0 40 0 0 0 0 0 43 0 29 0 0 8 0 0 0 0 43 34 0 0 43 3 21 8 0 25 0 42 17 0 0 0 0 0 0 2 49 38 3 0 0 0 0 0 9 0 0 33 0 0 31 0 
0 0 33 0 0 0 0 0 0 19 35 0 0 0 12 0 1 0 0 2 3 0 0 0 0 27 0 32 0 39 0 0 34 44 0 47 0 0 0 0 40 32 0 25 0 24 0 0 0 0 0 0 24 23 8 23 0 38 0 0 46 35 0 1 24 46 50 0 0 18 32 35 40 0 0 46 0 16 50 0 0 25 0 0 31 0 0 0 0 0 40 22 0 0 0 30 47 0 0 0 0 0 8 0 19 39 0 38 43 0 14 0 0 36 33 11 0 0 29 47 27 0 19 35 39 0 49 6 32 11 18 1 0 0 20 19 35 0 46 35 0 0 0 0 0 13 24 0 13 28 41 1 20 38 0 2 27 41 0 0 30 0 23 0 0 17 0 33 0 32 0 0 30 36 48 24 0 3 30 0 9 0 45 19 30 0 5 0 13 28 7 14 0 
0 41 22 0 2 0 25 0 0 23 24 40 45 0 28 0 1 0 37 0 0 40 26 16 0 0 0 0 40 28 0 34 33 0 0 0 24 25 9 0 0 0 0 0 13 0 41 0 41 16 21 0 1 46 5 0 0 0 18 38 0 26 0 14 29 0 0 9 15 7 6 0 37 8 44 33 0 29 34 0 40 18 37 33 0 0 0 12 14 0 0 0 11 0 9 0 36 0 0 0 0 0 25 11 0 6 0 45 0 33 0 0 29 0 0 20 0 0 0 0 0 0 28 36 0 37 12 0 34 10 0 0 32 0 39 0 42 27 3 15 0 0 0 48 31 0 10 50 0 39 0 48 9 0 6 0 0 49 0 0 0 0 0 0 0 0 0 8 0 0 0 25 0 0 3 0 26 0 18 29 0 0 35 0 0 0 0 0 0 0 40 10 
37 7 0 26 13 0 43 0 27 0 48 0 23 0 0 19 0 12 39 0 42 0 0 0 17 43 0 0 0 19 0 48 0 37 39 0 48 48 2 46 38 23 45 49 48 2 0 18 1 0 21 0 0 0 22 10 3 5 0 50 10 15 10 0 0 0 43 9 19 0 33 0 0 29 0 44 0 19 30 0 0 0 0 0 0 0 0 0 0 25 0 40 0 29 44 2 21 14 0 0 41 27 0 35 33 0 0 27 0 0 46 38 27 39 29 41 37 0 18 0 0 32 0 30 16 0 0 0 8 25 0 0 11 0 13 0 14 0 20 0 0 29 0 0 44 0 0 0 0 50 0 25 18 0 0 0 0 0 0 28 0 17 0 6 33 0 0 0 40 0 24 0 24 0 0 0 0 0 0 9 0 0 32 48 10 45 33 34 12 48 0 
0 11 0 37 49 0 0 38 36 0 0 0 12 25 50 0 7 0 8 0 0 16 0 5 0 4 0 16 27 8 26 0 0 44 4 7 0 0 0 0 22 0 0 2 48 3 0 0 47 17 2 0 0 23 0 39 37 0 0 0 22 0 0 0 0 41 25 20 9 26 0 1 48 0 10 0 1 0 32 0 40 0 4 45 0 38 15 38 15 19 0 26 46 0 0 9 36 15 0 5 37 0 0 0 0 32 31 0 0 32 34 24 0 39 29 0 0 5 5 0 13 0 15 42 39 14 47 0 7 6 10 0 9 11 37 0 0 49 0 0 40 5 23 0 0 24 0 0 0 37 0 41 0 0 19 23 41 49 41 4 18 0 10 0 43 0 26 0 0 41 0 27 8 0 3 35 32 0 16 0 14 38 47 0 32 8 11 0 0 19 
19 0 0 45 0 18 0 23 28 29 0 36 47 0 10 0 36 30 46 0 0 0 0 0 14 29 0 0 50 28 9 0 11 25 48 18 0 23 19 14 44 37 0 0 3 0 7 49 0 0 24 0 0 37 0 0 0 0 0 23 20 22 39 11 21 0 0 19 0 29 6 0 20 9 0 41 0 9 15 11 46 3 21 0 0 45 22 48 14 0 0 0 0 0 5 13 10 48 0 0 0 18 6 21 37 1 0 19 6 10 0 48 0 0 0 39 32 0 37 0 18 15 45 41 20 0 9 45 0 2 35 0 0 24 31 0 2 6 0 36 28 0 0 18 19 14 0 25 48 45 0 6 2 0 0 0 9 23 9 32 50 0 0 17 0 0 0 3 0 0 20 0 0 0 0 0 38 32 0 34 0 1 4 30 0 27 33 22 44 
0 8 0 39 27 0 23 24 11 0 0 44 19 8 0 0 0 40 0 0 0 42 3 30 0 0 9 22 7 0 6 0 0 34 15 0 42 11 0 23 21 0 0 27 17 0 12 8 0 12 44 24 0 7 0 0 7 49 32 0 0 13 0 0 0 5 16 44 0 43 0 23 0 0 45 8 0 27 0 32 14 3 3 47 0 44 0 0 0 11 0 42 0 50 14 0 42 36 0 0 19 9 0 43 37 0 34 0 0 12 28 22 46 4 0 48 41 38 0 6 0 12 0 12 13 47 0 0 33 21 21 0 4 30 39 6 23 0 0 18 0 0 27 0 32 0 0 0 40 1 0 0 0 0 0 0 0 31 23 0 39 50 49 29 18 0 30 0 11 11 5 4 12 0 0 29 0 5 0 34 0 0 0 0 38 43 42 31 
39 41 33 0 0 0 0 24 20 8 50 0 0 0 18 47 0 0 0 19 0 9 27 31 30 0 0 0 42 26 6 20 40 27 43 33 8 50 0 18 13 27 42 0 0 50 0 0 0 0 16 0 43 0 18 14 0 0 0 27 41 0 0 9 0 34 46 0 0 0 47 33 0 10 14 30 28 0 25 9 0 28 44 42 0 0 29 35 0 33 0 0 0 0 0 0 0 0 2 0 0 34 0 19 1 1 0 42 32 10 48 27 0 0 0 29 23 0 31 30 44 0 9 31 23 22 7 0 0 0 38 0 0 0 0 0 32 0 0 20 0 0 0 0 0 47 0 0 0 0 0 29 0 26 24 0 0 0 40 43 15 13 39 32 26 2 0 0 41 18 37 0 2 28 43 0 47 0 0 39 0 31 0 0 42 0 0 
0 42 32 32 50 0 9 0 35 24 0 14 22 0 18 3 21 33 0 0 26 21 6 21 16 24 0 15 22 0 7 19 45 0 24 0 10 4 17 0 0 0 0 0 2 31 0 0 7 0 0 3 6 0 25 0 0 0 17 0 0 50 0 50 49 0 0 0 0 0 0 0 12 8 28 47 0 0 26 28 0 0 37 0 29 0 23 40 39 36 19 17 43 5 0 33 22 0 4 0 33 0 0 0 0 0 0 25 30 0 0 28 0 40 48 32 0 31 23 0 33 0 1 15 10 24 48 0 37 40 0 35 26 4 0 0 0 0 0 38 29 0 12 0 3 0 0 0 0 1 0 0 9 0 0 20 41 2 50 26 0 0 38 0 0 0 20 49 0 0 47 0 0 27 0 35 0 0 0 35 0 36 24 29 0 0 
0 7 0 0 0 30 44 0 0 0 47 0 41 0 5 41 8 25 25 0 11 47 22 0 48 32 0 0 0 0 42 0 0 0 0 34 9 0 25 0 0 0 0 2 0 45 0 0 34 18 32 13 49 0 0 17 44 0 0 48 0 42 0 7 0 45 18 0 0 0 4 0 0 0 0 0 31 0 0 12 0 0 0 33 0 0 16 7 36 0 8 0 0 0 0 39 0 0 0 0 48 14 0 12 1 32 38 0 27 0 0 0 0 29 0 0 0 0 22 0 29 29 0 0 24 0 9 0 0 32 0 36 29 4 0 0 0 6 0 5 0 0 11 47 17 45 0 49 36 0 27 24 42 19 0 45 0 0 0 33 2 0 22 13 5 0 0 26 47 0 0 0 16 8 33 0 30 2 0 17 0 45 0 26 11 
24 32 18 0 14 5 20 0 29 32 0 0 30 30 29 18 16 0 0 29 25 0 45 0 0 33 34 46 0 0 0 0 48 17 32 0 28 37 0 33 34 29 0 20 0 0 0 0 28 0 0 0 0 45 27 0 12 48 12 42 5 25 0 6 6 35 17 6 0 0 5 12 0 0 22 0 15 2 4 46 0 0 0 0 0 42 0 2 30 0 0 0 21 0 20 0 0 31 4 40 0 45 33 0 14 0 50 43 34 0 30 16 25 0 0 0 0 42 20 26 20 0 17 38 18 0 0 30 30 27 2 9 29 0 12 11 50 0 0 0 34 25 0 41 36 0 19 0 0 0 33 43 0 32 50 28 0 0 0 0 19 0 21 0 0 0 30 0 0 42 4 0 2 32 44 11 39 39 39 13 48 0 0 37 
0 5 50 0 0 0 31 34 0 0 31 45 0 6 0 0 11 0 0 13 22 49 33 3 2 40 0 7 0 31 0 0 0 0 0 0 0 0 8 21 20 0 47 32 5 23 0 0 48 0 20 50 21 0 0 0 49 18 0 0 23 15 0 0 11 0 0 11 3 0 10 26 0 0 5 0 20 0 11 0 0 0 0 6 44 16 0 0 39 6 35 0 38 15 0 37 0 5 32 0 0 47 0 29 0 22 0 39 0 39 2 0 37 24 0 0 23 26 0 18 0 0 2 7 19 36 24 0 0 0 0 0 0 43 0 42 0 27 31 0 35 7 30 36 0 0 0 9 46 0 0 0 50 10 42 37 27 0 25 5 1 28 0 0 40 0 0 35 8 32 0 0 0 20 48 0 13 13 0 0 0 0 13 
34 0 11 46 3 0 0 46 0 42 0 0 0 28 0 50 43 0 33 10 50 9 0 24 0 37 11 47 32 0 41 21 0 0 0 13 8 19 0 0 3 0 0 0 27 32 0 0 0 0 9 0 14 4 0 0 9 0 0 21 48 25 0 45 0 0 23 0 0 0 0 0 0 0 4 0 48 0 11 36 49 0 0 0 20 8 0 0 0 16 0 0 0 40 14 0 11 39 24 25 23 0 35 49 48 0 50 49 0 2 20 25 22 0 1 0 0 0 0 0 36 35 0 0 15 0 0 0 0 0 21 0 0 0 0 49 37 42 35 37 37 1 50 0 34 0 0 40 16 36 34 0 0 1 28 12 0 5 44 6 0 30 0 0 40 24 0 47 26 0 0 43 0 0 11 0 5 0 0 12 0 24 
0 0 0 40 0 0 0 0 0 18 29 3 14 28 24 1 26 0 0 9 0 35 0 49 0 24 0 0 30 36 0 12 48 0 15 48 8 37 0 0 20 0 50 0 5 0 48 30 0 0 39 0 2 8 47 39 41 33 0 3 28 1 0 22 0 22 0 9 0 13 5 26 0 6 0 0 0 0 29 0 0 0 0 0 0 21 16 0 18 29 0 0 41 0 0 0 35 19 0 17 50 47 48 0 0 0 2 22 50 0 41 14 0 0 25 40 40 0 6 0 0 37 38 0 0 40 48 2 0 0 0 11 35 0 16 0 0 0 29 36 21 25 0 7 13 0 23 19 42 0 0 13 33 25 48 0 6 0 3 16 0 0 0 50 0 0 46 33 0 27 0 0 39 0 5 23 17 0 0 0 21 
0 39 44 20 0 44 0 0 32 0 0 25 35 24 44 0 39 0 21 0 0 0 45 0 28 31 0 11 46 6 0 27 30 27 26 0 1 17 28 21 0 0 34 2 0 1 0 0 0 0 3 0 39 19 0 42 0 21 39 19 0 0 11 0 0 0 0 30 0 27 45 5 0 17 0 0 0 46 9 0 42 43 0 33 47 0 41 0 20 0 10 0 0 0 0 0 15 21 20 19 0 0 15 0 38 0 0 0 0 45 14 4 48 38 0 0 20 0 39 15 0 13 39 0 32 24 0 43 0 5 33 42 38 0 33 0 0 42 0 20 30 11 37 0 0 14 0 0 41 0 0 24 0 0 0 47 28 9 0 0 0 47 44 37 36 0 0 43 34 1 0 41 47 0 6 1 0 42 42 37 
44 45 0 2 14 0 24 43 26 0 0 35 0 0 18 30 0 0 0 0 9 0 0 11 0 6 3 0 33 31 0 0 0 18 47 17 13 0 16 7 34 0 31 0 44 21 0 21 39 37 37 0 0 12 19 27 33 0 0 0 39 3 23 50 49 1 0 0 15 31 17 40 44 35 0 0 43 10 0 0 0 23 0 0 18 0 0 0 0 23 0 21 0 2 46 0 0 0 0 0 0 0 0 13 0 0 0 39 0 33 0 0 49 0 10 0 16 31 0 0 0 41 0 0 1 0 0 42 0 40 0 0 28 5 0 18 0 0 0 33 1 2 49 0 0 6 35 36 0 0 0 0 1 34 8 42 0 0 12 0 0 44 4 28 0 0 36 22 0 0 44 41 0 0 36 0 19 0 0 
7 35 30 29 0 22 0 0 17 0 30 0 35 12 0 0 0 35 22 0 43 5 50 0 29 35 0 18 11 46 0 49 5 0 0 0 37 0 26 4 0 0 42 1 27 0 0 0 0 0 45 26 0 4 3 0 0 0 29 10 31 35 24 22 31 42 31 0 8 32 0 5 24 0 6 39 18 30 13 39 0 19 32 45 0 37 0 29 30 0 0 50 15 0 31 12 0 0 0 0 0 49 37 33 0 36 43 48 0 6 6 29 0 0 44 11 0 0 0 0 28 22 0 0 0 0 0 0 24 30 0 0 0 41 30 48 2 29 17 19 25 0 13 25 0 13 0 13 46 28 42 8 0 9 40 0 0 4 2 0 37 13 26 4 0 23 0 0 0 0 27 25 0 0 0 0 13 35 
14 30 0 36 0 12 13 10 49 45 0 0 44 35 8 0 0 47 10 0 0 0 23 50 12 35 0 14 3 0 0 37 2 46 38 0 31 30 0 2 0 30 0 0 12 45 0 4 0 0 25 45 0 0 10 25 22 11 0 0 0 0 17 29 44 0 42 44 9 40 0 32 48 0 44 3 30 0 0 24 0 41 25 47 0 0 23 44 0 10 0 0 35 0 40 18 37 0 36 1 0 0 0 46 0 0 0 0 0 31 49 0 37 0 17 0 0 24 6 40 20 0 0 45 0 22 46 0 0 7 49 41 0 21 18 0 0 47 50 47 22 0 50 0 47 43 0 24 4 0 5 0 28 0 35 19 25 5 40 5 6 0 18 0 23 26 0 0 0 0 0 1 0 0 23 0 0 
34 0 24 22 0 32 17 0 0 0 6 0 0 2 47 18 36 0 40 44 15 45 33 0 0 46 35 42 0 0 31 48 0 0 0 15 2 3 0 0 22 0 0 21 0 30 21 36 0 44 0 48 14 0 4 16 21 44 0 0 48 23 0 0 0 0 0 0 0 0 0 28 50 40 8 2 0 0 46 46 0 43 0 11 35 0 0 0 1 0 30 0 0 43 0 0 0 0 35 33 42 0 0 0 0 0 17 0 0 17 0 0 0 18 34 10 0 0 14 39 29 0 28 0 0 0 2 0 29 0 37 44 2 31 13 0 8 16 16 0 8 0 0 9 48 0 0 0 0 0 0 0 2 14 33 26 0 0 46 46 0 0 0 0 0 0 43 35 0 7 0 28 12 41 35 0 
6 0 32 0 6 0 0 0 13 44 49 0 40 16 0 0 0 38 47 29 0 47 27 14 27 39 0 0 26 3 0 0 0 32 7 0 0 29 40 0 17 11 0 0 0 50 18 48 0 38 45 0 13 10 0 36 37 0 5 0 0 34 42 0 18 27 0 0 38 30 44 33 38 22 0 6 13 0 20 23 38 11 0 0 23 37 0 0 0 12 0 14 0 14 0 25 6 0 0 0 3 0 0 1 0 31 32 0 0 0 35 0 13 0 0 0 0 0 0 48 0 0 0 0 0 17 11 0 0 0 33 0 4 0 0 0 27 35 0 0 2 0 17 0 43 5 44 38 26 0 1 10 0 0 0 1 0 1 0 0 31 39 0 12 22 20 0 42 12 6 0 0 48 0 16 
0 7 24 44 0 0 0 39 14 0 19 25 8 16 0 0 9 47 34 28 0 0 45 0 0 21 0 49 29 4 7 1 19 0 40 0 21 0 31 0 14 14 41 41 0 0 10 0 44 0 0 39 0 33 0 13 41 0 43 50 0 15 31 37 0 0 0 33 0 27 0 19 6 0 49 25 19 24 29 0 23 15 29 13 1 5 29 50 20 0 0 22 0 0 0 0 0 16 31 0 16 0 38 0 29 7 14 1 0 29 19 0 13 17 0 0 29 41 0 0 28 0 32 0 11 15 26 0 22 0 0 43 50 0 31 0 0 13 24 31 42 3 42 48 0 0 14 0 18 0 0 0 0 0 17 13 31 0 13 0 42 34 45 25 0 19 41 7 38 0 16 0 0 0 
0 0 31 0 43 21 35 0 0 40 0 0 0 29 4 0 0 0 32 0 0 25 0 0 24 22 13 0 0 33 0 9 0 0 0 5 37 45 0 16 0 12 0 0 17 0 49 27 43 34 0 18 26 0 0 2 0 0 35 24 10 0 25 37 14 9 1 0 0 0 47 29 42 2 0 0 4 0 20 0 7 21 38 0 0 10 41 14 17 0 39 38 0 18 22 0 0 0 0 25 49 36 0 0 5 30 0 0 3 12 0 0 12 0 0 13 30 49 37 0 0 0 28 21 35 22 43 0 0 49 3 0 0 32 17 0 46 0 0 0 0 38 45 2 0 0 46 48 0 44 0 0 0 30 26 0 46 43 16 16 50 45 11 0 0 5 0 30 12 0 0 0 0 
0 0 0 0 27 3 0 0 0 47 46 16 40 3 0 15 18 3 22 0 0 0 0 6 29 43 22 0 6 31 0 0 39 0 0 26 0 27 0 12 0 0 0 0 0 36 0 21 30 0 0 0 0 0 0 0 28 6 43 14 0 0 0 0 3 12 0 7 0 39 45 46 0 0 37 28 4 0 0 0 19 0 26 22 29 0 0 23 8 11 31 1 38 0 6 28 7 0 19 2 0 19 46 21 0 33 0 1 0 0 0 8 12 0 0 0 0 0 0 0 0 0 0 15 10 40 38 0 0 0 0 0 0 0 2 24 23 34 5 0 28 32 19 24 41 31 18 48 36 0 7 19 22 13 0 0 35 0 46 42 0 38 43 0 0 18 1 0 11 0 33 23 
37 28 44 0 48 29 0 40 0 0 0 9 16 0 0 35 39 0 0 6 0 9 4 0 0 0 40 17 32 31 37 21 0 0 0 32 8 34 35 0 0 48 17 34 0 0 29 0 0 29 16 0 26 5 0 48 4 32 25 0 15 0 14 0 23 0 0 3 3 0 0 48 0 0 0 29 0 28 0 44 27 41 0 0 0 0 0 0 0 17 1 5 18 33 32 0 18 0 0 8 0 0 0 0 36 48 12 27 43 15 28 20 0 16 0 0 0 16 0 2 25 9 19 39 28 6 0 35 27 46 27 0 34 15 23 0 0 0 0 0 0 20 0 0 0 0 0 0 45 50 23 4 0 29 41 0 17 27 5 17 47 0 22 49 0 27 0 7 26 0 35 
0 20 50 0 0 31 39 0 0 48 0 35 0 14 0 39 0 5 11 35 0 0 44 27 10 43 0 26 0 0 0 33 5 0 0 12 2 0 32 0 5 41 0 1 22 27 0 13 0 12 18 1 0 0 0 0 5 31 47 26 0 31 0 43 1 43 2 0 28 0 0 0 0 7 25 43 35 43 0 17 13 0 0 1 0 25 27 20 0 35 41 0 0 49 27 20 49 17 0 0 49 0 0 0 20 0 50 14 0 47 0 8 0 0 5 4 0 25 26 50 48 1 0 0 0 14 11 29 0 37 2 0 19 0 0 36 0 28 45 10 0 0 46 29 19 0 0 0 41 0 0 0 25 0 8 0 1 13 9 0 34 0 36 6 0 12 38 0 14 0 
30 25 0 0 4 0 0 0 0 33 24 35 0 0 0 0 0 12 0 0 0 30 18 3 20 44 38 50 0 0 5 47 15 0 6 5 26 32 45 34 9 0 44 0 0 12 11 0 42 0 0 0 38 50 0 0 32 19 46 0 0 35 25 23 31 30 50 0 38 0 37 0 24 33 0 18 2 0 32 0 41 21 37 5 5 26 24 21 14 0 44 0 49 0 0 0 0 31 0 0 0 0 0 41 0 0 50 17 40 0 42 0 29 0 21 0 0 37 0 40 0 28 0 0 0 33 45 31 29 16 40 0 1 0 0 19 0 40 13 0 47 45 0 0 0 0 46 40 0 0 0 18 41 37 28 0 26 21 0 0 0 0 0 0 37 0 23 26 39 
0 0 0 48 35 6 18 2 0 0 30 23 25 0 21 0 47 0 1 0 29 28 49 18 41 49 0 0 7 39 8 0 0 27 0 0 36 0 49 16 0 33 0 31 0 0 39 37 38 43 36 18 30 0 5 19 0 0 0 42 0 0 0 43 0 0 0 6 3 0 0 0 40 35 0 48 43 44 29 0 27 0 41 28 0 40 0 0 23 1 9 24 5 17 0 0 39 26 19 16 0 46 0 15 19 0 0 4 24 0 0 2 32 27 42 8 0 0 20 37 39 0 0 0 14 26 0 14 0 0 18 0 0 37 47 48 45 16 0 0 0 37 36 0 0 0 10 0 23 0 13 0 0 0 0 0 0 0 0 23 0 41 0 11 0 28 46 0 
22 0 0 0 0 0 21 42 7 0 28 18 43 0 0 0 0 0 0 45 0 0 0 0 0 0 37 15 0 0 0 0 0 0 0 0 45 2 0 36 30 0 0 0 0 0 0 34 0 43 33 19 0 0 0 45 0 0 4 24 8 0 41 44 26 49 0 0 0 21 19 0 0 35 20 0 26 28 5 4 40 0 9 0 39 11 41 0 27 47 33 0 11 0 0 0 43 13 42 0 47 38 0 13 0 17 24 0 24 0 26 46 0 27 11 0 12 32 0 0 26 42 49 0 5 41 8 0 0 0 36 14 22 0 0 0 28 4 0 0 32 46 7 0 0 0 0 12 40 8 8 27 39 0 13 46 35 25 4 0 48 0 0 49 0 21 46 
7 0 0 50 0 3 0 42 36 17 0 0 0 0 0 0 0 0 13 0 0 21 3 17 36 0 0 0 16 42 0 3 0 0 16 8 0 17 0 20 41 36 3 31 0 0 37 0 0 49 42 0 0 43 38 0 0 0 0 31 0 19 0 9 0 38 40 24 0 7 22 23 36 34 0 0 0 5 0 29 0 16 32 0 0 0 0 0 0 49 33 0 0 19 0 0 1 0 1 0 43 12 25 32 23 21 5 31 0 36 2 9 0 5 0 7 17 0 0 0 0 32 0 15 42 0 0 37 0 0 0 7 0 21 0 0 3 33 16 0 22 35 28 38 37 43 0 0 37 49 25 0 0 24 1 0 36 26 41 0 21 0 45 0 24 22 
0 0 0 1 0 0 19 0 35 0 0 0 0 4 0 25 0 47 1 8 0 45 12 0 0 0 26 38 30 14 40 12 0 0 0 0 18 9 37 23 28 44 0 5 34 0 4 29 0 0 0 3 25 19 0 0 40 35 46 0 0 0 43 18 2 0 15 25 0 0 44 0 3 0 28 0 0 0 0 48 48 0 13 30 0 30 24 27 0 0 8 16 0 5 43 0 0 0 46 25 36 0 18 0 0 37 0 0 26 28 18 0 34 10 11 5 45 33 0 27 15 0 18 7 0 46 49 0 0 0 8 18 0 0 0 0 44 0 28 0 23 2 0 0 31 3 39 0 0 0 0 0 44 0 0 0 43 45 42 0 41 47 0 12 44 
0 32 15 0 2 0 10 38 0 35 0 0 7 0 47 22 1 0 30 0 2 31 10 0 0 0 31 0 29 0 0 0 10 31 15 50 33 3 48 31 1 0 0 45 0 0 0 24 0 8 0 26 35 9 42 24 23 7 0 0 21 38 24 16 0 0 9 0 25 6 50 0 0 16 38 0 0 33 0 6 22 38 10 37 44 10 10 45 14 0 16 9 0 47 0 42 0 0 48 31 20 0 10 0 38 23 0 50 20 27 0 23 0 0 0 0 0 0 32 44 28 50 7 9 34 0 0 0 37 0 0 7 45 0 0 0 47 0 0 2 0 12 27 0 25 0 42 0 0 0 11 0 42 0 19 21 0 19 0 49 0 10 3 0 
46 16 0 0 29 3 37 28 10 6 47 0 7 0 0 17 21 0 33 23 0 0 0 0 0 13 44 19 0 0 0 11 0 1 26 26 0 42 19 0 1 22 13 5 0 0 35 18 47 0 0 0 18 2 0 0 0 2 0 1 3 0 0 19 42 0 19 0 0 20 1 0 0 0 48 30 22 0 7 25 47 22 0 0 12 0 0 0 0 0 49 0 0 11 0 0 43 0 0 0 8 23 0 0 0 0 14 0 30 12 0 40 36 50 15 15 0 0 0 0 0 0 0 0 0 26 0 17 0 10 0 6 0 36 0 0 47 30 0 0 7 0 0 0 0 0 10 12 11 0 30 8 0 39 43 0 50 18 42 0 26 0 32 
0 0 2 23 0 0 29 28 39 0 0 0 0 13 40 6 27 13 7 0 0 50 0 32 11 0 0 24 18 34 33 0 33 9 50 0 0 4 34 41 0 4 48 45 49 0 38 43 50 43 0 0 22 37 5 4 0 44 0 0 0 37 0 0 28 0 18 40 0 0 0 20 0 31 0 36 0 0 24 0 0 12 8 15 0 45 0 0 20 0 28 21 36 0 39 42 0 0 0 0 0 40 47 25 0 32 0 0 0 42 0 0 43 40 25 0 0 36 0 44 0 27 11 1 0 24 0 0 0 45 0 0 0 30 2 0 25 14 0 25 0 0 0 47 14 0 0 0 0 0 0 35 0 9 0 28 0 45 0 0 0 33 
0 0 0 8 22 18 6 0 2 4 0 20 0 0 31 0 23 0 0 43 0 14 0 0 0 24 16 40 0 0 0 0 0 0 40 0 46 0 0 0 22 13 15 0 48 4 0 46 0 25 4 0 0 15 36 0 0 0 0 0 0 15 0 6 27 6 0 0 22 0 15 29 26 0 48 0 48 0 13 0 0 0 0 50 1 0 0 7 29 0 50 26 48 29 0 0 0 0 0 0 0 0 0 0 25 14 0 46 37 0 31 0 37 0 39 0 44 0 2 0 8 8 50 0 41 14 0 18 0 0 19 37 18 0 19 0 24 0 29 0 43 0 2 49 0 39 6 6 0 0 0 0 42 0 9 29 0 22 36 0 26 
43 0 0 27 36 21 19 15 40 26 0 0 0 0 25 28 0 12 40 9 0 0 0 5 35 0 0 27 0 26 29 6 6 0 0 32 0 0 0 0 0 0 3 49 0 0 0 0 0 0 0 1 32 0 32 0 0 0 36 14 11 50 0 0 33 0 9 0 0 0 46 9 0 20 0 37 0 3 0 0 0 0 9 41 0 9 5 50 3 0 0 0 0 0 0 0 15 25 38 0 0 0 43 29 0 6 0 2 0 30 29 38 0 11 31 45 23 18 0 16 0 0 0 9 0 39 38 14 0 0 0 0 39 14 0 0 2 11 0 46 0 0 0 39 26 49 13 0 1 0 19 0 41 0 45 0 14 0 46 43 
31 0 37 0 44 16 9 0 43 33 34 25 0 27 0 11 41 6 10 16 50 0 47 15 45 17 0 44 17 0 3 26 21 0 0 43 45 10 0 1 0 0 11 4 26 0 0 0 6 11 0 0 29 0 31 0 14 14 31 1 0 0 40 46 0 39 0 5 1 48 19 0 0 0 32 0 14 0 11 36 0 22 49 8 0 0 8 0 0 0 0 0 0 0 0 11 0 49 0 0 0 0 0 44 0 0 35 0 0 37 0 50 0 47 0 0 13 33 1 0 42 0 0 0 32 0 13 1 9 22 0 0 0 44 44 38 0 33 0 3 38 9 0 0 27 39 3 21 0 0 0 0 18 38 48 17 24 4 16 
0 0 30 0 0 22 0 6 2 0 33 18 19 3 40 0 0 0 0 50 45 48 35 18 0 0 0 0 12 19 46 0 0 0 0 25 15 0 0 27 0 17 47 0 0 33 0 0 0 6 0 0 17 0 12 39 15 10 35 3 15 0 0 16 28 0 46 0 0 34 0 10 19 0 0 0 39 5 43 0 18 24 7 44 23 0 0 7 0 0 0 13 45 29 44 28 14 0 48 0 0 0 14 41 50 40 0 0 0 1 1 12 35 37 0 0 21 17 37 0 36 10 0 32 0 10 0 0 3 40 39 0 0 1 13 0 0 3 35 0 39 0 0 32 0 8 7 0 0 0 0 0 21 8 0 0 45 4 
48 41 0 0 0 8 0 0 0 17 31 0 0 0 39 0 16 8 0 39 17 0 0 6 0 30 0 0 40 33 0 0 9 0 18 46 36 40 1 0 37 38 19 0 45 26 0 46 17 0 29 0 29 40 10 24 20 2 0 0 0 0 4 37 0 10 9 34 0 42 2 28 7 31 9 48 0 0 0 0 0 35 0 0 36 43 0 0 0 1 3 34 0 35 6 18 15 22 27 37 0 0 0 0 0 21 0 48 0 0 35 1 5 0 2 24 46 0 0 5 45 0 35 13 0 36 0 0 37 0 8 0 45 1 20 0 12 0 22 0 2 0 39 15 23 0 32 20 0 0 34 0 0 0 25 16 20 
34 30 48 0 0 28 0 48 41 0 0 43 43 27 22 48 32 0 0 0 18 0 0 40 5 0 31 0 0 30 0 0 0 12 13 14 0 0 0 0 10 36 17 17 0 0 2 0 0 0 0 14 16 0 49 45 37 0 20 0 0 0 23 0 49 0 0 0 0 0 0 41 0 36 0 28 27 24 0 41 9 26 0 0 0 0 0 17 25 0 0 0 15 44 46 0 24 33 1 0 2 0 4 23 25 0 7 0 0 36 41 0 0 0 2 8 0 0 25 25 19 0 0 0 14 2 20 49 0 9 40 35 0 0 0 0 24 8 0 0 4 0 0 0 28 12 0 0 0 27 0 24 40 0 0 25 
0 0 27 0 0 43 37 0 0 0 6 0 13 1 25 45 0 18 0 0 25 4 0 0 0 17 0 7 48 29 0 0 0 39 0 0 9 0 27 0 0 0 21 36 0 31 42 0 0 1 6 0 38 0 18 0 35 49 13 0 15 26 0 47 0 4 0 0 11 8 0 28 0 0 0 38 41 0 38 6 2 32 44 0 0 0 0 12 9 0 18 35 0 31 19 45 0 0 0 31 0 1 16 0 0 0 0 0 0 1 0 0 0 0 0 0 0 5 0 0 0 21 0 0 0 0 0 44 0 7 5 50 0 42 0 0 6 29 0 0 0 0 0 49 0 23 16 47 0 43 0 2 38 0 32 
0 0 35 0 46 0 10 41 0 23 0 0 0 32 10 38 21 0 0 0 44 0 10 0 0 0 37 0 46 4 27 0 11 33 0 0 27 0 26 30 0 43 0 0 0 0 41 0 0 48 13 22 0 37 34 44 0 26 0 0 2 0 29 0 0 20 0 0 0 0 0 27 25 28 0 17 9 13 0 0 27 29 0 0 0 26 35 0 38 0 3 49 8 12 4 17 0 21 48 34 47 19 0 35 0 0 1 33 10 18 42 0 23 0 22 15 4 0 0 0 0 0 0 0 0 0 0 0 0 13 0 0 3 6 9 13 0 29 0 5 46 0 14 13 37 0 0 11 4 0 0 19 0 0 
0 0 28 15 0 0 36 0 0 50 0 50 42 17 0 9 0 14 0 0 22 22 0 22 42 0 0 0 13 10 7 20 49 12 17 0 38 49 0 0 35 0 0 6 0 0 0 0 0 0 12 0 0 0 0 14 15 38 0 0 41 0 13 21 2 0 17 11 32 0 47 13 22 19 32 0 50 33 15 0 13 0 0 0 47 0 0 8 50 21 48 7 0 0 0 0 0 9 0 22 0 8 0 0 0 49 0 7 49 42 47 0 0 0 0 0 0 0 0 14 29 7 0 43 43 1 0 35 34 0 0 0 25 0 43 0 0 7 0 13 23 12 44 42 21 0 0 0 0 0 0 0 41 
0 0 0 31 36 26 26 0 5 0 0 43 0 0 1 0 1 0 6 0 0 21 14 0 42 35 3 0 0 0 9 33 10 19 0 0 24 0 27 45 0 2 33 24 5 0 7 0 1 16 0 0 0 16 0 48 0 0 0 5 0 0 0 32 7 0 30 0 0 20 10 17 2 0 0 0 0 31 0 0 3 7 0 48 0 0 47 10 15 0 36 24 0 42 0 0 6 17 23 0 0 15 0 0 0 25 19 0 20 0 5 0 0 0 0 38 0 0 0 0 15 2 49 0 2 17 8 15 0 0 39 17 19 40 0 27 43 0 0 0 17 10 19 0 14 29 45 22 0 0 9 8 
0 13 10 1 0 0 28 33 14 0 0 45 36 44 49 24 24 0 0 34 0 0 23 21 27 39 5 7 0 0 1 5 0 22 0 10 0 0 23 0 0 0 11 41 0 34 30 0 0 0 25 34 46 21 0 18 40 27 0 1 13 0 0 44 0 0 0 48 22 23 0 0 21 0 0 43 10 44 0 0 44 0 3 29 46 0 14 0 15 0 12 22 0 37 40 13 0 42 46 0 0 20 0 18 14 47 4 0 0 2 39 0 0 0 11 3 48 6 22 0 0 48 0 45 19 30 30 0 0 0 0 25 0 20 0 32 0 0 9 0 0 23 38 0 25 15 0 2 15 40 0 
0 22 9 46 11 2 22 0 38 0 8 0 9 32 38 0 35 0 0 1 1 28 0 0 49 3 0 0 0 30 17 0 0 12 46 46 38 37 35 10 0 0 0 0 24 5 0 0 25 0 0 0 0 27 0 0 17 44 30 0 15 0 0 0 0 0 0 50 0 10 0 50 44 0 29 0 10 19 0 0 13 39 20 0 0 23 47 0 11 0 47 0 0 0 0 0 0 0 3 40 24 23 0 15 0 0 0 0 0 0 48 43 0 0 0 12 0 0 0 10 50 0 0 0 0 5 25 38 0 39 21 0 44 0 2 0 0 30 45 21 16 32 0 0 0 20 0 0 33 0 
0 0 0 0 50 7 0 31 45 0 0 49 16 5 0 5 0 0 44 39 0 46 0 5 45 0 0 0 0 0 31 0 0 0 19 0 0 32 36 24 0 36 15 0 30 0 0 0 29 7 23 31 14 0 0 0 32 0 0 6 50 28 4 0 0 37 0 22 18 31 9 9 32 0 10 0 0 7 18 0 0 3 0 0 0 0 46 0 44 0 23 41 24 0 0 50 0 0 0 44 0 0 5 0 0 0 46 27 37 3 0 0 0 0 0 22 0 0 22 0 39 27 36 0 9 50 33 0 6 0 2 8 0 47 18 0 40 0 48 14 0 0 0 22 27 2 0 40 0 
3 43 19 42 0 14 0 29 44 28 0 0 38 22 40 0 0 6 5 35 0 14 27 0 16 37 0 47 46 45 0 38 27 0 6 33 41 6 0 0 34 48 0 0 18 0 0 0 0 0 0 4 11 3 0 41 28 0 0 0 22 24 8 0 30 46 0 23 45 12 3 0 0 32 0 0 0 27 11 0 23 0 22 44 37 45 29 3 36 41 49 16 0 3 43 0 31 17 39 0 0 44 20 3 0 0 0 0 0 13 1 0 35 0 49 0 31 36 0 0 0 11 38 7 0 0 0 36 0 7 5 49 10 0 0 15 49 0 0 0 16 22 28 0 37 36 0 37 
40 0 0 0 29 13 29 43 0 0 46 0 0 0 19 0 0 27 0 9 0 19 0 11 25 0 5 22 24 11 0 17 0 0 34 14 17 0 0 0 45 22 15 42 0 0 0 0 15 36 0 0 0 0 0 4 0 0 40 0 0 0 0 0 38 46 0 48 23 0 0 0 0 49 0 7 29 46 40 41 15 0 37 0 37 8 12 28 0 0 0 0 16 8 49 45 0 40 0 29 0 0 34 2 6 40 0 33 0 0 19 37 42 17 2 5 26 13 10 0 34 0 0 12 0 0 16 10 9 0 0 14 38 0 0 0 0 26 0 0 0 26 0 0 47 18 0 
36 32 30 2 32 0 19 50 43 16 35 0 0 49 0 45 47 0 4 9 16 0 13 2 24 9 20 0 41 40 4 0 22 0 0 0 15 2 0 0 4 0 6 0 0 0 0 0 0 36 42 34 40 30 39 12 0 7 0 21 0 0 32 7 0 0 45 40 0 15 28 0 0 0 50 45 12 20 0 12 0 2 0 0 0 43 0 34 46 0 12 42 29 10 48 0 0 38 0 14 0 29 37 33 7 0 0 19 45 0 36 29 0 0 0 17 33 30 0 0 0 0 36 0 35 5 23 0 26 0 5 0 17 5 0 43 0 0 7 6 0 0 5 0 0 0 
0 0 0 43 47 42 0 0 0 26 0 4 39 0 0 18 0 32 0 0 0 0 0 4 1 5 0 42 0 7 38 0 0 0 48 0 17 17 0 28 0 35 10 0 40 0 0 0 0 0 13 0 0 30 0 3 0 0 22 11 0 0 0 12 0 10 0 45 0 7 40 0 37 27 0 0 7 0 42 0 45 12 5 14 0 0 26 3 0 19 41 0 0 44 50 9 36 0 0 9 43 0 0 50 24 32 46 26 0 0 20 7 45 15 0 50 0 0 0 0 0 19 0 0 15 0 0 32 0 21 36 14 8 38 0 0 38 0 0 14 2 35 34 34 50 
15 0 0 0 42 1 0 0 0 0 0 3 0 48 0 0 0 21 0 14 30 14 0 0 1 11 12 24 48 32 0 3 22 47 1 0 0 39 0 24 22 6 0 36 0 0 0 0 27 28 4 1 0 0 20 13 11 13 0 0 38 0 0 36 33 24 39 18 0 1 19 0 25 36 11 0 47 48 27 48 0 0 0 0 0 0 0 41 12 0 0 38 0 0 26 0 5 0 15 0 0 0 0 0 5 3 38 9 2 0 0 21 50 5 19 13 0 0 34 16 0 0 0 39 34 0 6 0 7 0 0 0 15 0 17 0 28 8 4 0 0 0 19 0 
41 47 22 28 33 2 47 0 25 9 24 9 13 0 5 0 42 0 0 0 0 39 0 42 48 0 18 15 0 9 0 0 19 0 0 0 0 0 46 47 0 18 0 4 6 2 45 0 42 0 0 0 45 19 0 0 39 26 0 1 7 50 33 47 0 19 26 40 0 0 0 0 36 5 0 23 21 44 5 1 47 0 27 29 0 0 18 15 46 46 0 3 0 0 19 0 43 0 3 38 0 0 0 0 0 20 0 21 21 49 0 0 48 32 0 0 23 0 37 5 0 43 0 0 0 0 19 30 19 29 0 26 0 27 0 42 48 0 7 46 0 15 26 
11 0 5 2 5 0 0 19 12 34 0 27 23 44 0 0 48 42 0 22 39 3 0 0 0 0 0 0 16 32 30 39 39 26 12 6 0 24 32 0 4 0 2 5 35 18 0 38 34 23 0 13 0 24 50 0 10 0 0 26 4 0 16 0 0 0 0 31 13 12 22 43 0 50 44 0 12 31 31 19 17 27 0 25 17 18 0 50 0 0 24 7 30 50 0 44 0 0 0 0 3 0 40 0 0 8 32 0 32 0 40 47 0 34 50 1 0 0 0 23 0 16 0 14 8 0 0 0 49 22 13 46 0 44 0 26 0 0 20 10 17 17 
0 35 17 0 0 0 0 0 47 0 5 11 25 37 0 0 0 0 23 0 0 0 0 21 0 31 10 18 17 0 0 0 0 0 0 45 0 0 0 0 0 0 20 0 0 10 44 0 32 0 32 0 0 0 40 30 0 46 0 0 0 0 0 0 0 44 16 0 0 0 25 0 10 0 0 25 0 21 45 14 5 0 0 31 5 14 0 22 20 17 26 6 18 42 16 9 0 9 35 0 3 0 31 22 35 0 0 0 35 0 30 0 17 12 0 0 0 32 19 0 12 34 33 0 48 21 0 38 0 0 0 17 0 0 13 0 47 19 0 25 39 
0 0 38 14 42 0 11 0 45 29 39 40 13 32 16 20 42 18 30 0 0 0 0 0 0 13 0 0 48 0 10 19 1 0 7 47 0 7 0 0 28 0 40 34 0 22 19 24 0 0 25 0 21 0 12 12 42 0 0 0 50 39 37 36 10 39 44 0 18 15 0 22 15 0 13 0 0 3 0 23 0 0 0 28 0 29 0 24 36 35 20 0 0 0 33 0 14 49 0 0 0 4 0 13 49 24 0 15 9 0 0 26 0 0 0 0 0 43 37 12 0 43 0 0 0 0 0 48 0 10 22 21 15 0 33 36 0 0 0 43 
23 50 0 0 4 36 0 25 45 40 0 0 0 0 0 0 0 38 20 45 0 38 37 12 32 0 0 0 0 0 27 0 0 0 44 0 5 0 10 0 0 4 20 26 18 0 0 0 47 3 5 0 5 0 23 0 0 15 17 31 18 16 8 0 0 0 28 0 0 33 0 3 0 37 40 4 0 0 16 14 10 0 24 8 37 36 12 10 24 0 0 17 0 12 5 4 30 0 43 46 0 8 33 0 29 0 0 18 46 14 40 29 3 37 0 0 45 13 0 11 7 49 0 20 32 0 8 8 0 0 0 0 6 44 0 37 0 18 5 
2 0 2 0 0 27 0 0 6 43 23 30 10 27 27 0 32 0 0 0 0 33 38 0 6 48 2 0 39 19 0 0 0 0 0 40 0 0 2 0 0 24 34 45 21 0 26 29 0 0 3 34 0 0 31 46 46 0 23 11 0 28 1 0 35 36 0 24 7 27 7 11 3 36 42 10 0 0 23 0 6 9 0 15 11 10 23 0 31 39 0 43 0 20 3 42 23 0 6 0 0 0 0 0 0 0 0 0 41 0 0 5 13 0 0 13 6 3 27 0 0 0 48 0 0 27 50 27 0 0 0 41 0 0 8 0 0 11 
0 0 18 0 0 0 46 45 0 0 42 0 50 0 0 35 43 0 0 0 0 0 43 0 0 44 34 0 41 50 38 18 0 13 3 37 0 32 0 0 0 47 47 0 5 1 48 0 44 25 0 0 14 0 14 0 12 47 0 42 0 42 28 16 0 38 38 38 23 14 20 11 37 0 1 14 45 39 5 0 45 0 0 0 0 30 0 12 0 1 0 0 24 0 0 47 23 0 40 36 1 0 44 0 45 7 0 0 0 3 0 18 0 3 0 25 0 0 0 0 6 39 0 41 41 0 0 16 42 0 5 4 0 0 0 0 38 
0 24 0 50 0 0 0 49 0 0 0 8 21 7 44 22 0 1 22 47 0 0 19 16 11 0 15 5 44 25 0 0 0 33 13 0 0 0 33 45 0 50 0 47 0 42 0 0 32 48 30 0 0 32 32 41 0 0 0 0 1 0 48 0 4 0 31 44 17 0 0 0 0 9 0 0 0 38 2 37 0 0 0 24 0 20 0 0 27 3 50 0 27 0 0 35 0 0 33 0 0 17 0 0 0 33 3 30 0 47 0 0 0 18 0 22 0 0 0 9 18 36 33 35 29 13 42 0 28 29 13 10 28 0 0 34 
0 12 0 18 0 3 0 33 0 44 0 0 32 0 28 0 0 32 34 3 17 32 9 21 36 18 9 0 10 0 14 35 0 0 10 3 41 0 4 0 0 0 33 0 0 0 11 22 23 7 0 0 12 0 0 0 31 15 0 0 0 0 0 12 0 0 24 27 46 6 0 0 43 0 0 0 48 0 0 0 20 47 22 0 15 50 0 0 0 0 34 0 0 0 0 33 16 0 20 0 33 26 27 22 0 0 0 44 15 0 0 46 0 0 0 0 21 15 18 2 0 0 0 26 25 29 24 23 0 0 0 0 42 0 46 
0 0 0 48 28 0 0 0 0 0 0 43 46 34 31 19 20 0 0 31 14 0 37 9 0 33 0 0 37 3 4 0 32 0 20 0 50 7 8 30 36 0 0 32 9 0 0 0 19 15 36 8 0 0 15 16 31 44 23 0 0 6 39 36 21 36 0 4 0 44 19 0 16 48 0 0 3 0 0 9 33 30 0 0 37 0 0 50 0 0 3 17 0 10 0 0 15 27 27 0 0 0 0 14 4 32 6 42 25 46 0 0 0 32 40 25 23 0 19 31 47 12 8 0 0 10 14 16 0 41 11 0 0 0 
0 0 0 0 18 49 47 0 44 25 0 0 0 0 38 0 21 5 36 7 14 0 0 16 0 0 25 0 20 43 0 0 5 0 6 0 0 44 0 0 0 19 32 22 0 48 0 46 39 33 0 43 0 31 0 29 10 26 0 4 20 0 0 15 38 0 0 21 0 1 50 0 0 3 17 0 0 23 49 0 0 37 0 28 0 4 49 9 0 3 18 0 0 0 0 3 0 27 0 20 0 47 39 44 49 14 0 0 0 36 26 0 0 37 25 34 0 20 0 21 0 48 48 0 49 0 0 0 44 0 42 10 35 
0 0 38 0 0 0 0 0 45 0 2 49 23 0 18 0 30 26 26 0 1 31 19 0 35 0 32 29 0 0 24 42 5 42 27 0 17 0 14 0 4 1 0 34 43 5 16 36 8 36 0 0 35 28 36 14 0 9 0 32 0 6 0 6 0 0 6 16 0 39 0 16 24 34 39 0 15 38 44 0 19 33 39 16 29 0 48 8 0 0 0 4 10 0 28 0 8 0 36 50 0 0 3 15 0 0 0 50 45 0 0 0 0 5 26 8 7 41 9 40 23 46 17 24 25 0 0 6 15 0 0 35 
0 2 0 43 38 0 4 0 0 15 19 18 21 0 50 0 34 0 39 0 1 0 0 0 26 0 0 0 50 0 0 0 18 0 14 0 0 0 0 0 46 22 22 10 49 48 28 0 40 23 6 11 41 0 46 18 1 36 0 40 50 0 0 2 2 4 35 33 48 0 18 42 27 15 3 20 0 6 0 34 0 0 41 0 14 30 13 18 44 0 13 0 0 0 0 0 0 0 36 5 0 0 31 0 32 16 0 10 6 0 0 26 29 0 0 0 40 33 0 33 0 25 30 10 0 39 0 35 22 0 0 
0 4 20 0 24 0 45 5 24 0 0 0 37 0 5 0 0 2 0 40 0 15 16 0 10 38 0 8 0 0 22 0 0 21 8 0 35 0 36 16 40 0 18 1 0 0 0 0 0 0 0 32 0 24 41 46 44 39 49 16 0 0 0 50 39 0 0 0 38 26 48 18 11 0 0 0 0 0 0 48 27 0 24 8 19 0 0 44 44 0 30 0 21 47 50 0 0 43 43 15 0 47 28 47 0 47 34 36 0 0 44 5 11 46 0 25 36 25 0 20 0 0 10 25 43 0 0 34 0 0 
20 33 26 1 0 29 0 0 40 0 33 0 0 24 0 49 28 32 29 0 38 19 0 32 49 0 0 36 7 10 0 13 47 38 0 40 0 0 0 0 0 0 12 1 0 11 5 0 0 0 0 0 42 0 0 0 0 45 40 5 7 28 0 37 39 47 28 19 1 0 5 0 46 44 0 3 4 0 3 26 15 47 37 0 20 0 0 16 0 0 0 0 47 0 0 5 26 36 0 0 0 19 0 38 0 5 34 0 0 0 0 20 0 0 21 0 26 43 13 28 38 46 19 3 40 0 10 14 21 
16 0 8 0 0 10 0 0 13 2 0 0 28 16 0 9 9 22 25 5 22 45 0 28 0 4 47 0 0 0 36 31 0 0 0 0 30 18 7 36 11 1 3 0 0 0 0 43 0 40 0 0 7 0 11 13 0 0 5 0 8 20 22 0 34 31 0 0 0 10 0 18 5 44 5 0 0 24 35 0 41 38 0 33 0 0 37 27 37 0 14 0 0 27 33 20 0 37 0 1 0 2 44 0 14 2 13 0 29 46 27 0 0 0 40 10 0 15 0 2 12 0 5 0 2 23 0 28 
42 0 0 27 19 0 0 0 32 26 0 40 0 0 0 0 12 0 38 0 0 3 28 0 16 0 0 0 0 25 0 15 0 17 0 0 0 0 34 0 0 39 0 39 0 49 35 0 10 0 0 0 19 0 0 21 6 4 38 0 5 0 8 37 0 0 27 36 32 0 3 19 42 0 0 12 32 37 0 0 0 0 0 17 13 0 22 19 20 38 0 0 13 41 0 0 0 12 0 12 17 30 0 0 0 0 41 37 13 30 0 0 0 0 28 30 21 0 6 41 0 0 0 0 35 27 0 
15 0 31 0 19 33 0 12 0 0 0 0 0 12 38 0 30 22 21 0 2 13 29 0 0 0 25 19 0 0 8 0 0 38 0 0 4 0 0 16 0 4 0 0 26 8 42 36 19 0 15 22 0 26 0 35 48 0 0 0 0 49 0 0 0 0 0 0 17 39 14 36 35 0 7 12 0 26 21 9 14 0 0 0 5 50 44 16 0 17 0 0 18 0 0 38 0 17 0 0 1 0 48 1 13 43 30 0 0 0 0 0 31 50 35 0 0 0 25 36 24 45 0 17 5 0 
0 46 0 0 0 22 48 0 0 48 0 0 50 0 0 19 0 0 0 28 26 23 0 0 0 0 0 0 0 31 32 22 36 49 16 0 0 19 14 0 2 0 0 44 0 0 40 14 34 25 0 0 0 37 0 21 48 26 0 0 0 0 44 8 0 18 0 0 30 0 0 50 9 0 9 0 19 0 0 30 0 34 47 38 13 0 0 26 20 21 0 4 0 35 0 22 0 8 0 40 11 15 31 13 9 44 2 41 0 47 29 0 8 0 0 0 0 13 0 0 40 0 4 15 18 
0 7 18 0 0 44 0 8 0 45 42 0 25 10 33 17 21 0 46 0 0 12 0 22 29 15 5 26 17 0 0 4 0 0 0 19 34 40 0 33 0 40 49 7 0 0 0 11 0 37 0 33 38 0 0 0 47 3 5 0 0 0 7 25 7 0 35 0 12 0 0 7 46 0 0 0 14 3 35 0 14 0 5 0 19 0 30 0 25 20 8 0 0 50 0 23 0 22 3 0 11 8 0 14 0 0 28 0 0 48 3 0 12 24 0 0 0 0 0 12 0 0 34 15 
18 34 18 13 23 0 0 0 0 0 0 7 39 19 0 0 0 5 0 0 0 0 40 5 24 39 0 40 0 20 0 0 0 0 0 7 0 0 0 18 0 10 21 0 44 43 1 0 38 50 0 25 37 16 20 0 44 0 46 0 24 0 0 0 0 0 0 0 4 0 0 32 3 15 0 0 0 37 3 0 0 20 0 0 32 14 12 0 0 48 24 0 0 42 35 0 33 0 5 38 0 0 0 49 4 0 28 0 0 0 29 12 0 48 0 6 33 41 33 18 22 0 0 
0 3 32 0 49 8 41 35 29 11 20 26 0 16 44 0 0 0 45 43 0 0 38 4 36 0 43 8 0 0 0 9 5 0 48 0 4 0 37 32 24 0 0 0 0 32 13 0 0 0 0 21 8 21 7 0 0 0 0 0 44 0 0 28 0 0 0 0 41 42 0 0 28 0 0 1 16 4 0 16 22 33 18 0 0 4 11 30 43 45 0 22 41 0 30 35 0 44 26 0 0 0 46 2 8 50 0 10 0 0 0 0 47 0 0 0 9 0 47 0 0 0 
35 0 0 45 1 17 0 0 0 48 33 7 24 50 0 42 21 17 0 35 0 0 0 14 0 17 0 0 34 7 0 14 0 0 0 48 0 25 0 30 48 0 32 48 0 0 32 0 0 0 0 0 0 0 30 0 0 0 11 35 0 7 25 48 50 0 0 0 0 0 0 30 17 0 18 0 50 50 0 0 20 17 0 44 0 0 0 10 0 35 0 50 43 0 0 33 0 0 19 1 0 0 7 45 0 22 0 0 0 0 33 29 11 0 13 0 1 21 23 0 47 
48 11 25 42 38 0 42 0 0 0 46 37 35 15 32 0 0 0 3 33 37 0 0 41 32 0 0 4 15 0 37 0 40 0 0 0 36 0 49 22 17 27 0 0 0 1 15 0 16 11 0 20 0 17 0 26 30 0 13 0 0 0 0 0 49 20 4 5 0 47 50 8 49 2 0 6 4 8 5 9 0 3 14 0 16 0 0 34 0 0 28 0 6 21 11 2 17 46 0 0 0 3 9 0 12 0 0 0 0 0 10 25 0 0 0 46 43 0 3 0 
0 14 40 39 26 28 11 11 13 0 0 1 0 0 0 14 0 0 0 20 0 19 23 31 17 38 0 24 0 50 0 0 23 18 46 25 38 14 24 20 0 41 0 15 0 0 0 10 0 2 22 46 0 0 0 46 0 2 6 46 0 0 46 0 6 25 6 35 0 40 19 0 9 4 49 47 0 5 31 33 48 48 21 26 16 10 36 0 0 44 50 12 0 0 49 41 16 0 0 0 23 0 37 38 28 0 0 0 0 25 0 50 0 1 0 12 0 0 20 
0 19 0 0 1 4 27 45 16 0 45 0 27 8 0 22 0 0 0 31 25 3 30 44 0 0 18 30 50 0 49 28 0 0 0 5 0 10 22 14 17 25 34 0 19 0 33 0 15 39 37 17 36 0 21 48 8 13 48 0 22 0 0 0 0 0 42 0 0 14 0 0 14 19 25 10 0 0 0 0 0 14 50 22 0 0 0 39 0 0 0 2 18 36 0 0 0 0 43 0 45 6 0 0 0 0 6 18 48 7 0 0 30 0 0 36 36 48 
0 0 0 5 0 16 42 0 0 3 25 9 4 50 11 0 0 0 37 5 0 17 0 22 16 0 24 0 0 14 10 0 0 15 0 21 16 0 24 0 34 0 43 30 0 0 49 0 44 11 0 14 28 0 0 0 0 3 7 0 0 0 0 0 42 24 0 0 32 0 0 15 0 0 18 0 45 0 0 0 0 0 16 18 5 0 3 8 42 0 0 47 0 17 8 42 25 7 21 50 33 43 0 43 0 0 48 0 43 0 31 41 50 0 42 35 0 
0 30 45 25 0 47 50 4 0 0 30 0 18 36 0 0 0 29 0 12 33 0 0 34 0 0 0 0 45 0 31 0 21 0 0 16 25 0 0 50 0 17 36 27 0 10 26 0 0 38 50 40 21 22 0 7 0 15 0 0 8 0 0 38 19 0 13 48 37 0 40 34 15 0 0 30 0 24 0 0 2 46 39 0 0 39 21 0 47 33 13 0 0 16 28 0 0 14 32 0 0 0 0 0 39 13 0 45 0 30 0 40 26 1 12 14 
0 20 0 0 32 24 0 27 9 8 0 0 0 0 0 0 49 23 0 0 0 0 29 0 34 0 22 45 45 48 23 0 35 0 0 0 26 39 46 28 0 47 6 0 0 0 12 0 10 9 39 0 0 0 33 43 0 7 0 0 0 10 0 46 8 14 0 0 0 0 0 0 23 0 0 0 0 42 17 0 0 4 0 0 0 0 17 32 40 50 1 0 40 23 0 27 11 36 13 0 30 42 0 0 0 0 0 6 34 34 41 0 6 0 50 
43 32 0 0 27 0 0 0 31 22 0 48 10 18 0 0 42 20 0 0 0 15 46 0 0 31 0 0 47 29 3 0 0 2 0 0 37 24 46 0 7 31 0 7 2 17 20 24 15 0 0 0 13 0 0 28 0 1 21 0 0 14 0 46 0 0 0 43 0 0 0 0 41 12 0 0 28 0 0 0 24 0 28 26 0 19 0 0 32 0 37 47 0 0 8 43 5 0 28 23 0 0 0 0 37 0 0 12 19 8 0 45 27 22 
18 0 45 0 25 43 0 10 9 0 5 0 45 0 0 0 25 26 4 0 0 0 34 0 33 0 31 17 39 0 36 0 46 0 14 44 0 38 37 20 0 40 3 0 0 34 37 0 3 29 6 29 0 0 0 0 0 24 43 0 0 0 0 15 0 14 0 12 35 38 11 38 0 36 4 36 41 0 0 24 29 14 40 22 6 11 48 11 20 0 0 0 40 45 28 0 0 24 41 0 17 0 26 0 41 50 25 0 0 49 8 35 0 
12 22 36 10 47 0 0 18 42 0 0 40 0 0 8 22 0 46 41 28 38 18 0 0 0 29 20 0 19 49 0 2 0 29 0 0 3 15 0 23 35 20 50 0 0 0 41 0 3 18 38 0 43 0 0 46 36 0 0 38 0 0 49 0 6 0 0 0 25 0 0 0 0 28 24 0 3 0 28 21 0 14 40 50 36 1 0 23 0 49 11 27 0 6 0 0 12 50 18 46 2 0 0 0 23 0 0 0 0 0 10 0 
0 43 0 1 8 13 0 32 35 11 44 0 0 49 0 36 14 45 31 41 14 25 9 0 0 0 20 0 0 0 11 43 19 0 16 0 0 24 0 26 1 0 40 0 18 0 42 0 0 0 18 0 7 0 0 27 0 0 14 0 0 0 5 23 47 25 0 0 0 40 6 3 31 46 6 32 0 21 32 2 0 0 0 44 0 13 0 0 0 48 0 29 31 6 0 10 0 27 0 0 29 0 0 17 22 0 0 0 0 15 0 
0 0 0 29 0 33 0 28 0 48 0 0 30 17 49 15 21 0 0 18 35 12 0 10 13 0 46 0 0 0 0 0 0 20 11 44 13 0 24 0 0 0 0 0 0 0 0 22 6 12 29 29 4 0 0 0 22 0 0 26 32 12 38 35 37 0 0 0 0 0 4 9 35 0 0 44 9 0 3 45 0 0 0 0 24 5 13 0 2 0 0 0 0 32 13 0 19 0 0 13 0 0 0 10 40 23 0 30 0 0 
0 0 23 0 0 0 15 0 33 40 0 0 3 0 21 0 13 0 0 0 0 3 45 0 0 41 0 7 31 0 0 12 0 0 43 0 0 38 34 4 45 0 0 25 0 0 0 0 0 0 12 36 0 0 30 44 11 20 0 0 17 18 0 0 2 14 0 0 0 25 34 0 25 3 8 0 0 5 0 15 0 35 0 11 0 12 0 0 6 0 31 50 0 1 0 27 18 33 50 7 0 14 35 10 9 0 0 0 11 
15 0 17 9 0 8 0 0 2 27 14 0 0 28 0 3 0 0 0 4 0 49 0 32 0 13 0 0 0 34 48 0 46 0 15 0 0 0 32 0 40 0 0 25 1 0 0 50 0 0 0 47 0 0 47 0 40 0 9 21 8 0 12 8 22 29 13 44 0 0 49 25 40 0 41 11 0 0 0 42 0 8 0 37 0 20 0 27 0 43 0 19 34 0 0 0 0 0 40 11 15 19 0 0 38 36 36 0 
8 6 25 18 24 0 4 0 20 0 12 16 8 0 0 25 0 0 13 13 0 0 44 8 41 4 41 50 18 32 35 0 0 41 0 19 25 9 0 4 0 0 24 6 0 40 0 0 0 44 44 0 0 7 7 34 44 0 0 42 43 45 0 0 0 45 30 42 41 0 28 0 42 44 0 0 47 0 16 5 9 37 17 28 26 40 0 0 0 0 13 33 0 0 0 0 25 0 28 0 0 0 0 0 13 0 15 
40 11 0 0 37 38 0 22 22 39 35 9 26 0 0 0 18 16 0 0 28 18 0 36 0 16 35 10 0 0 0 0 5 0 0 0 18 0 0 0 0 0 6 18 45 0 37 0 0 0 0 39 31 34 28 43 30 6 0 3 0 0 41 36 15 44 0 14 0 18 17 0 0 0 0 0 0 0 0 0 0 13 0 17 18 36 11 0 0 10 22 0 0 0 6 46 3 0 48 0 30 5 0 0 27 41 
40 33 11 42 12 40 0 32 0 7 0 0 49 17 0 14 43 0 0 18 40 40 0 30 0 10 0 0 0 38 0 27 20 0 45 0 2 46 0 0 0 5 0 48 7 0 16 2 39 0 0 9 18 5 0 0 0 11 0 0 10 0 0 8 24 5 5 42 46 45 38 4 0 20 28 0 40 16 37 26 0 4 0 0 0 47 27 32 43 24 25 0 0 0 0 0 0 0 0 0 0 44 0 41 0 
1 31 37 0 38 38 34 24 13 0 34 0 13 35 27 0 23 29 33 49 7 0 0 30 33 0 16 46 21 41 0 19 0 34 48 37 13 0 0 0 0 37 0 0 0 8 0 2 0 46 23 34 5 45 0 20 15 0 30 36 35 0 0 35 0 0 40 44 18 0 11 12 36 47 0 35 44 24 0 0 0 0 26 0 0 25 50 25 0 19 7 1 31 3 32 35 0 48 0 0 0 0 0 30 
7 4 0 34 4 0 5 3 14 0 37 0 0 40 0 16 20 48 0 0 24 26 8 37 0 29 0 27 0 29 0 0 23 17 0 0 0 43 39 0 22 0 50 29 0 35 0 0 0 5 42 0 0 0 20 0 36 30 33 0 0 0 0 0 48 20 0 30 0 0 32 46 27 0 5 0 0 39 24 47 6 36 0 0 32 26 44 4 0 11 19 18 45 30 0 34 40 0 39 30 16 30 18 
7 42 0 0 20 30 31 48 0 0 18 25 7 0 0 0 0 0 0 0 0 48 0 16 28 27 0 0 37 0 43 22 38 0 33 0 0 2 0 0 16 0 6 46 0 0 0 0 35 0 9 0 3 0 21 31 15 0 46 0 20 0 0 28 22 0 0 0 0 47 7 19 42 0 0 15 0 0 0 39 33 0 0 0 0 24 0 27 0 0 31 0 0 35 19 13 0 23 0 12 0 0 
0 0 0 21 47 1 0 6 0 0 6 0 42 0 0 0 2 0 0 0 0 0 0 12 0 0 47 0 25 0 0 0 0 0 19 21 31 15 0 0 8 11 0 0 29 0 32 0 29 0 49 0 14 0 0 0 4 34 17 37 0 11 20 21 0 38 5 0 30 0 31 4 31 0 22 0 36 0 12 43 0 0 29 0 0 0 0 9 46 36 19 0 39 12 0 41 36 21 0 0 20 
0 0 0 34 39 0 1 28 0 42 0 3 40 0 21 16 0 0 10 0 4 35 43 49 0 12 15 37 14 0 41 46 0 0 0 34 30 21 0 7 0 0 0 40 1 0 23 0 30 3 44 0 0 23 0 0 0 0 0 13 25 0 0 36 0 26 0 44 12 30 0 28 5 14 26 15 0 21 0 23 0 0 36 0 17 29 0 5 39 48 0 30 0 0 8 3 42 0 0 0 
0 45 3 44 25 44 0 0 25 18 5 45 0 0 0 0 0 28 0 0 0 8 0 2 0 12 0 0 0 30 0 0 0 2 20 13 0 0 46 0 35 0 23 0 34 0 0 44 9 0 0 3 0 33 0 0 15 42 50 33 0 0 0 41 0 35 0 8 37 38 18 35 9 0 0 8 46 28 50 6 28 0 29 0 33 31 30 11 20 6 21 0 0 26 0 0 31 13 20 
28 0 0 7 0 37 0 30 0 38 38 29 0 25 0 14 39 0 0 41 0 22 23 16 16 31 49 0 40 5 0 41 47 45 4 0 0 39 27 19 34 0 20 0 0 0 0 0 22 0 0 0 0 11 45 0 8 13 0 19 0 0 0 0 0 0 0 2 0 35 47 15 23 32 0 44 0 9 0 0 21 0 28 9 0 0 2 0 0 0 1 0 0 19 0 0 0 0 
15 0 48 0 18 5 0 47 9 11 0 0 12 33 0 14 33 2 0 33 0 0 0 11 26 0 0 48 30 40 48 20 23 10 37 38 39 15 0 0 0 0 21 37 16 0 35 0 26 26 7 47 0 0 0 4 5 25 8 30 0 0 0 13 24 0 0 6 1 30 49 0 5 0 50 0 0 0 0 0 16 0 21 21 0 0 0 0 50 40 13 43 30 44 0 38 0 
27 50 0 15 36 0 0 29 0 0 48 0 0 8 44 0 15 49 0 0 0 40 0 0 0 0 17 0 39 3 0 35 24 49 0 0 3 16 0 35 0 0 0 27 0 49 0 0 0 16 0 24 0 0 0 0 0 40 0 26 12 0 0 0 0 5 24 0 0 6 0 0 2 38 0 0 32 40 0 0 0 18 28 34 29 0 28 32 15 0 12 19 16 9 0 34 
18 0 5 23 1 38 0 0 0 3 0 45 24 0 23 0 49 20 30 11 15 0 7 0 0 0 35 18 0 16 50 41 8 26 38 41 44 49 48 48 0 24 0 12 29 9 37 27 17 0 0 0 4 0 0 41 34 22 0 45 13 8 8 0 10 38 11 32 0 34 0 19 24 48 0 0 0 14 49 0 17 11 41 22 31 30 0 49 25 8 0 0 46 0 0 
46 11 0 0 0 0 0 7 37 0 0 45 49 3 13 0 28 0 45 40 27 42 10 18 0 0 24 0 4 25 0 0 0 0 46 0 0 8 0 0 6 0 13 30 0 16 13 0 0 26 5 0 22 5 0 0 0 0 18 20 3 0 0 1 0 0 25 0 0 0 0 0 2 0 22 0 0 48 10 8 34 8 20 34 10 46 28 0 21 11 3 0 0 0 
38 0 45 8 14 20 5 0 50 0 0 0 30 16 0 0 30 0 21 0 0 0 0 0 0 0 0 49 0 6 0 0 40 0 50 45 0 26 0 0 22 47 41 44 6 0 20 0 33 35 29 15 39 0 39 3 0 47 0 0 0 3 0 2 2 0 32 41 15 2 0 10 2 0 7 42 29 5 22 0 23 44 0 0 0 37 0 0 49 0 0 0 21 
0 16 29 20 0 12 30 0 0 0 0 24 0 10 0 0 0 0 23 0 21 47 8 2 14 0 3 48 41 0 19 42 0 0 0 12 0 25 0 18 23 5 0 0 32 0 18 32 0 0 13 0 41 0 49 41 48 45 13 0 40 0 0 0 0 18 0 0 17 19 47 0 1 49 34 32 0 0 39 22 41 0 0 43 0 0 0 7 0 0 9 11 
0 30 0 19 0 10 14 0 5 0 0 38 0 38 3 11 0 0 32 21 0 0 0 0 0 33 0 44 5 18 0 34 43 0 5 30 3 31 40 48 0 0 0 0 33 0 36 0 39 0 0 0 35 39 0 35 23 41 0 23 50 42 0 0 9 11 0 38 0 0 6 0 15 0 30 47 45 0 0 0 17 0 7 0 0 0 21 14 5 0 0 
0 32 0 19 24 0 1 0 44 0 44 0 49 16 34 0 30 14 0 0 0 0 2 23 41 9 0 23 0 0 22 0 0 0 0 0 14 36 0 25 31 0 9 4 39 8 33 33 2 0 0 22 10 0 3 0 0 0 0 0 0 0 26 0 31 0 0 37 0 0 0 0 0 0 0 34 0 0 0 0 0 0 1 31 0 44 0 42 0 10 
33 23 4 22 9 2 42 26 0 34 0 6 0 40 0 33 0 0 4 0 0 39 0 19 5 0 0 39 0 11 20 24 0 16 0 0 0 0 0 0 1 0 26 0 48 35 0 4 48 17 0 10 42 0 46 16 39 47 35 30 12 0 0 0 0 0 29 0 12 0 44 14 0 0 0 0 30 37 27 40 0 0 0 0 0 42 31 0 0 
11 48 32 20 44 46 0 23 17 0 40 0 0 0 50 33 0 0 46 23 11 27 0 8 17 47 0 0 5 0 17 12 9 0 0 36 34 0 0 0 40 21 0 37 41 14 3 36 7 49 0 23 0 0 0 0 27 9 45 29 2 20 0 0 50 47 49 9 0 4 18 0 0 47 0 21 0 7 41 11 7 34 14 0 2 0 0 19 
45 22 38 0 50 0 0 33 24 14 34 28 9 4 4 0 14 7 0 0 0 44 0 32 5 0 31 48 15 0 0 0 44 0 0 11 34 36 8 0 0 5 4 13 19 0 10 0 0 0 45 13 0 50 20 0 0 0 21 1 42 16 5 17 30 0 0 0 0 0 0 0 0 0 0 49 0 3 22 0 19 0 40 0 32 22 17 
38 0 24 0 42 28 36 0 40 0 0 0 6 18 48 33 35 19 18 0 0 48 46 9 4 0 0 19 11 0 0 10 40 42 0 0 8 47 7 0 8 0 0 33 0 49 0 34 2 0 0 0 0 0 2 0 0 0 35 29 0 0 40 39 8 0 35 0 0 0 0 37 19 0 7 3 43 2 17 8 0 0 2 38 0 47 
0 0 0 0 8 0 0 0 11 0 0 0 0 0 5 0 20 0 2 3 39 0 30 34 27 0 0 0 0 22 21 0 34 39 21 21 30 0 0 2 44 25 0 23 0 0 46 16 0 0 10 0 0 35 0 32 13 41 0 0 31 17 0 0 21 4 0 16 0 0 12 0 0 0 32 6 26 50 42 0 15 0 8 4 3 
30 36 0 28 29 0 12 0 32 37 44 19 11 12 34 26 19 32 0 17 0 0 41 0 0 0 49 47 33 49 26 0 0 47 40 25 17 6 44 0 29 39 4 49 0 37 0 0 50 3 34 0 41 0 0 0 0 0 0 36 0 0 23 0 21 0 23 41 39 0 42 21 0 0 40 0 0 28 0 0 0 2 37 0 
0 5 39 36 0 35 0 0 23 0 45 17 0 0 49 0 0 14 0 0 0 11 7 16 36 37 0 9 0 0 0 12 6 28 0 0 0 0 0 49 0 10 0 0 0 34 0 24 21 14 0 15 0 0 0 29 0 0 0 0 9 25 22 0 50 40 45 0 0 0 17 0 0 0 24 27 0 0 0 0 45 10 30 
0 38 0 31 3 0 34 0 0 0 0 0 38 26 5 15 0 43 0 14 24 41 0 0 38 0 33 11 46 16 3 2 1 0 10 42 0 0 0 0 36 16 23 0 0 20 0 1 14 49 0 30 34 31 29 0 31 42 30 26 2 18 26 31 0 0 6 0 16 13 30 28 17 0 0 7 0 0 0 0 6 0 
0 0 50 0 25 0 0 28 36 0 47 0 26 0 45 0 31 18 25 16 12 0 0 32 42 0 50 6 11 0 0 44 8 0 41 42 0 26 0 47 0 0 47 0 0 42 41 0 0 29 0 0 0 1 18 50 0 0 6 42 0 27 0 15 9 27 37 0 44 30 0 43 0 49 21 36 19 43 0 0 0 
0 0 0 0 37 0 12 0 9 27 28 0 0 33 0 21 49 5 21 0 0 0 0 0 4 48 0 40 37 3 49 0 45 0 3 0 0 0 0 0 21 0 0 19 5 4 30 44 0 0 21 34 1 0 0 45 0 0 0 31 0 0 32 0 30 0 24 37 47 34 9 0 0 5 0 0 8 0 0 0 
0 12 9 11 0 0 19 0 0 0 25 0 0 14 1 0 25 31 0 15 0 44 19 0 22 14 0 35 12 0 0 41 0 0 10 27 6 0 0 29 27 39 44 28 0 47 0 37 15 0 0 0 25 39 40 9 0 2 0 35 0 48 18 0 0 35 5 32 32 0 0 20 40 23 0 14 0 19 0 
23 42 0 39 6 0 22 45 0 42 23 0 0 0 26 14 33 0 0 0 23 39 46 15 0 0 0 40 12 0 0 25 0 2 14 18 14 0 32 0 0 0 0 16 0 31 0 0 0 0 46 0 14 0 0 6 36 0 42 0 0 0 0 0 0 18 0 0 19 0 0 23 47 26 0 0 17 0 
40 42 0 0 0 45 0 0 7 0 24 44 0 0 43 4 0 46 0 0 2 1 41 0 0 44 29 0 25 0 34 0 37 41 24 14 0 0 0 0 0 2 0 31 11 0 0 50 6 0 47 50 0 14 0 29 0 0 48 39 44 0 32 0 39 0 0 0 1 0 0 0 44 0 34 0 5 
0 39 0 1 0 44 46 21 28 36 22 0 0 15 20 0 32 9 40 26 17 0 37 0 0 0 0 1 0 0 36 31 0 0 50 39 3 0 0 0 27 4 36 0 27 0 0 49 19 35 0 16 0 41 29 46 3 0 28 12 10 0 0 35 36 29 2 0 1 3 0 8 1 0 0 0 
0 42 34 37 0 0 30 0 3 0 0 0 35 0 0 0 0 14 0 14 40 0 0 0 44 0 0 0 13 41 0 0 0 0 0 26 20 17 0 0 4 0 0 34 0 0 0 35 0 0 17 18 2 15 13 25 0 0 3 49 0 0 14 0 0 0 0 0 0 24 0 49 28 0 24 
20 31 0 0 31 0 36 8 20 0 41 0 0 9 44 2 0 0 22 0 0 0 3 7 0 6 40 0 39 4 0 8 0 17 29 0 0 0 31 0 22 20 0 4 0 46 0 0 0 25 0 0 37 0 5 16 13 1 31 32 0 0 41 13 41 0 0 0 24 10 0 50 37 0 
38 32 17 43 0 0 2 0 49 6 1 0 10 0 48 0 32 0 0 0 0 26 0 0 0 0 0 0 0 42 5 0 6 0 0 13 13 0 0 14 49 38 8 34 25 2 7 27 7 36 27 0 30 14 0 0 31 0 0 23 0 36 31 7 47 0 10 0 0 0 16 0 14 
8 0 0 0 44 0 0 31 0 0 0 0 47 16 46 0 0 0 49 12 7 20 0 26 0 0 6 0 0 27 0 13 35 0 22 0 0 38 9 0 0 0 0 22 3 0 40 1 23 1 0 27 18 13 21 0 42 30 0 2 31 31 0 0 0 0 0 23 0 0 34 49 
0 15 0 50 0 0 36 0 45 30 35 42 12 37 0 0 0 0 2 6 0 44 0 8 0 18 0 0 16 0 0 0 8 39 9 0 4 0 12 38 2 18 37 36 0 0 38 0 36 4 18 48 0 45 0 44 0 46 14 0 4 0 0 49 35 19 0 0 49 0 0 
0 0 0 0 21 40 0 45 0 19 7 38 39 21 0 0 31 0 0 0 36 0 39 0 34 0 0 30 40 45 3 50 42 48 0 31 26 47 33 0 27 34 36 0 38 14 8 28 0 47 0 42 4 36 0 0 0 0 35 0 0 0 16 0 30 0 0 0 0 30 
0 0 30 10 1 0 0 43 0 0 0 0 4 0 0 0 44 8 22 0 0 0 0 0 27 20 34 0 49 21 0 33 0 3 0 35 0 0 0 42 0 24 45 0 0 32 7 16 0 29 11 29 0 34 0 42 0 0 14 31 3 36 29 0 23 0 31 0 33 
47 0 46 0 8 23 0 3 0 0 13 0 32 0 0 0 8 28 34 8 0 30 11 0 30 0 0 0 46 0 0 12 19 0 39 26 29 0 0 30 29 0 0 30 0 24 0 0 0 38 0 0 0 8 2 17 6 0 0 0 0 36 25 37 0 0 0 36 
37 0 19 31 49 0 41 36 0 4 0 45 4 50 48 0 0 50 22 47 36 4 0 39 9 0 21 6 34 12 6 0 28 8 0 0 10 47 45 30 29 0 13 0 43 0 0 0 17 9 0 3 0 10 42 18 28 0 0 0 14 1 13 2 0 0 43 
39 0 24 0 29 14 0 27 45 0 13 34 15 0 0 0 0 0 0 0 43 0 37 0 30 32 10 0 0 0 9 4 22 0 0 0 8 0 0 0 26 0 32 0 0 22 0 0 41 15 7 0 0 0 39 0 4 0 0 48 36 12 15 0 0 0 
7 0 0 0 30 21 0 0 1 31 0 28 38 35 36 37 0 0 50 36 0 36 0 31 6 0 0 17 14 1 0 0 0 0 18 29 0 34 46 0 0 50 4 0 29 3 0 24 0 16 0 0 50 0 41 14 34 23 0 9 0 18 15 0 0 
32 0 0 28 0 44 37 0 20 39 30 29 0 0 6 17 0 23 40 0 42 28 35 6 37 45 47 0 39 0 0 0 0 43 14 8 1 0 18 23 41 0 0 31 0 4 0 4 46 35 0 24 0 23 0 11 0 15 0 0 0 21 35 5 
11 0 0 2 50 0 0 0 0 18 2 17 0 50 0 0 15 28 0 0 0 6 17 12 0 6 43 23 23 0 35 0 30 0 0 23 0 12 0 44 24 42 0 0 19 0 44 0 0 13 0 0 14 0 28 0 0 0 42 0 0 12 0 
0 9 35 0 36 36 0 0 0 0 0 0 0 0 0 24 0 0 0 6 43 44 41 11 15 7 0 42 42 38 0 26 0 0 48 0 48 0 0 26 22 22 8 40 12 0 1 0 0 0 0 19 39 0 3 0 0 12 4 0 0 0 
0 11 0 0 10 44 20 0 7 0 5 44 34 0 12 14 38 21 0 0 43 8 35 0 10 0 44 40 26 25 26 5 38 0 42 0 0 24 9 0 0 0 39 0 50 0 0 3 0 0 0 9 0 32 0 26 0 31 45 36 23 
41 0 39 28 39 22 0 0 0 42 0 0 0 0 0 44 0 0 0 23 0 5 0 0 43 0 15 0 0 0 0 0 9 7 7 36 5 18 0 4 15 47 23 5 22 0 0 49 0 42 19 29 30 38 0 0 4 17 0 0 
10 0 0 34 3 0 20 0 0 0 9 44 0 0 0 0 24 0 0 3 43 38 0 2 0 0 7 44 42 38 30 0 0 22 44 26 47 15 0 12 40 40 35 11 45 0 0 0 10 0 0 0 0 0 0 0 28 0 45 
17 0 0 0 0 0 19 47 0 45 28 0 40 0 0 0 32 7 44 11 40 0 6 17 33 0 46 33 0 46 0 24 0 42 32 0 0 0 23 0 0 49 36 11 0 3 0 43 36 44 3 24 0 0 9 0 32 0 
4 44 31 0 33 0 0 0 0 0 32 17 13 1 3 0 35 18 20 29 44 0 0 7 0 45 22 18 39 5 39 0 0 27 12 0 49 0 0 19 30 0 0 16 17 0 0 0 43 43 46 41 0 7 38 12 31 
16 0 0 0 5 25 36 0 0 15 10 0 0 0 1 0 0 28 0 36 0 48 2 41 0 48 0 0 0 13 0 40 41 0 0 1 23 7 7 44 0 47 13 0 9 49 10 45 0 47 10 23 0 9 0 23 
0 0 0 0 0 35 37 7 8 0 13 0 0 0 0 45 0 0 43 0 47 0 50 0 19 0 0 0 0 0 39 0 35 23 11 25 19 0 50 38 3 23 45 6 30 21 43 13 0 0 0 0 40 25 20 
10 1 27 21 43 0 50 0 0 0 27 0 0 16 0 0 44 27 17 0 40 0 37 25 0 0 20 0 13 0 21 0 0 0 25 0 23 0 15 0 0 0 33 31 17 11 0 27 0 41 29 37 17 22 
21 16 27 0 14 27 5 0 0 20 22 30 0 0 9 0 14 12 41 36 4 0 0 40 42 0 13 0 5 18 31 42 30 0 32 0 3 0 10 43 0 0 0 30 7 0 45 43 23 43 0 37 34 
8 42 0 0 22 0 39 0 0 47 0 5 46 0 32 0 0 48 49 19 22 41 39 19 0 42 0 43 15 0 46 0 36 0 0 0 34 41 27 1 12 0 17 9 0 0 0 0 17 0 36 0 
43 5 0 0 0 17 24 0 0 27 3 0 0 0 14 40 50 0 0 39 0 23 0 0 37 0 19 0 46 22 29 0 0 41 6 0 10 12 36 20 41 43 0 29 0 31 50 18 0 0 40 
0 25 26 3 13 0 34 15 29 5 8 20 49 10 22 0 25 45 16 34 17 44 0 48 0 8 0 0 0 14 44 26 41 19 17 9 16 0 38 44 38 0 0 0 28 28 46 9 37 7 
21 49 9 4 0 0 0 27 0 49 28 2 0 43 13 12 0 28 0 0 0 0 0 0 0 0 33 47 0 40 0 0 0 0 27 17 6 22 0 8 0 44 0 0 0 0 0 22 34 
0 0 0 17 26 6 14 12 8 43 0 0 0 0 35 0 0 0 0 0 31 0 0 40 0 22 7 0 0 35 0 0 30 34 36 0 5 0 0 0 0 10 0 49 0 16 38 8 
0 0 9 28 0 18 16 24 9 0 0 0 8 8 46 8 15 7 0 0 33 40 48 39 24 26 0 46 21 0 26 49 7 0 0 40 10 31 46 43 33 25 26 0 0 24 0 
43 0 0 28 5 4 0 0 0 0 0 0 4 13 0 4 0 13 0 33 15 26 0 0 8 0 29 12 0 0 0 35 0 0 20 0 42 14 43 36 30 5 0 14 32 0 
40 0 35 0 0 0 36 0 0 0 0 8 0 0 0 5 0 3 0 0 40 20 49 26 20 29 40 0 38 35 0 0 0 0 0 26 44 41 45 0 45 0 0 5 24 
34 0 0 39 0 4 0 1 0 4 0 35 3 8 29 22 0 40 22 23 50 35 0 5 8 0 4 0 39 0 41 44 0 2 41 0 0 0 0 50 37 0 46 22 
25 14 14 0 0 43 0 0 44 0 47 0 6 22 0 20 24 14 50 0 24 0 0 6 0 0 0 0 10 0 45 0 0 18 9 9 0 0 0 48 0 0 0 
26 0 43 20 0 21 15 19 0 45 0 6 22 26 0 46 0 0 11 0 0 0 50 0 44 0 0 46 0 0 19 0 0 23 0 49 0 0 0 48 0 44 
10 16 0 30 0 0 0 13 0 38 0 0 24 0 42 0 0 43 13 1 0 1 0 0 0 44 7 27 14 37 25 12 8 9 19 0 39 0 0 3 7 
0 0 30 6 24 43 1 0 13 30 0 5 18 0 0 0 9 50 0 0 0 0 35 0 28 14 0 0 0 0 2 48 48 27 16 34 0 0 0 0 
44 44 28 33 0 0 0 38 50 3 0 0 49 0 44 44 0 42 47 0 37 45 0 0 0 29 35 0 0 7 0 49 16 11 12 37 0 0 0 
49 47 0 7 0 0 32 0 14 46 10 41 0 0 3 38 3 38 46 22 0 41 45 45 45 0 11 0 7 1 4 11 0 0 45 44 0 0 
0 0 29 0 4 39 0 21 36 13 16 0 36 0 37 24 0 0 0 0 0 22 19 7 42 28 27 2 50 2 36 0 0 0 48 48 0 
34 0 50 22 40 46 0 19 0 0 0 25 0 0 0 0 39 18 41 0 48 0 23 17 0 0 37 0 0 23 20 1 0 17 0 0 
0 0 27 0 31 0 0 1 0 0 0 12 0 0 1 0 0 0 2 6 29 14 39 20 39 0 42 10 40 0 0 0 13 0 0 
0 0 36 0 9 29 0 26 38 45 0 0 43 0 8 0 25 0 0 47 6 9 0 0 0 0 5 0 0 0 0 0 0 0 
12 0 36 25 42 0 30 16 34 29 0 13 50 12 34 43 0 0 0 29 0 0 0 0 4 6 0 0 0 13 0 0 0 
41 27 50 23 0 0 0 26 13 3 28 0 12 28 0 0 0 0 0 0 8 18 0 0 22 14 37 13 47 28 0 24 
50 0 0 31 2 0 20 44 9 21 0 0 41 0 28 28 0 0 0 50 0 4 0 49 0 8 0 0 0 0 43 
36 0 0 0 0 21 32 8 41 25 0 0 25 9 14 0 21 0 0 20 30 33 6 0 43 0 43 0 40 0 
0 43 33 2 0 0 5 8 1 0 0 0 14 0 0 50 15 0 0 0 0 0 0 10 0 29 0 0 0 
21 0 0 0 27 6 0 0 30 23 11 14 0 46 11 46 0 0 21 17 0 33 29 0 30 0 9 30 
0 32 0 25 9 0 0 0 8 0 20 21 0 0 39 29 23 34 0 0 36 1 0 32 15 0 34 
6 0 0 0 41 38 35 41 0 7 0 26 0 0 0 0 0 0 20 24 0 0 15 5 9 0 
0 43 21 0 29 0 0 25 0 0 12 9 40 15 0 37 36 11 35 0 17 21 28 39 1 
0 0 0 0 0 0 0 0 39 0 44 0 6 0 0 0 2 50 5 26 0 25 0 0 
19 0 0 35 0 0 11 0 6 0 45 0 47 0 0 20 0 44 8 0 2 12 3 
0 30 0 0 0 11 41 22 44 0 27 0 0 27 0 4 43 32 47 0 0 0 
0 14 0 48 44 0 45 2 30 44 0 0 32 0 40 27 24 25 0 13 0 
0 0 0 0 0 7 30 0 0 28 0 0 21 0 0 0 17 26 0 19 
0 45 0 12 0 20 50 0 0 31 0 0 47 0 27 0 4 7 8 
0 0 29 0 0 0 0 0 0 42 35 43 49 0 0 0 44 0 
0 27 16 42 0 0 0 0 0 4 0 0 13 0 2 0 0 
14 0 10 0 0 3 0 0 0 0 26 0 17 49 1 0 
41 0 2 41 14 0 0 11 14 25 23 5 0 46 16 
4 16 18 28 18 0 24 37 0 47 0 0 0 41 
0 0 0 0 0 0 26 21 0 0 0 32 2 
43 0 0 0 33 14 0 30 32 15 9 34 
48 41 0 0 9 26 0 25 0 38 0 
0 0 0 0 5 5 0 24 0 0 
22 0 21 6 6 0 15 0 0 
0 23 0 0 0 28 0 0 
18 13 2 0 31 14 0 
0 0 0 46 49 0 
9 38 0 39 17 
47 0 13 45 
0 0 2 
0 10 
0 

1 11
1 25
1 40
1 46
1 102
1 109
1 132
2 18
2 37
2 132
2 146
2 178
3 26
3 37
3 46
3 66
3 69
3 96
3 152
3 175
3 181
3 193
4 16
4 36
4 84
4 127
4 141
4 147
4 170
4 178
4 182
5 49
5 53
5 67
5 87
5 93
5 118
5 125
5 167
5 182
6 38
6 68
6 89
6 175
7 8
7 16
7 26
7 56
7 67
7 100
7 145
7 172
7 174
8 43
8 60
8 71
8 117
8 182
8 184
9 31
9 56
9 82
9 93
9 98
10 28
10 42
10 48
10 75
10 114
10 172
10 190
11 27
11 32
11 88
11 95
11 154
12 13
12 22
12 37
12 51
12 73
12 99
12 105
12 121
12 140
12 153
12 165
12 178
12 187
12 189
12 191
13 26
13 61
13 67
13 149
13 160
13 161
13 164
13 197
13 200
14 72
14 77
14 82
14 92
14 100
14 119
14 169
14 175
14 184
14 186
15 43
15 49
15 125
15 131
15 135
15 173
15 174
15 181
15 194
16 28
16 41
16 46
16 117
16 173
17 32
17 35
17 36
17 80
17 83
17 91
17 95
17 99
17 114
17 117
17 147
17 152
17 190
18 30
18 74
18 88
18 89
18 114
18 141
18 142
18 165
18 181
18 185
18 191
18 197
19 20
19 40
19 125
19 143
19 180
20 31
20 70
20 75
20 96
20 97
20 165
20 186
21 31
21 123
21 142
21 182
21 195
22 27
22 32
22 63
22 139
23 104
23 170
23 175
24 26
24 34
24 37
24 53
24 54
24 90
24 110
24 111
24 135
25 65
25 179
25 185
26 32
26 93
26 122
26 123
26 126
26 138
27 36
27 68
27 125
27 139
27 149
27 176
27 198
28 30
28 65
28 137
28 160
28 178
29 40
29 54
29 74
29 104
29 118
29 145
29 146
29 166
29 199
30 57
30 59
30 83
30 103
30 112
30 119
30 133
30 136
30 164
30 181
30 184
31 73
31 86
31 197
32 98
32 103
32 142
32 143
32 150
32 155
32 172
32 189
33 65
33 79
33 95
33 157
33 173
34 49
34 68
34 71
34 73
34 132
34 194
35 46
35 86
35 105
35 113
35 117
35 143
35 164
36 162
36 170
36 182
36 184
36 197
37 60
37 111
37 141
37 143
37 160
38 44
38 89
38 104
38 118
38 135
38 155
38 163
38 191
39 71
39 75
39 86
39 88
39 98
39 117
39 136
39 142
39 153
39 157
40 63
40 74
40 88
40 104
40 153
40 175
40 196
40 198
41 122
41 150
41 165
41 167
42 116
42 132
42 142
42 175
42 184
43 131
43 132
43 189
44 77
44 89
44 102
44 108
44 111
44 178
45 68
45 93
45 101
45 113
45 132
45 152
45 161
45 178
46 50
46 59
46 64
46 111
46 113
46 130
46 149
46 167
46 192
47 58
47 89
47 107
47 159
47 161
47 183
47 184
48 49
48 107
48 160
48 168
48 183
49 78
49 128
49 135
50 83
50 103
50 115
50 143
50 156
50 164
50 187
51 77
51 78
51 98
51 192
51 198
52 59
52 63
52 99
52 125
52 160
53 62
53 100
53 104
53 145
53 187
53 194
53 200
54 98
54 101
54 115
54 120
54 144
54 168
54 186
55 57
55 62
55 76
55 77
55 78
55 127
55 178
55 181
55 194
56 109
56 149
56 150
56 173
56 177
57 181
57 198
58 120
58 123
58 179
58 196
59 63
59 64
59 65
59 66
59 79
59 80
59 82
59 118
59 141
59 146
59 161
59 188
60 100
60 139
60 141
60 173
60 183
60 187
61 73
61 74
61 167
62 93
62 100
62 102
62 150
62 177
62 186
63 78
63 84
63 91
63 150
64 123
64 126
64 137
64 146
64 158
64 168
64 183
65 98
65 163
66 67
66 88
66 127
66 142
66 152
66 155
66 195
66 199
67 89
67 93
67 101
67 184
68 84
68 97
68 129
68 170
68 178
69 87
69 93
69 96
69 100
69 117
69 128
69 146
69 161
69 165
69 188
69 199
70 71
70 97
70 117
70 171
70 196
70 197
71 109
71 121
72 77
72 83
72 117
72 118
72 157
72 189
73 89
73 99
73 109
73 123
73 124
74 81
74 100
74 110
74 113
74 163
74 182
75 101
75 112
75 126
75 191
76 81
76 85
76 88
76 111
76 137
76 146
76 176
76 188
77 98
77 180
77 183
77 192
77 200
78 95
78 96
78 99
78 120
78 134
78 145
78 146
78 162
78 188
78 190
78 193
78 200
79 102
79 116
79 128
79 155
79 162
79 168
80 110
80 123
80 124
80 169
80 193
81 113
81 153
81 188
81 189
82 83
82 99
82 115
82 128
82 145
82 160
82 178
82 185
82 194
83 125
83 145
84 103
84 107
84 110
84 118
84 123
84 132
84 195
85 117
85 185
85 197
86 151
86 173
87 94
87 107
87 191
88 200
89 119
89 125
89 147
89 149
90 93
90 120
90 134
90 165
90 182
91 105
91 127
91 140
91 174
92 94
92 138
92 146
92 189
93 157
93 163
93 181
93 187
93 197
94 117
94 126
94 136
94 186
95 106
95 110
95 114
95 135
95 200
96 122
96 145
97 128
97 167
97 181
98 107
98 166
98 175
98 190
99 124
99 133
99 180
99 183
100 111
100 156
100 162
101 141
101 143
101 148
101 156
101 162
101 176
102 105
102 139
102 182
102 200
103 126
104 111
104 129
104 147
104 167
105 121
105 130
105 131
105 146
105 155
105 169
106 138
106 146
106 163
106 180
107 118
107 134
107 178
108 109
108 123
108 147
109 131
109 133
109 160
110 120
110 131
110 143
110 152
110 166
110 179
110 192
110 195
111 129
111 199
113 133
113 163
114 195
116 182
117 134
117 152
117 155
117 181
117 194
118 129
118 155
118 192
119 123
119 133
119 192
119 200
120 169
120 178
120 184
121 154
121 192
122 142
122 149
122 160
122 198
123 133
123 153
123 163
123 185
123 187
124 171
124 177
124 198
125 126
125 153
125 160
125 171
125 174
125 187
126 130
126 136
126 188
127 159
128 194
129 147
129 196
130 133
130 145
130 150
130 157
130 199
131 132
131 137
132 159
132 177
133 165
134 152
134 170
134 179
135 196
136 139
136 141
136 187
137 144
137 152
137 185
137 198
138 155
138 169
138 187
138 192
139 153
139 190
140 147
140 187
141 164
141 174
142 147
142 189
143 186
144 160
146 154
146 161
147 173
148 173
148 180
148 183
149 167
149 168
149 185
149 198
151 158
151 168
151 175
151 195
152 170
152 175
152 192
154 178
155 165
155 169
156 182
156 193
157 184
157 198
158 175
158 191
159 182
160 168
160 181
161 175
161 190
163 164
163 165
163 177
164 173
164 180
164 189
165 181
166 173
166 182
166 192
166 195
166 199
167 194
167 198
168 175
168 185
169 181
170 182
171 181
171 182
172 180
173 186
173 193
174 176
174 185
174 191
175 179
176 178
177 182
177 183
177 194
180 192
181 189
181 190
181 195
182 196
187 196
189 192
190 194
192 193
