200 796 1000

95 104 36 16 58 26 31 102 32 59
105 47 53 67 55 25 65 56 62 32
19 101 11 69 32 77 104 108 48 17
84 54 25 44 92 76 77 104 94 103
109 43 43 41 92 38 82 110 84 27
48 84 66 30 55 29 105 104 39 106
109 107 87 26 107 18 29 49 52 17
17 79 32 47 80 41 108 36 110 97
55 82 77 23 82 91 105 53 23 68
58 13 97 74 33 46 39 34 84 99
50 89 64 52 77 49 56 51 20 106
63 104 101 76 34 34 40 18 98 21
100 110 50 24 59 99 106 11 75 76
88 99 80 43 46 35 32 54 61 59
33 23 41 89 18 71 95 75 63 96
52 96 102 96 35 99 96 34 22 101
69 101 73 100 98 91 89 24 97 27
29 82 71 28 56 29 102 66 71 92
24 16 96 11 40 95 59 62 104 110
109 104 101 47 40 34 108 102 100 34

85 94 26 6 48 16 21 92 22 49
95 37 43 57 45 15 55 46 52 22
9 91 1 59 22 67 94 98 38 7
74 44 15 34 82 66 67 94 84 93
99 33 33 31 82 28 72 100 74 17
38 74 56 20 45 19 95 94 29 96
99 97 77 16 97 8 19 39 42 7
7 69 22 37 70 31 98 26 100 87
45 72 67 13 72 81 95 43 13 58
48 3 87 64 23 36 29 24 74 89
40 79 54 42 67 39 46 41 10 96
53 94 91 66 24 24 30 8 88 11
90 100 40 14 49 89 96 1 65 66
78 89 70 33 36 25 22 44 51 49
23 13 31 79 8 61 85 65 53 86
42 86 92 86 25 89 86 24 12 91
59 91 63 90 88 81 79 14 87 17
19 72 61 18 46 19 92 56 61 82
14 6 86 1 30 85 49 52 94 100
99 94 91 37 30 24 98 92 90 24

25 10 0 0 22 10 16 0 0 19 0 13 0 8 0 0 14 0 0 0 50 37 21 0 7 0 23 21 11 0 16 0 0 0 0 0 0 0 12 0 0 19 10 20 31 0 0 23 0 0 10 18 0 0 41 0 0 0 27 8 0 0 7 0 8 0 0 0 30 0 8 0 0 0 50 9 0 0 22 0 35 30 20 4 39 0 0 29 0 26 22 12 0 0 11 0 0 16 0 0 47 10 16 6 41 0 0 0 0 4 26 0 46 3 49 25 5 0 43 15 37 0 0 9 14 0 15 33 35 32 0 7 0 41 43 0 13 0 9 0 10 0 11 36 12 34 0 0 10 0 18 40 0 35 15 24 0 0 0 0 39 0 44 21 0 25 0 17 28 0 21 43 0 49 49 0 37 9 37 17 22 0 22 0 48 17 6 0 0 0 35 0 25 0 0 12 14 16 0 
0 0 0 0 41 0 14 0 0 12 0 2 22 0 31 11 0 23 0 3 0 50 0 27 5 0 0 0 13 3 41 31 0 10 0 0 0 0 31 18 25 0 0 0 0 0 23 5 0 7 0 5 0 0 0 29 11 0 22 0 38 7 14 0 43 22 0 40 0 0 0 1 2 0 42 27 10 0 7 0 32 0 37 43 0 15 14 0 0 14 37 16 2 0 22 37 13 6 1 34 27 0 42 50 0 0 30 37 0 0 10 34 0 48 27 0 0 0 0 40 32 11 39 0 0 10 41 38 0 9 10 7 2 50 3 13 0 0 0 0 3 23 9 27 32 0 8 0 38 27 31 10 33 40 0 0 34 0 11 40 50 6 39 2 43 0 0 14 0 10 0 0 14 43 0 50 12 44 0 0 4 0 8 15 0 36 25 23 19 34 47 18 44 40 0 12 2 37 
0 9 45 46 47 10 0 7 0 45 47 0 0 41 45 0 36 37 42 0 16 15 31 27 0 12 0 24 0 9 13 43 30 36 41 6 33 0 0 0 9 30 0 0 22 8 0 0 0 12 0 11 42 0 0 17 19 26 3 0 0 0 0 3 29 47 21 0 0 0 0 15 0 0 0 0 0 30 30 8 0 15 0 0 31 14 14 0 9 0 0 0 20 36 13 0 0 0 0 0 0 0 0 0 0 44 41 0 13 10 41 0 40 0 0 29 9 9 0 0 0 0 0 9 7 48 0 0 0 48 0 49 25 0 0 0 33 0 0 0 0 0 39 0 24 0 0 43 28 0 33 0 0 0 2 30 7 5 0 15 20 26 4 0 47 0 9 0 0 21 14 1 0 21 10 13 30 0 38 29 36 40 3 0 0 13 0 0 0 50 9 22 37 5 23 27 0 
3 0 0 42 27 0 0 18 0 0 15 0 0 46 24 39 2 0 0 0 30 47 0 27 16 0 12 0 29 5 0 48 36 0 0 0 16 48 2 0 0 0 8 47 21 20 47 25 0 42 33 14 0 37 0 45 0 44 0 0 0 0 0 0 49 26 0 0 9 0 0 24 14 25 44 0 0 4 9 8 0 37 47 26 0 12 7 44 12 0 0 1 7 14 7 0 0 0 0 14 0 0 50 37 38 26 2 0 17 0 0 0 49 0 0 42 26 24 0 34 42 0 0 18 13 0 0 0 0 42 29 0 16 0 28 0 9 0 18 29 0 2 46 17 21 6 0 40 14 0 44 31 5 0 0 0 0 1 14 2 4 30 0 0 0 29 7 11 18 0 21 0 0 0 21 0 25 0 0 9 0 14 0 0 38 0 0 0 31 0 0 3 45 0 0 0 
0 0 13 10 38 28 34 23 38 0 8 16 0 0 1 0 30 14 41 16 7 37 16 0 0 46 8 25 0 0 0 0 34 0 28 11 40 18 26 0 46 0 50 0 11 0 0 0 7 0 0 0 0 2 44 29 0 25 12 3 30 0 32 0 0 32 0 0 11 0 14 0 0 34 32 0 38 0 40 0 0 0 1 6 26 0 0 0 0 0 0 0 2 0 38 0 31 15 10 0 0 20 34 0 0 44 0 32 18 48 0 47 0 23 0 31 0 35 0 12 0 3 49 0 0 0 0 0 28 6 0 0 0 0 48 0 0 0 46 0 26 0 25 0 0 49 0 0 30 0 41 0 34 8 0 30 0 0 46 39 0 0 24 0 0 0 0 0 9 0 0 50 0 0 0 14 0 0 0 0 42 0 40 0 33 28 0 0 0 3 0 31 0 0 0 
7 39 0 25 13 9 0 0 21 30 37 0 19 5 50 30 20 0 45 16 44 0 0 34 0 45 26 39 0 0 13 1 0 27 7 24 47 0 0 0 20 29 0 0 31 8 0 30 2 43 39 44 0 46 14 19 0 11 0 2 0 0 0 49 47 16 14 12 0 0 49 0 0 33 0 5 18 0 0 0 0 14 0 0 0 0 0 0 22 19 31 0 0 0 7 0 25 0 0 40 32 37 0 44 1 29 18 8 18 46 19 0 46 5 21 4 48 0 0 27 24 26 0 0 0 37 0 27 10 33 0 15 36 47 0 19 25 36 45 0 0 41 21 0 8 0 44 0 0 0 0 37 38 0 0 0 0 7 2 0 0 0 0 20 24 0 0 37 33 0 0 0 49 24 0 22 46 15 0 11 41 23 0 0 0 0 4 0 10 15 34 0 0 0 
0 17 11 27 0 20 0 17 20 16 0 0 0 0 0 37 0 0 0 49 0 27 0 10 46 35 0 6 7 0 0 22 0 0 16 44 27 0 30 0 10 2 0 0 50 0 26 0 9 7 0 8 0 15 38 0 35 0 0 20 0 21 26 0 5 0 44 27 0 23 3 39 8 2 0 0 43 46 48 15 0 40 39 0 22 0 0 0 49 48 31 11 0 32 29 0 0 37 50 0 17 39 30 0 0 0 42 28 15 0 0 7 0 9 20 0 22 0 44 0 8 46 0 0 0 25 0 0 29 44 11 0 11 15 0 33 9 12 39 0 0 22 30 4 2 34 0 9 0 48 0 9 0 20 31 0 6 0 30 0 9 0 0 21 6 21 0 20 0 0 2 50 35 26 36 20 0 0 2 13 2 29 0 41 47 0 28 47 7 7 0 0 0 
0 0 38 0 0 8 30 0 15 6 0 0 0 0 0 0 18 6 31 0 29 0 45 0 48 20 24 10 1 0 0 27 18 17 0 0 0 0 11 30 0 26 27 8 0 32 0 10 0 0 0 23 0 19 0 43 13 15 37 28 20 23 15 0 0 0 33 9 26 27 0 12 0 0 0 22 0 26 0 0 25 0 4 38 0 0 0 0 1 0 0 0 49 47 2 0 32 39 37 0 39 0 0 12 0 0 28 29 0 0 0 0 0 8 0 0 0 0 10 0 0 0 0 16 0 0 0 41 0 0 11 0 0 0 32 30 30 24 3 0 0 9 50 0 0 2 0 0 0 45 24 0 33 0 0 0 0 0 22 0 6 20 0 8 0 0 26 13 28 0 0 36 0 0 0 0 0 0 0 0 0 17 0 0 0 0 0 0 0 0 26 47 
7 0 29 0 0 0 0 12 5 3 0 0 0 31 0 49 0 0 0 49 0 6 0 42 49 3 31 0 31 16 0 39 33 0 0 15 23 41 0 0 0 0 0 41 0 48 0 0 0 0 32 0 24 0 0 0 28 3 40 0 0 40 12 0 0 0 3 47 43 0 18 27 16 23 0 39 40 34 0 9 0 0 0 49 0 15 0 0 40 42 33 0 0 0 0 4 0 0 44 0 0 0 0 0 0 23 0 0 25 3 38 0 0 32 44 0 38 0 13 6 0 26 16 43 27 4 0 0 42 11 28 31 0 4 44 0 0 0 0 35 0 0 0 0 0 0 0 0 28 0 0 0 0 46 0 38 0 0 0 0 14 50 2 16 0 0 0 17 24 0 0 0 49 19 1 37 0 0 0 41 0 14 0 16 31 0 0 0 0 0 0 
4 7 7 3 0 37 0 35 0 0 36 35 21 40 32 0 38 31 16 0 26 0 0 0 0 49 42 28 10 0 18 0 0 3 0 0 0 31 39 38 0 49 18 0 26 0 0 33 4 0 0 30 34 0 0 27 20 22 0 26 24 40 4 50 13 29 0 33 5 0 25 0 1 0 0 0 35 39 43 22 12 12 10 39 0 42 0 3 24 18 0 38 0 39 14 0 49 38 17 0 0 30 2 0 0 0 0 49 0 19 14 37 0 0 0 15 9 21 0 0 8 1 41 40 37 44 0 2 0 8 19 22 0 27 32 17 30 33 29 15 0 19 0 45 6 39 45 0 9 2 0 19 0 20 0 0 48 0 0 0 40 0 44 0 30 10 0 41 22 0 29 21 47 25 0 19 0 29 0 28 3 0 10 0 23 31 0 23 0 48 
5 0 0 0 0 0 0 0 0 39 0 7 43 42 26 0 2 8 20 0 21 39 0 29 0 40 12 30 39 36 12 0 27 0 0 0 35 0 0 0 0 8 0 10 0 12 0 40 40 28 0 0 48 0 26 43 48 37 41 0 0 34 0 0 0 0 25 0 50 35 3 37 24 10 0 0 23 0 23 34 0 10 0 36 0 35 49 0 25 6 9 22 0 50 17 14 41 0 33 0 0 0 12 33 5 23 3 0 29 0 1 0 6 0 47 0 5 7 0 0 0 7 0 2 41 18 0 26 24 0 0 1 17 10 6 43 9 0 0 30 31 1 41 32 31 36 20 0 0 0 3 0 47 0 1 0 0 30 47 0 10 0 0 48 0 46 42 6 19 37 30 28 24 40 29 0 0 0 0 0 0 11 40 0 0 4 0 41 0 
0 2 0 32 0 27 48 9 37 0 0 0 0 0 18 21 10 30 18 0 39 0 0 32 0 16 41 0 0 0 0 27 0 24 4 1 33 48 43 1 0 30 0 0 0 30 25 34 20 34 0 0 0 0 0 4 0 8 31 0 0 42 42 37 0 4 0 7 0 0 32 10 1 0 0 0 0 3 47 0 6 0 27 0 0 1 3 0 0 0 22 0 35 43 36 22 0 0 0 0 9 0 38 32 0 21 11 0 0 27 29 0 0 16 0 0 0 41 16 33 0 40 33 0 34 45 42 43 0 0 0 30 23 10 0 17 23 20 2 10 0 18 0 40 19 0 0 0 35 11 38 3 0 0 2 19 50 0 0 0 33 41 13 11 0 0 0 0 43 3 19 3 0 16 14 25 22 0 0 41 0 39 0 0 0 16 24 18 
21 0 27 47 0 0 50 33 27 10 20 6 24 0 0 36 39 0 0 0 36 42 22 0 0 21 36 0 0 39 0 16 0 29 0 25 49 4 35 36 0 33 46 47 22 38 0 0 0 3 0 0 37 0 5 33 27 28 19 9 42 6 13 0 29 0 38 43 0 13 0 44 0 0 0 44 50 46 14 0 5 10 49 0 16 0 39 0 49 0 0 0 0 0 0 0 0 0 0 0 30 0 10 0 23 0 49 25 41 0 0 4 24 34 2 22 0 0 50 42 47 42 13 49 42 0 43 0 0 29 37 0 24 50 38 0 0 36 2 0 0 44 35 37 0 7 0 23 4 27 50 0 0 0 17 3 47 3 0 0 49 1 12 45 38 32 19 48 0 0 0 40 0 29 0 0 8 44 0 20 37 0 0 38 36 45 0 
0 12 45 0 0 28 44 38 0 38 0 32 45 0 33 18 21 17 14 27 32 0 0 0 6 0 0 24 27 48 1 0 0 0 9 24 8 39 0 10 0 0 0 0 28 16 0 0 0 0 0 0 50 0 0 10 0 36 0 8 27 0 2 48 0 33 0 10 0 37 15 0 0 25 0 40 0 0 0 40 38 0 28 43 0 49 5 13 31 47 12 0 34 0 16 11 9 35 20 0 16 0 0 46 0 42 0 0 0 0 0 0 1 0 0 9 15 0 0 11 29 9 0 17 11 0 0 0 49 49 0 32 0 35 0 38 14 0 28 15 14 0 0 10 0 23 14 18 0 45 0 32 0 8 34 0 11 37 0 46 13 48 2 47 29 26 0 0 10 0 0 44 37 0 41 1 40 39 10 0 0 0 0 28 0 36 
13 0 2 11 0 0 0 10 0 48 21 10 0 0 15 0 0 0 48 0 4 0 6 50 8 0 3 0 0 50 26 25 46 46 14 0 0 0 42 44 0 36 43 0 0 0 10 0 0 0 0 25 13 11 0 44 14 0 0 30 28 0 0 22 0 14 0 41 0 32 16 0 21 9 26 0 0 0 0 0 0 0 42 42 36 0 0 3 0 50 44 48 50 49 0 19 0 36 0 31 7 0 0 4 0 0 0 4 44 13 0 13 0 44 0 0 9 0 0 0 10 0 30 4 0 0 32 0 14 45 8 32 0 0 0 14 19 43 0 37 13 41 0 15 0 0 48 0 0 0 48 0 0 0 3 0 18 0 0 0 32 7 0 14 19 0 27 0 0 23 0 20 0 1 35 13 5 33 13 16 0 27 39 0 28 
44 0 0 40 11 0 0 37 0 0 28 42 42 41 0 0 0 0 12 47 0 0 0 43 0 0 17 0 0 32 30 0 0 43 0 0 50 15 46 0 11 0 0 5 0 0 2 0 0 0 0 0 27 0 48 34 0 0 36 5 0 10 0 34 30 23 0 0 42 14 0 0 1 0 36 19 36 0 0 15 0 22 0 0 7 0 29 49 0 0 0 27 0 25 29 0 0 48 35 45 0 0 49 6 3 34 30 35 29 0 3 38 45 0 0 29 0 31 9 49 50 30 0 0 17 0 0 0 32 39 38 39 36 0 20 0 0 0 0 0 26 0 0 44 0 42 21 0 45 9 0 16 0 0 43 37 34 0 0 0 46 0 39 0 0 0 0 0 0 0 8 0 22 29 0 33 43 50 3 20 39 0 44 46 
0 0 9 10 0 0 0 0 0 38 0 0 0 0 0 19 11 28 0 7 0 48 40 0 2 32 0 21 0 0 0 0 0 0 0 13 25 4 0 47 20 44 0 41 16 11 28 44 0 0 0 0 0 19 41 0 35 8 0 48 35 49 26 28 0 29 0 0 0 17 1 16 0 32 0 40 0 0 0 3 16 11 13 0 0 0 6 36 38 19 14 37 0 0 0 0 0 0 0 2 38 31 0 0 25 12 0 0 15 0 20 0 14 0 43 40 0 44 23 11 0 50 50 0 38 0 0 45 1 46 0 8 0 49 24 30 5 48 0 0 0 10 48 0 0 19 0 31 15 29 4 26 16 28 48 0 36 0 0 0 0 21 24 9 0 50 0 46 0 0 24 49 0 0 0 27 0 33 0 4 0 6 18 
21 24 0 20 27 0 0 35 0 0 0 0 0 10 0 38 0 0 0 0 43 5 26 13 0 16 11 23 0 0 42 0 50 6 0 50 0 0 0 0 0 0 0 0 16 28 0 25 0 37 0 0 0 0 0 0 39 0 1 31 32 4 15 0 0 0 0 0 44 2 0 48 1 0 0 30 0 0 33 14 0 0 39 0 20 34 41 2 21 44 9 48 15 0 16 21 31 0 20 0 15 31 26 26 7 26 13 3 0 31 0 30 0 0 18 0 24 0 35 0 1 20 0 0 0 0 13 0 1 5 49 0 0 12 0 7 0 8 9 0 4 10 0 27 47 0 37 11 0 0 0 35 0 38 0 33 0 0 0 36 0 8 6 25 0 0 0 0 41 0 0 0 26 0 0 0 14 29 0 0 8 0 
0 3 0 49 29 33 0 12 32 0 32 20 0 0 0 32 4 0 50 17 0 15 16 11 7 0 0 34 0 0 14 0 33 0 40 9 45 46 0 14 0 13 0 25 0 0 28 0 37 11 14 14 46 0 4 0 50 0 2 0 18 0 50 0 26 0 8 0 48 0 0 0 0 47 0 0 12 10 6 43 0 0 19 48 0 0 9 0 34 3 15 0 0 0 10 22 0 0 0 11 2 44 0 34 19 0 0 0 0 36 27 8 11 0 0 26 15 0 0 4 0 0 33 0 0 15 0 1 21 0 0 0 0 42 0 3 0 1 0 0 0 2 32 33 0 0 37 44 0 22 37 1 50 0 0 0 3 0 0 47 43 42 12 0 0 30 28 0 21 0 39 0 44 0 19 0 50 40 26 0 39 
34 26 0 24 1 25 8 3 44 0 42 10 0 0 27 15 0 0 0 0 32 45 29 0 42 8 35 7 0 0 0 31 0 0 0 0 47 49 0 0 0 43 0 0 11 17 30 21 10 0 0 20 3 0 0 0 0 0 12 3 5 0 17 7 12 0 19 0 31 20 15 8 0 44 9 0 0 0 18 0 0 0 38 3 0 0 49 0 0 40 46 49 0 0 44 0 2 0 31 38 0 43 0 13 25 48 0 0 28 29 34 0 23 0 40 0 21 0 27 24 12 0 22 24 0 18 0 0 34 0 0 0 0 46 20 0 3 26 49 0 2 37 0 40 33 24 39 0 0 0 13 0 30 45 0 0 0 0 0 38 0 28 25 25 27 0 46 46 1 6 0 38 22 0 20 35 0 0 15 0 
25 29 12 34 35 4 0 49 14 43 0 38 0 0 0 9 0 0 41 36 0 11 0 0 0 3 0 0 15 14 11 0 24 0 23 11 0 34 30 35 0 0 0 2 17 19 38 0 10 34 0 0 38 43 39 39 0 0 0 30 0 42 49 23 25 31 0 0 0 43 0 48 12 27 18 0 36 8 24 0 0 0 15 0 0 39 0 0 0 21 42 0 16 0 4 0 0 47 29 2 0 0 0 0 0 0 0 28 0 16 0 0 6 0 32 7 0 0 0 0 10 39 50 13 41 2 0 0 48 0 0 0 0 11 19 0 0 46 15 23 37 12 14 36 0 0 27 0 0 0 44 0 0 0 21 0 45 0 0 0 47 0 17 0 0 0 50 39 32 0 0 37 0 0 0 33 4 0 16 
0 0 0 18 48 19 0 6 44 45 0 17 17 0 0 29 10 0 48 27 28 38 0 4 41 0 0 0 0 0 23 41 31 32 0 37 2 0 0 30 49 0 50 45 13 37 17 22 43 0 0 0 17 0 0 50 0 11 5 0 0 18 16 18 30 19 0 36 3 0 50 32 8 16 0 22 30 22 1 48 0 15 0 33 12 29 5 48 49 33 0 46 43 0 0 5 0 13 0 23 0 0 0 0 48 0 10 36 25 16 0 34 33 0 0 0 20 14 4 0 30 12 12 0 0 19 0 35 48 0 0 0 28 42 0 26 27 0 0 0 47 4 19 34 29 0 47 41 0 9 47 0 36 0 25 44 11 8 9 25 0 19 0 0 0 23 0 28 0 43 14 15 21 0 49 42 0 46 
7 8 45 24 0 0 0 0 26 0 0 0 0 0 0 8 0 0 0 48 13 0 0 3 33 21 0 32 38 7 0 0 31 0 7 0 5 0 0 0 32 5 36 32 0 24 0 6 0 39 0 21 0 0 50 0 0 46 24 0 0 0 7 0 0 0 0 48 49 42 0 0 0 0 0 9 41 19 0 0 0 42 0 32 11 0 29 32 0 26 11 1 48 0 35 6 31 0 0 0 25 23 7 0 0 0 21 0 47 0 28 0 48 0 0 0 0 5 0 0 0 17 18 0 36 0 0 0 32 0 0 15 0 47 42 47 36 0 45 0 30 35 50 47 0 49 38 43 0 31 45 0 49 14 5 28 50 0 14 0 0 12 23 40 0 0 0 0 11 21 0 1 9 0 0 0 18 
0 0 0 48 23 36 13 9 0 0 0 0 21 0 0 39 45 22 50 2 0 23 36 7 0 0 27 12 0 46 0 0 0 36 24 28 43 0 0 27 0 0 47 0 0 22 0 35 29 0 21 0 0 0 34 7 0 21 0 49 0 49 44 5 32 16 0 18 0 20 37 0 34 27 0 22 0 44 0 0 0 0 37 0 0 24 0 0 0 0 30 25 43 0 0 17 0 8 0 15 0 37 0 0 0 0 31 11 8 32 0 20 26 32 0 0 40 37 23 12 30 2 47 0 0 0 0 47 40 27 0 16 37 0 0 19 0 22 0 35 44 8 29 0 0 0 49 2 27 9 5 0 0 8 0 0 0 5 0 0 0 10 0 0 16 19 0 0 0 0 13 0 36 0 45 0 
0 24 17 41 0 12 0 21 50 38 32 9 0 0 15 34 44 10 15 13 3 6 0 0 0 0 0 0 34 25 15 5 4 11 0 6 0 13 0 0 0 20 0 0 0 38 15 0 0 38 7 0 48 0 0 17 19 0 0 0 0 0 32 0 16 0 13 0 0 37 33 34 47 0 0 0 49 0 0 31 4 3 38 15 13 0 0 41 38 8 35 29 9 36 0 0 0 0 0 0 0 32 0 31 0 0 14 33 0 0 0 0 39 50 10 0 0 44 0 0 0 18 0 19 23 14 41 0 1 0 0 44 0 0 0 15 0 0 33 0 0 4 0 0 0 0 0 12 0 35 34 0 11 1 18 0 14 44 0 6 44 0 0 37 0 36 48 14 42 35 32 0 21 43 0 
0 0 0 13 37 0 39 21 5 7 0 48 7 49 41 39 29 0 12 30 0 0 47 40 0 3 5 0 49 0 0 22 9 0 0 0 10 2 0 33 8 0 0 19 14 14 39 0 4 11 13 44 13 7 0 0 0 0 46 0 0 0 11 49 0 0 0 12 0 1 12 0 14 0 45 0 29 31 8 8 39 29 27 0 18 0 25 13 0 50 0 0 0 11 0 20 23 37 15 21 12 0 31 43 0 0 30 0 0 7 40 31 47 27 7 0 0 0 20 17 12 0 25 44 25 14 0 9 50 0 0 14 0 1 1 37 3 4 0 43 45 0 44 37 37 29 20 0 0 9 49 27 25 35 35 0 50 32 0 1 0 0 0 0 0 0 30 0 43 0 0 45 7 30 
0 0 0 0 33 27 0 12 50 49 0 0 44 25 0 49 35 25 0 10 0 0 35 50 0 0 0 0 0 0 0 48 15 35 0 45 29 38 0 0 45 27 44 0 1 29 5 0 0 0 0 0 8 17 0 50 0 0 0 22 47 0 26 0 0 0 20 0 0 44 26 37 44 0 0 0 14 1 10 0 0 29 0 23 0 0 0 49 0 22 24 23 0 50 0 6 4 50 0 0 42 0 2 0 0 2 20 0 0 31 34 0 0 32 34 31 2 0 16 0 0 0 23 41 0 7 11 0 43 38 0 45 0 18 37 29 10 0 21 0 0 33 25 0 28 26 49 12 47 0 0 17 0 0 33 28 32 49 30 5 36 17 0 18 18 1 6 43 33 24 28 3 45 
0 5 0 0 8 27 0 32 37 0 0 0 39 25 0 0 0 6 0 32 26 4 19 18 37 48 0 0 33 0 18 0 25 49 6 0 23 0 0 0 20 0 10 7 15 3 0 7 0 33 7 0 0 18 0 0 0 39 0 0 0 0 45 0 41 0 0 0 0 50 26 10 0 23 0 0 0 45 47 5 0 33 26 20 7 23 0 46 43 7 6 0 0 0 39 0 18 0 0 0 29 28 0 0 40 9 37 0 0 39 3 40 0 35 35 49 37 13 1 0 18 0 0 0 0 22 33 0 0 0 0 0 0 0 0 0 10 11 36 45 35 0 15 0 0 0 0 8 13 20 27 15 49 9 4 31 44 22 13 32 29 27 16 0 0 27 24 0 39 0 0 37 
0 47 0 0 27 6 5 0 8 0 0 12 0 0 6 29 8 0 0 0 0 28 43 0 22 16 0 0 30 5 0 0 0 36 0 25 0 0 0 40 32 27 0 26 19 0 0 34 30 19 24 0 0 49 37 0 0 35 0 0 8 0 0 46 0 0 21 10 0 21 31 0 0 0 0 4 27 0 50 0 0 12 0 0 0 21 28 29 1 0 0 28 0 41 0 28 0 4 0 0 0 11 29 30 0 5 0 0 0 0 0 13 15 0 0 45 8 0 3 0 0 0 0 19 0 0 29 0 6 11 4 32 25 32 35 0 0 50 0 26 0 27 28 29 0 0 0 3 0 0 0 0 0 1 46 0 37 0 25 8 50 0 48 30 18 9 43 22 0 38 0 
0 0 9 1 34 26 0 6 0 23 46 0 0 14 0 0 0 8 0 42 0 40 0 45 0 12 49 9 0 0 0 5 12 50 14 0 0 0 0 28 0 0 0 25 27 37 0 42 44 0 27 33 36 0 0 12 33 10 49 26 0 0 0 10 5 0 0 0 0 41 3 0 0 0 0 7 6 0 0 0 16 0 0 35 19 0 4 46 0 0 29 24 0 0 46 4 0 42 38 42 47 29 5 11 0 1 30 0 20 4 34 0 0 22 23 0 0 13 48 0 0 0 20 25 43 34 0 0 8 19 49 10 0 46 39 0 0 32 3 0 17 37 33 30 0 49 0 0 7 50 0 0 0 12 0 6 5 27 0 6 0 0 3 0 0 32 9 0 19 0 
41 30 0 38 15 2 0 0 6 0 9 14 0 0 9 46 0 0 10 0 0 17 0 0 0 15 0 7 30 1 9 20 2 25 0 37 21 45 0 0 46 15 13 36 11 38 0 0 0 0 44 34 23 0 50 12 0 0 18 49 0 45 17 5 0 16 5 26 29 18 0 37 6 0 2 0 0 0 12 0 0 40 38 0 42 0 47 10 0 26 0 23 26 43 0 37 44 0 0 32 18 0 0 0 0 4 0 0 0 11 25 0 3 46 50 0 31 43 10 0 31 0 0 35 3 46 0 0 40 0 0 47 0 0 0 0 0 0 0 0 0 0 0 34 9 0 0 36 13 17 11 0 0 0 0 0 13 22 38 0 34 0 27 17 14 50 28 0 35 
0 34 16 49 0 0 8 17 46 3 19 35 0 43 6 0 20 25 47 0 0 32 0 47 31 21 5 0 0 49 45 35 17 15 39 27 29 12 0 0 34 2 39 27 0 23 16 0 42 0 19 0 26 0 0 31 3 20 38 37 0 23 4 44 22 43 0 22 0 0 44 0 0 0 48 0 0 0 0 45 4 19 0 0 0 34 0 8 0 50 40 0 40 0 0 0 0 48 0 28 0 0 21 28 28 0 0 20 20 0 10 0 18 9 24 0 38 48 47 0 0 45 0 0 0 31 9 49 0 0 36 0 0 0 0 0 0 26 0 0 0 23 19 1 42 1 0 30 22 0 0 0 50 31 0 0 9 0 0 0 0 0 0 36 0 0 0 40 
32 33 1 0 34 43 0 0 0 29 0 0 0 23 0 47 0 44 7 11 8 30 0 0 0 0 0 0 40 0 0 0 46 1 0 6 0 0 25 0 13 35 27 0 30 50 0 0 7 5 0 8 0 0 0 15 0 28 42 0 0 0 0 13 0 0 5 0 0 49 38 23 40 0 0 0 8 8 0 0 0 40 44 0 24 0 12 40 10 4 0 0 34 0 0 32 0 18 0 47 0 0 8 36 43 25 0 0 39 0 9 49 0 34 17 1 0 7 25 35 0 0 0 0 0 41 0 0 0 46 45 24 0 0 0 46 0 0 0 46 46 0 0 0 50 0 0 0 43 31 0 0 0 0 50 27 41 0 6 38 44 0 0 0 10 0 27 
16 0 39 0 12 36 0 0 0 0 12 7 0 0 0 16 0 0 4 43 28 0 1 18 0 19 0 0 0 30 0 44 0 0 50 0 0 20 7 26 0 10 0 28 22 43 0 2 0 9 37 0 0 14 0 0 0 0 32 0 28 0 6 32 18 0 36 35 0 6 17 9 0 27 0 43 0 37 0 0 0 49 16 49 18 43 0 0 0 37 0 0 16 1 20 37 0 0 44 22 0 36 12 0 8 7 0 0 46 0 0 27 47 36 13 0 0 8 38 31 49 11 5 45 50 0 0 0 40 13 0 7 38 0 12 24 23 0 23 0 0 0 41 0 6 0 0 13 24 8 31 33 4 29 41 20 0 0 9 49 0 3 49 30 0 9 
28 48 0 6 0 41 0 16 7 43 22 0 0 19 29 0 0 46 14 0 1 0 26 33 14 5 0 1 0 16 0 22 45 46 0 48 7 47 0 0 46 25 33 0 39 0 0 12 0 10 0 0 43 9 0 22 8 29 0 27 3 0 2 36 0 0 46 39 13 0 25 50 20 0 0 33 0 9 0 12 47 34 7 0 9 0 1 25 37 12 0 0 16 0 1 44 44 35 0 35 0 0 36 35 0 5 30 24 0 0 33 0 0 45 29 46 3 0 0 0 0 14 0 0 0 28 43 0 30 0 33 11 9 8 0 0 0 12 0 42 22 29 5 45 0 0 44 29 10 0 50 2 15 0 0 49 17 23 0 0 0 21 0 0 9 
0 0 0 19 0 3 35 35 32 35 18 0 0 36 36 27 0 0 39 2 27 0 0 25 5 0 39 12 0 29 41 0 0 31 0 35 37 50 0 0 0 19 38 44 17 19 0 0 47 18 7 0 26 12 0 36 0 0 7 4 20 0 16 28 4 0 0 25 46 28 43 0 29 11 0 0 0 38 0 8 0 4 43 0 48 0 24 0 21 21 19 0 24 42 0 16 42 16 42 41 49 0 0 28 0 0 37 24 0 41 29 0 0 0 42 32 39 0 20 31 34 0 0 13 0 0 0 22 0 0 40 0 0 0 0 0 30 35 24 24 3 35 0 0 35 0 0 36 42 0 0 14 0 0 12 0 0 44 0 0 34 0 0 3 
7 50 0 7 0 0 32 0 46 0 0 3 43 0 0 0 27 46 21 44 45 12 47 36 0 44 0 23 0 12 23 0 0 0 17 4 0 0 0 11 18 32 0 9 17 6 0 48 44 0 50 49 4 36 20 0 9 0 11 19 0 0 0 0 0 0 0 45 1 23 3 34 0 44 19 0 14 0 0 0 27 0 0 18 16 5 4 8 17 35 37 0 0 0 25 32 0 0 0 36 0 5 44 0 42 0 18 49 0 0 0 0 22 0 0 0 43 0 2 0 26 44 29 0 4 44 0 35 0 0 27 0 0 0 33 6 46 0 8 22 27 8 0 0 22 5 49 47 0 32 19 44 11 0 0 32 1 48 48 0 36 0 40 
19 0 46 0 29 0 8 0 0 21 44 0 0 0 44 21 0 0 47 21 0 0 46 21 28 0 28 12 5 42 20 22 44 50 31 0 0 17 9 28 0 29 0 7 16 49 44 4 43 34 3 0 0 30 0 38 0 0 0 0 48 0 50 3 44 20 0 39 0 23 36 0 49 40 0 0 0 42 30 0 34 7 0 0 0 31 0 29 0 0 43 0 41 0 0 17 13 50 2 0 0 46 0 26 38 42 45 0 21 47 45 38 39 44 0 0 9 36 12 41 0 0 2 0 48 5 0 0 18 48 21 0 13 0 13 46 8 15 33 33 17 0 0 0 26 22 0 0 46 0 46 32 0 4 0 48 0 27 0 0 10 45 
43 0 0 0 49 21 0 17 0 26 0 0 22 0 0 0 44 0 0 50 0 0 0 18 0 31 3 33 28 27 0 22 0 0 31 0 0 0 0 10 21 29 0 2 0 45 0 12 0 0 0 0 33 43 0 40 29 0 0 19 0 36 0 47 10 1 48 27 0 0 5 47 0 0 0 0 0 11 0 2 0 0 0 0 40 0 19 0 37 0 37 15 0 48 9 0 0 0 0 0 25 0 35 0 29 0 0 0 27 10 26 0 0 30 42 0 0 0 0 0 0 36 0 32 50 0 42 47 6 17 0 0 10 49 28 36 44 19 0 7 33 0 41 0 5 34 0 0 18 0 0 0 50 0 13 0 4 0 28 18 0 
0 5 16 31 0 23 40 0 0 1 29 0 0 38 3 0 46 0 7 20 40 31 45 0 43 44 48 0 0 3 0 39 0 0 15 22 20 0 0 0 0 0 0 7 0 0 37 9 0 0 0 0 0 0 0 0 0 23 0 0 0 45 0 45 0 30 3 40 1 0 0 0 0 0 22 33 19 0 10 27 0 15 5 0 4 0 0 4 24 0 0 0 0 0 0 3 29 0 46 27 0 5 15 0 13 0 0 0 0 0 34 0 20 0 0 0 46 32 49 6 13 15 0 23 0 7 0 41 0 46 0 0 0 0 23 43 20 0 0 36 0 0 0 0 32 0 42 0 31 0 0 42 47 0 0 0 19 0 13 9 
33 11 0 9 0 27 25 2 35 0 0 22 21 0 44 0 0 0 18 0 3 0 22 30 17 0 20 33 0 34 15 0 0 21 29 0 13 0 18 13 0 29 23 0 15 0 9 47 10 0 0 0 46 0 0 1 0 15 0 40 3 8 8 0 33 0 6 0 0 47 24 0 40 0 0 24 33 19 0 38 0 0 0 13 0 0 21 0 7 0 0 0 25 0 8 0 26 33 29 32 0 0 10 30 0 0 0 0 0 9 17 0 40 0 0 0 0 0 0 0 0 0 0 33 38 0 4 0 0 6 0 35 0 1 0 34 45 0 45 0 0 0 0 0 0 0 19 21 30 0 0 0 10 0 0 17 46 44 33 
12 0 47 0 30 10 6 46 12 0 21 0 37 0 44 50 44 37 6 2 0 0 14 0 38 0 28 0 0 0 16 46 33 24 11 4 0 0 0 48 12 31 28 16 0 0 0 22 28 29 10 0 0 31 0 26 18 0 0 45 0 27 46 0 0 32 0 0 0 0 6 0 13 14 0 0 48 24 0 0 50 1 0 0 43 17 23 1 0 10 0 5 12 0 0 0 0 11 11 0 0 22 0 0 18 0 0 0 35 0 38 38 19 6 0 32 34 31 28 0 0 20 31 0 0 37 0 22 8 9 47 17 0 0 46 0 9 26 0 8 22 0 8 28 13 1 0 17 18 9 0 10 6 0 0 3 14 29 
36 33 14 0 29 11 33 7 0 3 0 36 45 0 0 15 0 0 0 26 14 0 31 0 0 0 39 0 18 42 0 0 36 34 0 0 39 0 41 14 0 30 3 0 16 0 28 31 0 0 10 0 0 0 8 43 31 0 0 0 0 38 0 4 34 0 6 47 45 0 0 0 49 3 0 48 15 31 22 0 11 20 28 42 50 6 25 0 39 0 0 12 0 0 0 0 0 0 8 0 10 0 0 48 0 0 43 50 4 0 15 35 50 48 37 30 49 14 0 35 24 30 5 0 9 0 0 44 3 6 0 35 11 0 0 0 21 0 26 20 38 0 0 0 0 0 0 47 0 0 0 30 44 27 49 0 2 
0 0 0 11 39 28 8 39 0 0 3 0 46 3 27 13 11 12 0 0 32 0 32 28 13 0 43 0 0 0 0 0 35 22 50 11 22 0 0 0 6 0 0 0 0 0 0 0 0 0 0 0 0 4 33 17 0 20 0 0 0 48 0 0 0 0 0 0 0 0 12 19 0 31 7 0 18 0 0 19 17 37 0 0 0 0 0 0 10 0 0 42 36 16 37 16 0 12 13 0 45 0 0 0 19 0 0 11 0 0 35 7 0 0 0 17 20 0 21 1 50 0 0 0 4 3 9 0 4 0 0 0 0 43 41 0 44 39 35 0 0 0 0 27 47 23 0 7 0 0 32 0 0 12 0 0 
0 0 18 38 1 22 0 0 0 30 34 0 0 0 0 0 16 36 15 0 0 26 20 0 0 25 0 0 0 0 0 0 0 0 35 0 34 6 1 0 0 0 0 0 0 12 0 0 0 12 0 47 22 2 0 0 0 6 49 30 9 16 0 0 0 0 7 28 0 3 27 18 0 41 19 34 35 0 18 0 40 0 12 0 0 4 0 0 38 0 19 35 50 20 0 8 0 0 0 13 12 45 27 46 0 2 0 0 0 0 9 3 0 13 44 41 14 13 0 0 0 0 13 17 36 27 31 23 48 0 0 0 0 0 0 0 0 0 4 2 0 0 35 41 0 44 0 42 0 30 0 27 0 0 17 
29 0 0 27 19 39 44 0 0 48 6 16 7 7 0 11 0 0 0 0 42 39 18 47 9 29 0 25 0 40 0 0 0 0 1 0 35 11 49 15 6 0 44 0 0 0 12 0 0 32 46 28 22 0 0 0 0 0 35 0 0 28 0 0 0 0 0 29 0 36 13 37 0 6 9 20 12 0 0 0 38 0 0 43 17 0 38 0 0 0 9 27 0 0 0 23 0 0 36 25 20 0 37 10 0 20 0 49 5 0 45 13 18 0 16 22 48 25 3 0 0 0 0 40 0 20 0 19 0 0 1 0 15 44 45 0 4 0 7 9 0 0 0 0 0 0 0 0 0 5 24 0 16 0 
0 13 30 0 0 0 0 0 26 24 0 0 12 26 0 0 12 1 0 0 39 14 5 31 0 26 0 0 21 0 26 0 0 43 0 44 0 0 40 50 0 0 20 0 12 0 32 15 0 9 31 45 0 45 2 45 12 0 0 10 0 0 0 0 0 0 0 0 0 12 0 0 44 0 20 46 5 0 9 0 19 0 44 0 0 40 38 0 0 42 9 27 28 5 20 0 45 0 0 0 0 11 40 29 12 0 0 0 0 27 0 6 0 29 0 35 30 0 0 23 8 26 13 17 0 0 0 0 11 12 0 47 8 0 0 0 24 0 0 46 50 23 20 39 0 0 38 0 0 0 13 29 0 
5 0 9 0 0 0 0 0 0 49 0 36 27 13 30 2 0 0 0 0 0 47 1 9 15 31 0 3 0 11 0 0 0 0 29 0 6 0 0 2 0 48 43 35 35 38 28 20 0 0 0 43 35 7 43 0 0 16 0 49 29 33 0 39 32 17 0 0 0 8 33 43 13 16 0 0 12 6 0 0 0 0 0 0 0 5 0 48 46 38 47 35 24 47 0 0 31 0 33 0 0 23 0 12 0 21 8 0 22 44 32 0 0 38 0 8 0 0 30 43 46 35 15 5 0 0 0 29 30 0 11 0 5 0 0 22 0 49 0 43 39 19 46 0 16 4 43 21 2 0 30 29 
26 0 0 33 41 0 0 2 0 17 13 0 6 0 0 31 9 0 0 25 17 44 0 0 0 0 0 40 18 0 0 0 0 35 12 15 23 0 18 0 29 22 0 32 31 0 28 25 47 28 19 35 0 0 16 39 0 0 0 0 20 0 5 0 44 41 44 0 0 0 0 6 0 0 48 0 3 0 41 0 13 29 44 0 0 15 0 33 0 16 43 0 43 0 0 0 0 24 13 10 42 0 5 13 0 36 0 41 0 48 34 43 0 0 1 0 0 24 0 34 2 9 0 0 0 0 27 0 0 0 44 0 0 0 0 0 22 26 23 12 0 0 0 0 0 8 50 48 45 37 0 
0 21 0 23 0 11 4 0 49 47 20 0 0 48 0 16 32 38 49 27 0 16 0 0 0 0 15 22 23 28 0 0 0 0 16 0 41 36 46 0 0 32 35 0 0 28 0 0 0 48 39 0 50 0 46 32 0 24 42 28 0 34 33 0 0 0 0 0 38 22 0 0 10 0 4 0 27 0 0 0 32 20 0 24 0 0 47 0 25 0 0 46 0 0 45 38 0 25 0 0 46 0 0 25 18 22 0 1 11 32 21 0 0 0 0 0 0 0 0 0 46 0 0 36 25 0 22 0 0 41 0 0 33 0 0 0 11 17 0 12 40 43 0 45 15 0 0 33 4 1 
31 13 48 0 0 0 0 34 0 40 0 33 3 0 0 39 24 0 43 0 42 30 0 0 0 0 0 44 28 0 0 23 0 0 0 21 13 31 0 19 29 5 1 13 23 30 27 7 0 4 0 0 18 0 0 0 12 0 30 23 31 22 0 0 8 0 26 0 0 25 2 34 10 28 0 2 0 26 48 0 30 49 24 19 0 0 40 0 0 44 18 4 29 28 19 0 0 0 0 6 50 0 6 25 0 0 10 0 4 45 3 22 0 3 20 0 0 21 0 0 0 34 0 0 0 8 0 0 35 1 4 0 19 0 11 3 0 0 18 0 0 0 0 0 23 37 49 37 0 
0 45 6 0 0 35 21 0 0 50 0 9 7 0 6 0 0 10 45 0 0 9 44 31 39 41 17 13 39 0 0 37 26 0 5 29 0 0 0 0 4 34 0 0 35 37 0 0 0 33 10 4 16 47 0 0 33 18 0 3 26 34 14 0 44 23 12 19 48 0 10 0 0 0 0 0 15 36 0 0 36 0 42 0 0 0 21 11 0 4 17 0 0 1 37 38 7 0 31 25 0 0 0 33 35 0 39 0 19 0 0 0 0 48 6 20 11 0 0 0 0 22 37 36 29 0 23 0 31 43 3 26 38 0 0 0 30 33 0 0 37 0 24 30 50 46 0 49 
0 2 2 30 0 35 0 30 0 8 0 0 25 0 0 0 0 48 8 42 10 18 19 6 6 5 36 18 43 0 0 0 0 17 34 0 6 0 47 16 0 40 0 27 46 15 0 14 0 7 38 0 8 5 0 45 16 32 36 0 16 19 47 4 7 19 0 0 26 6 50 0 46 0 0 19 0 0 25 3 0 0 1 0 0 0 0 48 13 0 0 0 11 0 0 45 1 0 50 0 0 0 24 0 0 30 1 0 22 9 20 18 0 25 4 0 40 47 23 0 0 32 28 0 34 32 39 0 0 36 0 9 7 49 44 14 0 34 37 0 0 25 0 12 15 9 50 
37 33 31 1 0 40 41 49 0 11 10 22 47 46 28 0 9 0 0 26 38 14 41 0 16 5 29 33 0 6 15 15 40 23 36 12 42 22 18 0 0 0 0 19 0 28 0 1 19 0 37 46 0 0 44 0 22 33 0 0 15 0 0 0 5 9 0 17 17 0 1 6 0 0 0 27 0 0 17 23 0 0 26 0 24 9 25 0 34 32 0 46 50 0 49 0 0 0 0 27 41 22 20 0 0 0 28 0 41 0 0 0 0 12 24 0 30 9 34 0 0 0 23 31 46 7 23 11 0 29 0 0 0 25 0 36 0 0 0 48 39 0 0 0 0 0 
5 36 2 0 0 17 31 0 22 0 5 0 24 15 0 0 0 37 48 16 0 0 0 1 0 37 0 0 1 38 39 0 0 0 50 0 45 20 0 0 0 0 0 0 0 0 49 16 42 29 41 40 31 41 0 0 0 14 0 22 0 0 5 0 6 0 3 0 32 0 49 0 0 34 41 0 0 0 0 40 0 0 45 0 0 32 0 0 0 20 0 15 0 0 0 47 8 0 0 0 33 13 35 0 0 32 0 19 15 0 11 0 19 25 0 27 0 26 27 36 15 8 38 0 36 27 49 43 0 3 43 0 0 28 43 16 36 0 30 43 0 13 34 24 0 
33 0 8 29 0 29 6 0 22 0 7 28 43 0 16 0 0 0 47 0 35 0 0 0 0 0 0 0 31 0 31 36 0 47 0 34 0 24 0 6 0 0 22 50 0 23 0 35 0 8 26 15 6 11 22 32 31 12 0 13 4 40 25 30 22 21 0 29 8 0 18 0 0 7 0 35 5 0 35 30 25 41 14 0 38 0 20 10 3 34 2 43 30 30 0 0 24 0 0 48 5 10 0 9 39 0 49 20 0 0 0 0 0 0 16 0 0 25 40 32 0 1 22 15 49 0 36 0 0 0 0 0 35 33 37 33 19 27 0 21 45 32 43 14 
17 48 0 29 0 48 25 0 27 12 32 0 0 0 0 0 18 0 33 49 6 15 0 0 37 0 24 8 22 0 42 0 31 0 6 0 18 0 0 44 10 0 22 27 21 19 0 32 16 0 29 0 34 3 0 50 0 0 0 0 0 0 0 0 13 0 24 0 0 0 43 11 17 36 29 26 13 0 18 42 32 48 13 19 12 12 0 0 0 0 0 0 14 11 28 0 31 49 8 49 12 14 1 44 0 37 7 11 30 46 48 21 0 25 19 31 0 0 12 0 0 0 20 11 25 0 4 49 35 3 0 0 0 0 13 16 36 0 19 0 0 38 0 
14 37 0 14 0 0 48 0 0 25 19 18 33 0 32 37 48 47 0 5 46 0 0 23 13 0 0 0 0 22 37 0 6 20 0 0 0 37 44 0 11 30 27 0 33 0 43 0 0 15 19 10 20 0 0 43 0 0 0 1 32 0 29 0 0 31 0 3 21 0 0 0 31 0 3 0 0 23 0 0 31 15 7 50 25 0 4 8 0 17 0 29 10 44 30 25 0 0 17 23 18 0 28 12 6 0 0 2 0 12 4 0 10 23 9 0 0 21 44 0 0 24 33 0 0 0 0 0 18 9 46 43 0 23 0 22 48 0 17 0 0 0 
16 26 4 0 0 3 32 7 0 0 2 0 0 41 11 0 39 0 0 30 5 0 0 35 0 45 0 5 0 9 3 2 45 0 0 0 10 37 0 21 33 0 0 22 49 24 22 3 0 0 24 0 39 0 0 0 0 17 8 22 33 0 28 0 9 16 5 0 40 0 0 10 0 0 0 0 0 21 0 8 0 15 0 42 0 0 0 0 0 19 20 0 0 46 0 0 0 0 24 0 24 33 0 0 0 0 36 38 40 15 0 0 25 1 47 0 42 40 13 28 0 0 27 2 23 25 2 17 32 24 35 22 50 31 38 41 41 21 28 5 2 
0 0 9 0 0 28 0 0 37 0 0 48 0 0 43 15 32 48 2 18 0 31 33 3 5 44 31 17 0 10 0 23 19 0 35 0 48 44 33 0 0 12 4 4 50 41 32 50 0 38 21 24 47 0 14 0 0 3 0 0 40 26 50 0 17 0 34 0 0 33 14 37 0 15 0 28 0 0 9 5 0 11 0 0 0 32 0 38 0 20 7 40 27 0 46 44 30 40 21 0 7 0 20 23 28 10 6 0 17 0 0 38 27 0 0 7 23 0 8 0 27 27 29 19 0 0 26 6 0 0 11 0 0 0 0 0 23 47 0 0 
43 34 28 0 34 37 50 7 31 0 0 11 29 40 34 34 27 41 0 45 0 37 25 0 21 0 21 0 0 29 33 41 0 0 0 0 30 0 11 13 0 42 47 0 14 0 12 0 42 27 23 0 38 0 0 0 20 7 1 0 0 0 0 19 0 0 0 12 27 23 5 43 9 0 2 12 3 42 0 0 0 29 0 48 0 0 0 31 0 0 25 34 0 3 0 35 0 8 0 17 0 0 32 0 8 0 0 38 14 0 31 8 36 0 0 0 0 4 39 41 33 9 0 0 22 12 38 5 0 0 47 13 8 0 0 8 0 0 30 
0 0 0 0 0 36 29 48 39 0 0 28 0 0 15 0 0 49 11 28 6 7 49 41 0 0 27 30 15 0 8 0 0 30 31 42 34 0 0 0 34 0 0 0 39 0 0 0 36 0 0 50 0 0 34 0 0 0 0 0 36 0 0 36 40 0 29 2 0 0 0 17 0 21 43 3 0 4 22 35 6 0 0 0 0 0 21 0 0 0 0 49 0 34 0 0 6 0 43 0 46 27 0 0 3 0 37 26 47 11 38 0 43 39 25 1 0 39 0 22 49 38 0 0 7 0 5 48 16 0 0 0 33 2 37 0 0 22 
11 0 35 9 0 0 8 24 9 0 0 44 8 0 46 40 0 0 3 12 0 0 0 0 9 38 48 0 0 15 0 0 10 20 41 47 45 0 0 0 0 0 0 0 24 0 0 26 34 0 0 0 46 0 0 0 0 12 13 0 0 0 25 9 0 0 42 37 0 23 40 15 0 28 9 50 16 0 0 14 30 0 42 44 0 0 34 0 25 0 16 0 49 0 20 12 0 3 0 38 0 50 1 0 43 27 39 7 3 0 1 0 0 35 0 0 37 0 0 2 0 0 0 0 4 20 0 23 0 0 30 0 0 18 38 0 4 
0 36 5 17 0 0 41 1 38 10 29 14 50 50 0 7 0 0 14 7 23 0 0 0 0 0 0 32 0 22 0 24 2 0 0 21 31 42 16 9 35 50 4 0 0 0 0 0 0 25 0 0 34 39 45 26 9 0 19 0 0 0 0 0 2 33 26 0 18 14 48 0 0 45 0 0 0 0 0 0 34 0 15 49 0 40 50 44 0 0 29 0 0 46 0 0 0 0 33 2 1 40 0 0 21 4 0 0 0 0 0 0 0 0 0 0 0 0 49 38 33 37 0 45 30 45 0 3 14 0 19 25 11 0 28 0 
49 13 37 47 0 20 0 30 30 19 0 0 36 0 13 42 0 21 0 24 0 0 34 0 0 41 30 42 45 5 17 0 9 25 0 33 0 0 21 0 20 0 0 0 13 31 0 2 0 46 43 47 33 14 0 9 0 0 0 50 0 5 38 41 41 0 47 27 16 49 0 9 0 0 7 8 8 26 36 15 17 16 0 0 0 0 0 0 42 25 0 0 0 35 0 2 0 32 0 0 0 1 0 0 13 45 0 33 14 0 0 0 0 1 0 28 0 0 50 0 0 0 0 0 25 0 42 0 0 0 3 19 0 0 0 
0 0 16 34 0 5 0 13 13 0 3 17 0 2 0 6 0 43 17 0 45 0 42 0 19 38 0 50 28 0 40 7 36 6 0 1 6 4 0 0 19 0 0 0 0 3 0 0 0 0 48 5 0 26 0 0 0 0 18 0 9 5 46 30 0 2 0 0 0 4 1 37 0 8 14 0 20 23 47 0 37 5 0 41 0 48 39 34 0 0 16 36 0 0 4 23 13 0 0 42 41 21 34 47 0 0 0 26 40 0 28 0 31 21 0 46 38 0 0 0 48 0 0 32 30 0 0 32 0 0 0 0 7 0 
30 3 0 0 17 20 50 31 0 0 39 0 0 7 5 0 0 48 48 33 26 0 6 0 0 0 0 37 18 0 0 31 41 0 0 39 13 0 37 19 21 4 0 24 34 21 0 0 0 3 47 14 0 29 6 35 19 0 0 0 43 0 47 0 2 5 23 13 13 0 24 0 0 12 0 0 0 19 0 18 0 43 0 0 0 8 6 2 0 41 0 28 35 0 28 0 48 0 48 0 0 14 33 35 0 0 0 4 0 16 42 0 0 45 0 31 0 31 0 28 0 45 0 13 0 31 5 0 0 22 0 21 24 
0 0 0 50 0 0 43 11 32 0 0 0 0 0 35 0 0 36 0 0 0 10 16 28 46 0 0 46 0 0 0 28 47 0 0 26 11 0 36 0 0 0 0 37 0 47 5 24 0 21 41 0 0 32 23 6 0 0 30 0 0 35 0 0 4 19 0 18 41 26 11 45 0 43 4 0 14 0 44 0 48 29 7 0 0 20 45 0 0 0 8 17 0 15 47 47 0 38 0 39 0 37 2 0 0 17 0 0 40 0 0 0 31 0 2 11 0 43 44 0 44 32 10 0 0 0 0 10 0 14 0 19 
0 41 0 26 22 32 3 0 0 0 27 12 0 27 27 0 0 0 36 27 0 0 8 0 10 32 23 17 27 0 47 9 0 0 0 7 0 19 0 0 0 16 15 0 0 0 0 3 0 0 0 0 28 0 4 10 9 41 0 0 0 18 9 7 0 39 0 31 28 0 45 0 0 41 26 0 11 0 0 18 0 4 0 0 0 15 0 0 49 9 50 1 0 19 0 0 24 29 0 36 14 0 17 0 0 0 27 17 0 0 0 0 23 14 8 31 43 0 21 30 8 0 42 34 42 41 0 18 3 30 0 
35 8 24 30 5 25 37 32 20 0 0 0 43 0 0 0 41 45 0 28 11 0 0 12 0 0 13 0 11 39 34 29 25 27 42 32 6 0 47 20 35 0 0 34 22 42 16 0 0 14 0 0 25 41 0 43 0 0 17 0 37 0 12 30 0 0 6 27 19 47 49 0 0 28 29 0 10 0 41 38 13 0 0 48 0 48 0 0 25 25 1 0 29 3 0 44 38 1 46 3 0 0 39 33 0 0 0 18 46 30 30 0 0 0 0 45 0 10 37 0 0 0 44 17 0 0 12 37 49 8 
8 50 25 37 39 35 0 15 0 31 42 0 14 50 0 0 17 38 2 0 0 0 8 13 0 33 47 34 26 0 21 23 19 32 0 16 11 43 12 42 0 0 41 0 0 14 0 7 0 0 0 0 0 0 0 1 0 9 0 46 2 16 46 31 0 13 20 0 16 0 33 0 43 32 50 42 0 0 0 0 0 0 0 49 29 19 18 1 0 20 15 0 0 22 0 32 0 0 28 0 0 0 36 0 6 0 28 3 0 0 0 0 0 9 0 0 0 48 47 10 30 47 0 0 24 0 0 45 22 
18 0 23 47 0 5 0 0 14 30 16 45 35 15 8 0 0 0 0 30 15 0 41 0 48 0 0 0 0 0 0 4 0 25 24 0 10 25 29 0 16 45 0 0 40 37 29 0 20 34 25 8 0 35 6 0 0 40 35 28 2 17 49 31 31 18 0 0 0 44 32 0 0 0 26 0 0 0 0 0 0 50 30 37 12 37 0 0 0 0 16 0 0 31 0 34 0 20 44 42 0 0 0 6 0 10 50 15 0 14 26 0 0 31 0 11 5 8 14 0 36 34 28 0 32 5 23 3 
16 15 0 36 0 3 23 19 0 2 0 41 11 44 0 0 0 22 0 0 0 48 37 0 39 27 15 0 0 0 7 0 16 2 0 0 6 0 0 15 21 1 50 44 17 50 0 43 6 16 15 22 19 7 0 21 0 0 17 15 0 46 0 0 12 0 0 34 0 34 0 35 0 2 21 30 0 0 0 25 0 48 0 0 30 0 0 42 0 0 0 21 0 26 13 32 0 14 0 0 0 2 0 50 0 0 14 0 0 7 0 9 0 0 29 0 0 12 0 0 0 0 2 35 6 2 37 
41 48 39 0 0 14 1 39 40 4 12 33 8 0 0 0 0 0 3 0 49 0 0 0 3 35 0 0 7 34 0 0 7 0 0 0 41 32 11 0 22 4 0 33 40 20 0 0 46 12 11 0 31 23 39 21 1 0 0 0 24 48 18 0 38 6 0 0 30 38 0 0 0 0 5 0 15 0 0 0 38 16 29 0 0 12 33 28 34 0 19 0 24 1 0 0 0 0 4 0 9 2 0 0 0 0 9 25 40 38 37 47 0 24 48 0 7 32 30 37 0 0 0 16 6 43 
0 0 7 0 17 0 35 33 0 4 38 41 0 36 19 14 0 0 6 0 0 0 0 33 0 33 1 0 0 0 0 6 44 38 0 0 0 1 0 0 0 29 21 0 0 41 2 0 8 44 0 0 0 37 0 24 24 0 0 0 0 0 0 16 4 19 24 28 48 0 49 32 0 0 4 0 30 19 34 0 9 0 42 35 0 44 29 0 22 18 39 0 0 0 0 0 28 0 32 0 0 1 27 20 7 50 0 43 0 0 15 0 47 0 18 0 10 40 0 1 21 0 49 0 6 
1 0 0 14 20 3 2 41 0 16 45 4 25 8 31 0 0 2 50 50 0 41 0 27 18 0 0 0 0 12 0 45 0 0 0 0 21 0 48 5 0 8 0 50 24 22 0 17 7 38 23 0 42 0 0 14 15 48 50 33 33 17 0 0 0 0 0 11 37 7 41 7 29 9 34 0 16 0 0 0 0 0 36 0 0 16 0 4 0 16 32 13 0 34 24 0 44 0 0 0 0 10 12 33 34 33 41 0 0 0 16 13 4 49 0 0 50 0 8 0 0 49 42 29 
0 41 0 39 15 0 1 0 2 0 30 0 45 0 29 7 0 48 39 37 12 0 0 0 39 29 5 0 15 44 0 0 0 0 0 0 0 0 0 20 6 15 0 10 33 30 0 0 0 0 0 29 46 46 34 0 0 0 0 22 0 0 0 0 23 0 10 3 29 21 25 38 28 24 0 4 0 0 42 3 0 48 46 0 40 0 27 29 36 0 0 0 0 0 0 0 21 45 6 2 9 50 0 0 0 26 44 0 0 11 0 28 20 41 50 0 0 21 0 17 0 0 0 
34 39 0 21 40 43 26 0 0 41 16 37 45 0 0 14 24 2 20 0 0 0 0 43 0 33 1 0 2 22 31 11 0 22 0 0 25 34 0 0 22 0 0 0 13 18 0 4 0 0 0 31 0 17 46 21 0 28 0 0 0 8 2 0 0 22 13 0 45 43 0 27 13 48 0 32 0 0 38 45 0 0 0 0 0 44 21 43 31 0 0 47 14 4 48 0 14 9 1 0 27 31 15 0 44 0 38 0 30 8 17 2 0 18 0 0 0 0 0 46 8 41 
29 0 0 0 33 0 25 0 0 0 0 27 33 0 0 29 0 30 0 0 45 0 0 0 0 49 40 0 33 0 0 12 46 1 38 0 5 0 0 0 20 0 0 25 49 0 48 28 0 0 19 6 0 15 6 0 38 0 0 0 17 0 0 0 0 0 0 0 0 0 38 23 15 0 0 0 47 0 0 48 29 0 0 0 0 27 0 15 6 7 0 0 43 28 50 30 18 19 0 0 40 0 0 0 26 0 30 7 10 35 10 0 0 24 0 0 0 3 3 23 24 
4 29 0 0 7 19 0 37 0 12 0 0 11 7 0 46 26 0 23 0 26 0 42 0 37 35 28 16 14 28 4 0 0 49 0 0 0 18 0 5 6 0 0 0 49 0 0 0 6 24 39 0 0 0 29 0 1 0 0 3 5 0 18 2 9 22 5 12 0 44 16 0 11 0 0 0 0 0 0 27 0 44 15 0 0 40 0 14 3 0 43 0 0 0 27 41 0 43 0 29 0 0 46 0 0 0 0 50 0 7 2 1 0 0 48 45 31 41 25 20 
3 0 0 10 0 0 0 31 0 4 32 9 0 45 49 14 46 18 0 31 37 15 18 0 19 0 11 0 0 32 0 0 43 14 0 49 50 0 7 10 0 12 47 50 0 22 14 0 48 2 0 0 15 29 17 32 0 0 0 49 0 46 4 31 33 39 40 1 0 47 0 31 13 37 0 0 1 0 5 29 7 39 17 28 0 14 0 0 28 0 31 40 7 33 23 10 0 0 0 44 19 44 0 0 43 0 50 0 0 24 0 18 17 0 19 19 0 0 0 
0 5 0 36 35 47 36 25 26 19 4 0 22 0 3 0 0 24 2 10 17 8 0 38 0 28 0 41 0 28 23 0 0 0 0 33 48 0 47 50 0 7 0 35 22 38 47 48 36 0 38 0 0 6 5 0 49 0 7 20 46 0 47 46 4 49 0 28 0 33 21 37 0 46 0 0 49 0 0 0 0 27 0 0 0 24 0 40 11 26 0 0 0 2 44 0 0 0 0 38 27 0 47 0 21 5 0 12 44 18 0 38 0 22 29 0 40 0 
23 10 0 9 36 7 34 37 0 48 8 0 11 0 23 0 24 10 18 0 0 41 0 44 0 0 15 0 30 0 0 25 0 44 39 33 0 31 47 0 18 0 50 36 17 0 7 0 0 46 34 0 0 12 50 17 23 0 27 0 7 0 17 0 0 32 0 21 15 0 32 0 0 0 0 0 0 25 0 2 7 0 36 21 0 18 0 16 37 35 50 0 18 48 29 0 48 4 43 0 0 0 37 0 16 31 9 40 43 50 0 0 9 0 41 5 0 
29 0 36 0 25 31 0 0 3 0 19 0 0 2 0 0 0 0 26 0 0 35 0 14 0 31 18 0 0 11 0 0 48 7 0 0 0 8 0 21 48 0 24 38 0 37 0 0 0 0 0 0 34 0 38 38 0 16 0 44 0 0 0 13 0 0 16 0 0 0 7 35 0 0 44 0 0 0 39 0 0 13 0 18 50 0 0 0 0 18 28 0 38 29 11 0 0 44 32 0 0 0 33 0 0 0 0 16 0 0 0 41 6 25 2 39 
39 0 0 0 0 0 0 48 8 47 0 0 0 0 19 0 0 0 20 11 0 0 8 0 43 0 0 0 29 2 0 41 0 0 48 0 31 32 12 0 37 28 50 3 0 22 10 18 0 0 0 0 0 8 0 18 47 34 15 43 18 14 38 43 34 38 0 0 0 0 32 41 0 0 0 0 0 0 0 0 0 0 0 0 42 0 0 0 16 0 39 0 0 0 2 46 9 8 50 0 0 0 20 17 45 43 1 0 4 0 0 0 23 0 41 
0 50 0 0 28 9 0 18 0 32 19 0 34 1 0 0 0 10 8 0 0 37 0 0 0 0 26 4 0 8 2 34 43 0 39 0 0 0 20 23 0 9 0 0 0 50 11 49 39 21 14 30 37 29 30 5 14 47 41 0 44 20 0 0 44 39 0 49 17 0 48 0 14 13 8 0 0 11 17 0 45 6 0 0 22 0 0 0 44 0 0 36 0 23 0 36 0 30 49 0 18 22 28 1 0 0 1 0 5 0 0 0 0 0 
25 7 19 23 0 16 33 0 49 3 0 28 0 0 0 33 0 42 0 0 0 0 8 0 25 22 46 30 13 0 8 0 0 2 15 46 23 35 0 0 9 0 0 0 9 0 0 17 35 0 0 0 0 40 0 0 48 0 30 0 0 0 11 0 38 43 15 0 0 5 0 34 0 6 0 0 25 0 11 29 0 0 26 40 32 9 18 37 8 41 7 0 14 5 0 48 14 0 16 0 0 5 0 0 19 0 0 13 0 0 0 0 0 
30 47 50 21 0 0 0 29 46 0 0 10 27 11 49 0 0 0 49 0 0 0 0 10 19 0 7 0 29 0 0 18 39 0 0 0 39 0 0 0 4 0 0 0 10 0 1 3 0 9 22 7 0 49 31 30 0 0 40 0 0 14 7 39 3 0 0 44 2 0 0 0 7 0 0 0 0 18 0 0 0 0 45 0 0 42 0 31 0 38 0 0 0 0 1 8 14 5 0 18 0 26 0 42 0 14 20 27 27 11 8 0 
7 3 0 42 0 16 10 0 0 0 35 0 47 36 49 0 0 0 49 0 36 50 0 28 24 14 38 5 12 28 0 18 22 0 0 0 0 10 0 35 16 36 11 0 16 0 30 0 0 0 0 0 0 0 47 30 0 45 0 0 0 27 0 0 40 0 0 0 0 23 0 0 50 17 0 49 37 0 0 0 24 49 0 0 0 0 16 0 6 50 0 0 29 35 42 29 0 8 0 0 0 31 29 9 49 1 0 15 0 9 0 
10 1 0 0 5 1 13 16 0 0 48 0 0 0 0 0 16 38 30 39 9 0 0 0 0 18 48 48 0 11 0 0 38 3 27 0 21 0 45 34 2 0 0 0 22 2 30 0 10 40 0 37 0 5 49 43 0 0 0 8 13 0 20 27 11 0 0 0 0 0 2 0 0 19 27 0 24 9 25 16 0 0 47 3 0 0 0 0 0 27 32 0 0 29 22 8 0 0 33 0 0 0 0 6 41 35 0 0 40 0 
21 0 0 0 48 3 4 0 0 49 27 21 13 48 50 0 0 0 0 19 9 0 0 0 0 49 0 0 33 30 24 1 20 0 41 3 0 0 0 0 30 0 34 0 47 7 0 30 0 10 0 50 17 12 0 48 45 11 0 0 0 3 44 20 0 0 0 47 38 0 0 20 14 15 38 0 0 11 13 0 14 42 21 0 25 0 0 50 33 0 34 8 20 0 27 0 33 0 2 0 0 24 0 0 4 0 25 45 0 
14 0 0 25 0 50 45 0 0 36 0 8 0 0 20 47 0 0 0 0 2 0 0 0 0 0 28 0 36 36 7 0 46 0 20 0 0 0 45 0 0 30 0 0 0 10 0 20 0 15 0 4 47 0 19 31 14 0 12 0 10 0 15 7 1 0 0 38 0 0 33 34 0 6 0 0 31 20 11 0 25 12 0 0 41 42 2 0 0 16 21 0 0 15 41 33 0 17 0 12 0 0 0 50 0 0 0 0 
34 30 0 29 0 39 0 24 36 11 37 17 0 6 0 0 26 1 0 0 12 2 6 0 0 0 0 0 33 12 8 0 0 0 47 0 46 0 37 2 8 0 36 0 0 33 0 27 0 19 0 0 41 0 0 8 0 33 0 34 0 0 48 37 17 0 0 11 19 11 8 45 0 40 23 0 0 0 15 0 0 32 39 0 10 2 13 0 20 0 0 36 33 0 26 3 50 41 0 11 0 23 11 0 0 0 30 
0 49 0 41 0 0 40 0 13 0 3 50 11 0 0 7 0 0 50 26 0 0 0 5 3 30 24 0 0 19 0 17 0 16 0 0 0 0 38 35 0 0 0 0 0 0 0 0 0 47 0 0 21 0 28 0 0 0 42 33 41 5 14 0 0 0 0 8 7 50 9 31 0 2 0 0 35 0 0 0 0 50 29 0 41 0 21 38 0 0 0 0 14 24 0 15 0 0 0 1 42 0 0 28 0 0 
3 0 8 25 2 0 48 38 0 14 0 17 0 0 0 30 10 3 23 49 44 20 42 0 0 9 0 11 0 24 36 19 0 14 0 0 1 1 0 0 9 36 49 27 0 27 1 0 0 9 20 37 0 0 29 0 0 0 4 0 23 0 0 3 46 12 0 0 0 27 45 20 0 16 14 11 0 0 0 0 0 26 41 0 8 42 44 20 0 13 0 50 0 0 0 0 0 4 27 41 49 0 0 0 3 
41 0 0 0 5 48 0 32 38 0 49 0 45 0 0 20 29 3 21 18 25 36 0 48 28 6 35 0 0 31 48 20 0 0 0 0 44 50 0 0 0 0 0 0 45 42 5 49 6 25 0 0 40 0 12 0 0 39 0 0 2 5 0 0 5 0 40 46 0 0 21 10 42 46 39 0 0 1 16 0 0 26 0 45 0 22 0 0 0 0 43 0 43 40 29 34 50 0 0 0 0 17 0 5 
1 0 9 2 17 0 0 0 41 0 0 0 0 49 0 0 38 0 0 0 0 0 0 0 3 0 11 21 46 49 22 0 36 35 0 0 26 0 0 24 45 0 31 32 18 12 0 18 31 0 0 0 11 18 0 33 0 16 0 0 15 35 13 0 48 0 0 22 0 18 0 0 21 0 43 0 0 0 0 3 26 0 8 7 0 0 12 0 15 0 23 47 10 0 0 41 23 49 32 42 0 15 21 
0 6 38 0 5 0 29 0 27 25 47 0 0 23 31 0 41 46 0 8 24 9 0 39 0 0 50 33 39 37 0 46 0 0 0 0 0 0 20 41 0 0 26 0 0 0 0 30 39 4 0 0 21 16 0 22 12 0 6 47 0 44 0 8 14 0 0 50 0 0 0 0 0 7 0 0 0 0 29 0 11 45 40 33 16 0 0 27 0 0 6 0 12 38 0 0 0 0 34 27 0 0 
0 0 0 11 0 24 4 26 8 0 0 0 0 30 9 29 0 0 0 3 28 41 36 15 0 0 0 20 11 0 0 32 0 0 27 0 50 0 33 3 0 0 0 0 0 9 0 0 0 0 47 0 29 0 0 0 5 24 0 0 47 0 39 41 28 4 26 29 0 7 32 4 0 0 0 0 0 7 0 0 42 0 47 0 45 16 12 15 48 9 48 28 30 0 0 0 18 0 1 3 43 
0 0 0 0 0 0 11 15 11 4 22 4 0 48 38 48 0 24 46 0 35 4 0 0 11 12 12 24 0 16 11 0 27 48 6 0 0 23 0 30 0 0 25 0 0 31 35 8 33 16 47 0 0 0 31 0 39 21 37 5 0 0 41 8 19 0 0 0 41 1 14 0 33 0 44 0 0 0 0 0 38 35 23 31 46 0 0 0 27 7 0 8 10 31 0 0 0 0 0 0 
46 33 33 0 0 0 4 0 0 0 0 11 0 28 38 0 0 17 26 14 34 0 0 36 36 33 26 33 26 0 29 10 10 0 0 0 12 0 0 0 0 0 0 0 0 18 32 21 0 0 0 0 0 12 43 0 0 0 0 34 25 0 23 0 0 0 0 34 0 25 25 18 0 32 0 34 0 0 34 25 27 0 0 19 0 0 0 0 45 0 0 36 40 0 0 50 0 0 0 
5 31 12 19 26 23 4 0 0 0 0 0 0 0 3 0 28 0 20 9 18 34 0 0 0 36 23 38 42 0 0 0 1 2 37 0 0 0 26 29 0 0 49 0 21 15 34 31 0 0 0 22 32 8 0 9 27 10 0 10 31 0 30 22 37 11 40 0 0 0 0 0 22 0 0 6 0 17 49 21 17 26 31 0 50 4 39 0 0 0 29 0 0 8 50 14 0 6 
0 48 23 44 0 3 23 0 0 8 19 0 44 8 8 50 35 0 11 41 30 8 11 38 0 19 22 0 0 0 0 0 44 20 0 14 27 35 0 26 8 0 45 0 38 26 41 0 42 19 12 33 43 49 0 8 0 1 47 42 0 0 0 37 0 1 0 31 0 0 0 0 0 36 14 0 0 26 32 0 0 17 6 0 41 11 38 43 0 0 43 39 46 17 39 0 43 
31 14 1 0 22 0 23 21 0 0 49 22 29 0 39 11 8 0 0 0 33 8 0 0 29 0 11 0 0 39 39 5 33 15 0 0 0 0 46 25 42 30 0 0 0 0 12 0 0 2 0 34 42 16 6 0 0 28 0 33 40 0 3 0 48 0 0 24 35 0 0 25 0 0 36 0 0 0 13 0 18 27 0 0 48 0 0 0 0 41 0 0 25 0 0 0 
0 0 0 48 48 0 15 0 0 9 0 9 20 11 7 0 25 29 45 25 0 0 0 0 38 33 0 0 0 4 32 13 0 0 0 0 21 47 47 0 0 15 29 0 17 20 4 13 7 16 27 30 0 45 39 34 32 35 0 34 0 28 0 1 27 3 0 34 3 0 0 29 20 9 0 15 5 25 25 49 3 27 20 0 0 0 47 0 20 0 22 0 3 30 30 
9 42 0 0 0 8 27 41 0 48 49 0 43 0 7 15 24 0 45 44 22 0 0 0 12 0 16 0 9 0 0 0 0 23 0 0 13 24 41 48 0 40 0 12 0 12 4 0 0 19 0 35 0 36 16 0 5 0 45 0 2 0 9 0 3 31 0 25 36 0 0 48 48 0 49 14 45 0 0 38 0 32 0 0 4 0 0 0 0 0 40 17 0 38 
0 0 5 9 4 0 49 0 41 0 8 0 43 45 42 0 0 36 0 0 5 3 0 13 0 30 0 30 15 49 0 0 39 0 0 9 0 0 0 0 27 13 0 0 35 0 11 0 0 6 21 50 0 6 24 0 35 0 0 0 0 50 1 21 1 2 0 0 0 34 0 18 18 22 1 3 14 0 35 0 18 19 48 0 13 15 0 9 4 17 25 0 50 
0 0 29 27 12 39 0 32 0 0 50 37 0 46 26 0 0 0 3 20 0 0 9 34 39 0 37 28 20 15 0 33 35 0 0 0 0 0 0 11 20 46 0 0 1 0 5 24 0 0 40 0 40 0 0 0 0 45 21 0 0 0 0 20 9 29 41 0 0 48 0 49 0 0 0 50 1 5 0 17 11 26 33 43 0 22 0 1 35 0 1 0 
26 0 27 22 0 0 0 14 0 26 24 46 14 12 0 0 0 21 43 19 0 0 0 16 28 30 1 0 47 27 0 11 0 3 32 28 1 9 22 26 50 42 0 33 0 0 0 0 43 43 25 48 31 47 0 10 19 30 0 36 47 0 38 0 0 0 2 29 0 23 27 0 0 0 3 39 10 0 18 1 0 49 46 30 0 0 9 8 0 0 27 
22 28 20 0 0 46 49 0 0 5 7 26 30 28 36 0 35 44 1 0 35 18 14 31 0 46 0 0 0 25 0 24 0 46 0 50 0 14 0 26 10 0 30 0 10 0 10 23 0 18 0 3 0 17 0 48 14 5 45 21 0 32 0 33 0 0 35 13 0 6 18 0 40 0 31 36 13 0 0 29 0 0 0 39 0 0 0 34 29 0 
11 0 25 0 42 14 0 0 15 0 0 30 49 23 27 14 46 6 0 16 27 11 0 1 5 48 0 0 0 16 2 0 0 0 0 0 40 0 11 32 38 29 0 0 0 30 30 13 23 0 0 18 1 39 0 0 0 46 33 0 0 0 16 33 0 36 0 6 46 12 21 9 34 0 11 0 41 0 0 0 14 43 0 16 15 44 0 0 0 
30 0 26 37 39 7 0 0 0 0 2 0 0 0 3 0 0 8 8 0 1 3 0 45 4 50 1 4 5 42 0 10 0 0 0 0 0 31 15 0 43 17 29 27 40 7 0 0 22 14 8 0 0 0 32 0 0 0 7 50 0 0 23 0 29 45 0 0 0 13 0 28 13 0 0 46 0 0 0 0 22 0 0 0 50 3 12 12 
44 15 10 40 47 0 0 27 2 0 32 0 22 44 50 19 0 41 0 39 0 23 0 0 38 20 25 0 0 44 0 0 15 0 32 48 21 23 5 26 0 14 0 0 0 1 0 48 24 49 33 41 0 0 5 14 0 29 0 9 6 24 6 4 49 0 14 0 0 5 48 0 0 0 0 0 6 13 38 0 49 0 42 0 36 37 36 
0 3 0 18 30 20 47 30 0 0 0 0 22 0 0 5 45 0 0 0 10 42 8 0 0 0 1 0 0 27 0 27 48 0 0 0 0 14 34 32 0 0 19 0 0 0 0 0 41 33 14 4 38 42 0 19 0 24 1 16 0 0 27 30 33 0 36 30 0 0 39 0 32 18 28 10 0 0 0 0 27 23 15 0 0 0 
32 8 0 41 0 0 13 11 0 7 15 0 0 0 49 0 0 0 0 31 19 0 5 13 0 14 0 0 19 27 15 0 0 34 12 44 0 6 0 0 0 0 16 8 48 18 0 0 0 4 0 24 39 27 0 37 0 24 0 0 0 0 44 9 0 25 0 15 0 6 39 0 12 0 15 38 35 28 6 0 0 6 45 0 26 
0 0 0 22 1 46 0 49 0 0 0 45 39 7 0 0 30 0 0 28 0 46 0 0 0 0 9 41 0 0 15 23 47 0 0 13 21 39 6 0 0 0 0 35 0 30 36 0 35 24 9 23 0 33 47 0 0 0 0 0 20 44 14 0 0 29 0 0 0 32 42 17 49 48 38 0 0 6 43 0 0 0 0 21 
0 0 22 28 37 29 0 0 27 25 0 0 0 0 0 0 0 27 0 4 0 0 0 0 48 46 18 0 23 2 0 17 39 0 0 31 11 0 30 0 6 0 44 0 0 0 5 0 1 0 3 0 3 18 14 34 31 0 11 27 0 48 5 36 0 37 0 42 0 46 0 19 0 0 0 28 22 25 13 13 36 28 0 
14 45 45 0 0 24 0 0 0 0 21 0 17 8 45 0 37 40 0 24 36 0 16 19 0 0 45 0 0 0 18 0 9 26 0 0 0 7 6 0 4 15 0 11 0 36 2 31 0 0 0 0 6 0 0 14 22 15 48 15 2 0 0 0 0 0 29 0 0 0 0 39 0 39 18 1 0 38 26 17 0 2 
0 0 0 0 0 0 0 0 0 22 0 19 0 8 1 21 0 9 20 0 0 21 37 0 0 14 0 0 47 14 38 0 0 0 24 0 26 43 0 20 0 0 0 16 0 0 21 0 14 28 0 8 5 29 0 0 37 32 0 16 0 0 30 0 0 0 0 14 47 0 0 0 0 0 26 0 2 4 0 41 22 
26 0 43 38 0 14 9 27 0 0 0 16 0 18 0 34 0 43 18 0 0 2 0 0 38 1 13 0 0 33 0 24 18 0 1 21 13 0 44 0 0 0 19 0 19 0 37 48 0 5 0 37 40 0 0 6 0 0 20 0 0 0 9 17 0 14 0 0 37 35 33 0 22 42 18 0 0 0 0 0 
40 24 31 9 0 36 0 37 0 0 23 45 32 1 33 0 33 0 0 0 0 0 0 0 28 0 40 0 37 31 2 0 0 42 0 7 17 34 0 48 15 8 28 0 42 32 0 0 23 0 7 0 0 32 0 0 34 34 13 0 0 29 29 0 19 0 0 15 0 0 46 0 41 0 47 39 0 0 41 
0 0 0 19 31 35 31 0 15 37 0 0 0 0 21 0 0 0 0 0 45 0 0 49 22 0 0 29 0 0 0 36 0 35 5 0 14 0 0 49 0 37 0 16 0 0 0 0 26 0 22 0 31 35 0 0 0 17 8 18 0 0 0 0 0 31 24 36 0 0 33 24 27 0 33 0 6 29 
0 1 35 46 23 0 15 0 6 25 34 0 18 4 36 15 0 0 0 16 0 0 17 36 43 0 9 45 7 0 11 0 13 35 0 48 3 0 0 38 44 0 0 0 0 0 0 50 42 5 11 0 0 0 48 38 26 17 0 16 13 0 38 3 35 42 7 0 9 0 7 44 0 42 9 29 0 
27 0 49 45 0 0 38 0 0 45 29 39 15 0 35 40 15 0 38 48 0 20 0 36 20 27 0 0 0 48 32 0 6 36 50 0 0 0 22 0 16 42 24 50 0 0 22 12 32 0 0 0 27 31 26 0 0 0 0 20 8 28 0 25 32 12 37 0 50 42 0 40 0 0 25 47 
41 1 2 0 31 0 23 11 2 30 0 50 0 26 0 0 6 0 49 16 2 0 0 16 0 0 0 0 0 0 36 0 1 0 0 0 0 40 0 5 0 27 0 0 34 0 0 0 0 0 34 0 4 21 0 0 40 48 33 0 0 44 17 0 0 33 39 0 0 34 3 0 13 0 35 
31 49 0 0 0 44 25 45 0 0 0 34 7 30 0 0 37 0 1 34 14 0 0 38 38 0 19 17 8 42 0 0 10 42 46 22 36 33 10 36 40 0 16 48 0 0 0 4 40 0 16 48 0 45 0 7 9 0 0 0 0 22 42 0 0 0 44 49 0 13 0 50 0 0 
38 40 42 0 13 11 32 14 19 0 28 42 0 0 5 0 0 0 50 45 0 0 0 0 0 0 0 0 0 0 0 41 0 0 16 16 2 42 9 42 40 0 0 27 5 6 3 16 0 0 5 0 0 0 31 0 0 2 35 36 39 33 39 0 44 0 0 15 0 0 0 34 25 
0 0 24 0 0 15 0 0 0 0 22 3 0 0 0 0 0 28 15 19 0 0 22 0 43 0 0 0 3 0 49 43 0 17 46 0 0 19 48 0 9 0 0 32 10 0 29 0 29 46 13 35 29 31 13 28 49 22 50 11 0 2 0 0 0 0 37 41 30 34 0 0 
2 11 15 47 0 0 0 23 34 14 16 20 49 0 0 44 0 33 0 17 0 0 31 0 21 0 0 0 0 0 38 29 42 34 36 15 49 0 44 0 0 44 0 0 0 5 0 0 0 3 41 0 0 0 41 0 0 37 9 12 0 48 0 36 0 0 42 0 21 0 0 
3 30 35 0 15 0 0 0 0 0 0 19 0 0 0 0 50 18 46 31 12 32 40 31 24 0 0 16 36 45 17 48 0 13 0 0 0 21 0 0 0 46 0 0 0 22 4 35 0 39 0 4 40 25 0 0 0 16 17 50 0 0 0 16 0 0 0 28 0 4 
43 48 36 0 7 15 0 0 0 36 10 0 39 0 0 0 0 39 4 0 6 0 5 21 0 0 0 0 0 0 0 15 31 1 9 9 45 46 32 0 26 0 0 25 19 41 15 0 5 31 0 18 5 38 32 43 48 20 16 0 0 0 0 0 18 3 0 4 0 
10 6 0 0 0 0 0 0 0 0 0 0 46 0 0 16 0 16 0 39 17 0 0 0 1 0 13 40 0 37 12 23 10 0 0 37 0 0 0 3 0 0 13 0 0 41 7 0 0 50 37 0 48 0 33 0 0 0 0 4 0 28 50 29 29 0 0 0 
39 0 50 21 39 50 0 0 6 21 0 46 0 20 0 44 3 0 0 1 40 6 50 30 0 14 47 0 28 35 0 10 0 0 10 0 50 0 49 0 18 9 41 33 24 0 0 0 0 0 11 39 13 43 0 43 15 0 0 0 23 24 0 27 0 0 2 
8 29 0 0 0 5 37 8 9 0 19 20 0 49 0 30 33 0 38 0 25 0 8 0 16 27 0 0 0 4 0 46 34 23 0 15 0 0 30 3 3 0 0 16 0 0 11 0 0 34 0 44 11 5 42 40 30 11 0 0 34 48 35 0 0 2 
21 10 0 8 19 0 0 0 19 48 0 6 45 26 0 6 0 0 14 37 46 0 16 6 0 48 0 39 0 17 13 49 17 20 0 1 0 0 0 23 24 28 41 43 0 0 5 17 0 6 23 0 0 36 0 0 0 39 0 40 0 0 7 0 49 
10 0 33 0 0 44 46 0 10 32 0 0 16 19 32 50 0 0 21 0 33 7 43 0 35 8 17 10 0 6 3 44 0 18 0 26 0 0 17 32 0 31 37 9 0 0 0 0 46 0 19 0 14 15 40 30 15 28 0 48 0 24 0 0 
25 14 0 48 0 0 0 49 0 13 0 4 42 12 0 0 9 0 2 20 34 36 0 47 22 32 0 10 14 0 1 50 10 0 46 0 5 0 0 15 0 47 12 0 0 0 0 0 0 0 4 0 0 0 41 0 18 0 0 0 36 0 16 
0 10 0 14 0 20 1 0 0 34 24 0 0 0 18 0 0 0 45 0 0 0 25 0 0 0 24 0 11 1 9 8 11 43 38 0 30 0 50 6 35 0 0 0 49 35 23 0 35 34 0 45 0 0 0 38 44 8 12 26 48 17 
37 40 0 0 0 9 5 0 0 33 3 7 0 9 0 11 0 38 23 37 10 0 13 0 0 0 0 17 0 0 7 10 0 43 28 8 2 17 0 0 41 21 0 42 0 0 0 21 36 0 36 22 50 0 50 0 0 0 4 18 0 
0 19 27 5 0 14 0 36 35 0 6 1 35 0 37 0 20 1 15 48 32 0 0 0 10 18 0 0 29 5 0 29 0 32 34 0 0 43 30 35 0 0 2 0 0 43 3 18 49 24 27 0 41 16 0 40 25 0 0 43 
48 0 41 24 9 0 0 0 0 12 0 50 22 33 0 0 0 29 40 0 14 0 2 0 42 6 0 0 0 2 43 0 0 0 9 19 0 0 0 11 1 32 21 1 11 41 12 0 7 0 11 0 37 48 40 2 26 12 0 
47 49 17 40 48 0 0 14 43 3 4 24 0 0 0 3 36 0 11 0 8 0 0 21 0 0 1 31 0 3 0 24 5 0 41 0 0 0 36 0 12 0 0 0 0 7 0 10 50 43 0 0 0 29 0 0 49 8 
0 11 11 16 0 18 0 10 0 8 0 0 0 22 26 14 21 0 0 13 0 13 16 42 45 6 47 5 0 13 6 0 34 0 11 0 0 49 29 27 3 8 25 28 13 0 0 9 0 8 0 18 0 0 3 15 0 
0 0 20 0 22 14 29 0 0 12 0 45 47 4 21 3 0 0 17 0 11 0 0 0 0 26 0 0 25 33 2 0 0 29 0 0 31 28 38 34 7 49 0 40 0 0 0 13 0 3 21 0 0 0 16 18 
0 0 39 0 21 0 0 0 46 28 0 33 0 0 0 0 44 39 0 40 44 0 5 0 0 15 0 1 18 27 14 26 1 36 0 25 0 41 30 0 0 3 45 40 0 0 0 47 26 14 0 0 0 0 0 
16 0 0 32 0 0 19 0 31 22 0 18 37 22 26 40 4 0 18 0 0 0 12 39 0 19 0 18 0 0 0 38 0 33 0 29 35 14 0 0 0 0 0 0 28 35 0 7 46 28 0 0 0 32 
0 0 13 0 50 0 0 41 15 24 19 21 2 0 0 23 0 0 0 11 0 8 39 0 36 0 50 0 22 4 0 13 0 0 5 0 3 45 0 0 12 0 0 0 11 0 45 0 0 36 0 44 39 
5 7 0 0 0 26 0 5 0 0 0 28 0 0 48 0 38 0 34 0 9 48 0 0 17 16 0 0 0 24 28 0 24 28 0 20 0 0 40 10 3 6 25 31 32 16 0 0 39 1 32 47 
47 0 5 19 0 24 22 0 10 37 0 30 0 0 26 15 0 12 0 0 0 0 0 29 45 8 36 35 0 48 0 0 0 38 0 0 35 12 0 0 0 10 0 3 0 43 27 30 0 0 37 
0 0 8 37 14 0 0 26 0 13 0 42 44 4 0 0 41 45 33 12 0 0 0 36 0 10 0 50 18 16 26 28 11 22 0 18 21 2 26 0 21 0 0 0 0 0 25 8 27 1 
23 1 0 23 5 24 0 0 0 0 50 0 37 0 48 0 0 14 0 43 0 0 2 0 0 16 16 0 0 31 0 0 0 6 0 24 0 28 0 8 18 47 26 0 19 27 0 34 36 
30 0 0 0 14 0 46 15 0 0 46 20 0 43 0 39 24 0 0 14 23 0 31 0 39 0 31 10 19 13 3 0 0 0 0 3 0 0 0 44 0 0 0 18 15 28 25 0 
0 13 0 13 0 13 21 0 5 21 0 0 36 32 0 24 11 47 33 44 35 0 0 37 16 39 6 13 45 19 0 0 37 45 2 17 0 46 5 0 40 14 0 16 0 0 1 
0 0 4 7 38 20 41 0 18 37 24 33 11 0 26 0 34 37 0 19 18 0 3 7 0 0 32 3 0 0 36 49 0 0 0 47 37 0 0 9 29 35 0 1 32 31 
0 8 0 46 0 18 18 0 0 0 0 34 0 16 0 5 44 0 0 10 26 0 33 0 0 50 24 3 24 0 29 39 0 0 17 21 0 26 0 0 14 45 1 42 0 
45 0 46 0 49 0 0 37 14 37 0 0 7 0 0 0 0 0 15 43 0 0 37 0 0 38 3 0 0 40 32 23 31 0 0 29 0 23 45 10 15 0 20 6 
8 0 0 22 0 0 30 24 29 0 28 10 0 0 0 28 0 14 0 11 0 37 0 2 40 0 45 26 0 38 0 37 0 14 39 0 6 44 31 40 0 0 0 
34 0 27 48 0 40 7 0 18 16 0 0 0 0 29 0 6 0 9 46 0 0 0 0 0 0 39 0 29 0 28 14 45 9 2 23 0 36 0 22 0 37 
30 20 0 0 0 0 0 0 0 0 36 46 42 1 12 0 0 0 47 0 21 11 0 0 0 0 50 7 0 16 0 4 20 34 39 0 46 0 0 2 0 
16 27 0 0 43 40 0 40 0 0 0 0 10 16 27 0 0 37 33 0 0 29 0 24 0 20 43 41 32 0 49 0 0 0 0 43 3 37 0 0 
8 36 42 16 0 27 22 14 0 2 0 3 0 22 0 28 40 0 0 50 9 0 27 44 16 30 12 38 2 11 19 0 0 0 0 48 39 0 0 
0 0 0 0 38 22 0 0 0 7 21 0 6 0 0 25 8 34 0 0 3 0 25 0 19 0 13 0 34 20 38 32 0 40 6 0 0 0 
9 30 0 6 25 0 10 0 0 1 6 11 0 0 44 0 21 0 17 0 30 0 0 0 0 18 50 38 0 0 1 0 7 26 0 38 0 
0 10 19 0 0 16 33 0 0 19 18 9 36 18 0 38 17 0 43 24 0 31 49 34 31 9 48 0 0 21 0 0 0 48 0 0 
0 0 30 10 47 0 25 38 0 0 0 0 4 0 0 0 0 0 0 0 40 50 33 15 0 0 0 12 48 0 5 0 0 25 0 
0 8 0 35 16 11 0 41 42 13 0 0 22 0 32 21 27 0 26 48 0 0 0 5 6 38 0 36 0 31 0 28 0 0 
0 50 0 0 23 0 7 45 42 19 0 34 0 0 0 0 31 0 6 50 0 0 35 38 7 0 0 0 0 35 5 0 27 
0 6 0 46 6 0 0 26 30 0 24 32 7 0 9 44 21 0 14 6 0 38 0 41 38 0 0 0 45 5 0 6 
41 0 49 0 0 0 0 0 38 0 7 41 40 30 22 7 34 4 35 32 32 0 26 29 0 0 0 16 38 35 23 
0 0 16 48 0 34 11 47 0 29 0 5 0 42 6 14 5 0 0 0 0 2 10 19 13 38 45 43 0 0 
3 0 0 0 33 17 21 33 0 15 7 8 32 13 0 0 0 11 0 0 1 3 0 0 0 23 9 12 10 
44 10 0 0 42 0 36 0 0 0 25 0 0 12 36 12 0 0 0 38 0 29 0 0 0 22 0 35 
23 24 1 10 0 0 12 36 3 0 0 28 0 2 4 0 0 5 13 0 0 30 0 0 48 0 27 
0 7 0 5 0 0 0 0 22 12 7 0 26 0 0 42 21 8 1 0 25 0 17 0 43 0 
5 9 43 0 22 35 0 22 0 0 15 0 0 0 2 17 44 0 22 30 0 15 0 0 0 
0 0 36 27 0 0 43 43 0 0 0 28 37 9 0 18 40 1 0 0 0 34 0 29 
11 38 17 13 9 3 0 0 31 29 0 0 0 0 0 0 25 24 19 0 40 46 0 
30 0 2 0 21 25 23 0 38 32 36 0 38 0 31 27 34 0 0 0 27 0 
1 0 5 0 7 49 0 20 0 0 0 0 0 39 47 0 0 0 35 14 42 
27 0 32 24 28 0 0 0 0 2 20 0 0 0 21 0 13 40 0 0 
4 0 0 0 25 0 0 47 0 0 21 18 23 41 23 0 0 0 0 
0 31 7 38 31 0 0 0 0 0 0 39 11 1 0 0 38 47 
16 0 0 34 27 46 0 0 24 27 32 0 43 0 0 0 0 
0 38 0 0 39 0 0 0 40 0 0 0 0 24 20 17 
21 44 11 0 0 0 28 12 0 3 0 0 49 28 33 
42 49 0 0 0 0 14 39 0 8 44 30 0 41 
6 0 16 0 14 20 33 7 16 0 0 40 33 
0 4 0 50 0 0 12 0 0 11 0 31 
20 4 0 3 0 0 0 31 28 0 0 
26 0 0 41 0 0 20 21 24 0 
0 27 0 39 0 0 4 5 0 
0 3 22 4 0 0 29 0 
44 25 21 0 1 47 4 
28 34 0 0 14 0 
0 0 0 0 49 
5 4 25 49 
26 0 0 
0 0 
0 

1 14
1 50
1 54
1 62
1 108
1 143
1 161
1 168
1 177
2 19
2 69
2 127
2 142
2 171
2 187
3 19
3 43
3 51
3 64
3 71
3 101
3 106
3 134
3 167
3 169
3 172
4 30
4 53
4 102
4 106
4 131
4 145
5 21
5 34
5 45
5 47
5 62
5 69
5 72
5 91
5 96
5 126
5 132
5 150
5 171
5 178
6 24
6 35
6 67
6 78
6 87
6 90
6 178
6 185
7 12
7 82
7 142
7 154
7 160
7 200
8 10
8 19
8 39
8 43
8 90
8 95
8 98
8 108
8 125
8 128
8 142
8 165
9 26
9 94
9 130
9 164
9 196
10 33
10 46
10 139
10 177
11 45
11 86
11 92
11 109
11 159
11 168
11 171
12 13
12 35
12 66
12 72
12 179
13 48
13 65
13 99
13 104
13 107
13 141
13 145
13 149
13 192
14 37
14 40
14 46
14 56
14 71
14 108
14 114
14 122
14 132
14 145
14 196
15 43
15 61
15 102
15 158
15 169
16 22
16 44
16 56
16 95
16 113
16 117
16 161
16 186
16 188
17 29
17 46
17 68
17 115
17 150
17 190
18 24
18 38
18 73
18 118
18 185
18 190
19 32
19 60
19 85
19 89
19 112
19 134
19 152
19 158
20 34
20 50
20 59
20 97
20 132
20 136
20 138
20 142
20 169
20 179
20 191
21 39
21 45
21 89
21 90
21 135
21 140
21 166
21 177
21 180
21 185
21 186
21 196
22 49
22 73
22 117
22 121
22 138
22 146
23 37
23 38
23 40
23 41
23 61
23 62
23 97
23 98
23 154
23 156
23 190
24 139
24 170
24 184
24 192
25 62
25 99
25 122
25 128
25 130
25 131
25 134
25 142
25 159
25 177
25 187
26 74
26 187
26 196
27 52
27 79
27 102
27 107
27 114
27 122
28 32
28 47
28 55
28 64
28 92
28 96
28 97
28 101
28 141
28 198
29 138
29 154
29 176
29 198
30 60
30 84
30 113
30 150
30 175
30 178
30 191
30 192
30 200
31 45
31 58
31 85
31 88
31 105
31 184
32 52
32 60
32 61
32 99
32 106
32 138
32 139
32 155
32 165
32 194
33 37
33 41
33 80
33 150
33 158
33 199
34 38
34 63
34 91
34 92
34 94
34 111
34 113
34 199
35 38
35 40
35 62
35 79
35 82
35 129
35 134
35 137
35 140
35 160
35 165
36 58
36 59
36 108
36 165
37 130
37 131
37 153
37 192
37 199
38 42
38 44
38 79
38 146
38 153
38 159
38 166
38 180
38 188
38 191
39 54
39 64
39 94
39 127
39 141
39 160
39 170
39 187
40 68
40 110
40 196
41 44
41 61
41 73
41 74
41 100
41 113
41 157
41 158
41 159
41 169
41 176
42 72
42 109
42 117
43 57
43 188
43 192
44 53
44 131
44 134
44 194
45 58
45 77
45 94
45 129
45 130
45 133
45 181
45 198
46 63
46 65
46 173
46 176
47 53
47 100
47 112
47 127
47 135
47 154
47 158
47 174
47 183
48 82
48 98
48 131
48 151
49 58
49 64
49 72
49 73
49 82
49 119
49 173
49 178
50 65
50 71
50 91
50 141
50 167
50 197
51 66
51 76
51 86
51 148
51 174
51 194
52 60
52 101
52 108
52 124
52 145
52 153
52 173
52 180
53 89
53 102
53 144
53 161
53 169
53 182
53 184
54 132
54 175
55 59
55 67
55 88
55 100
55 121
55 143
55 144
55 162
55 200
56 74
56 80
56 97
56 101
56 162
56 165
56 169
57 72
57 91
57 95
57 99
57 115
57 118
57 121
57 145
57 147
57 149
57 191
58 86
58 107
58 164
59 72
59 84
59 108
59 121
59 130
59 136
59 152
59 165
60 160
60 175
61 95
61 96
62 76
62 101
62 102
62 118
62 147
62 151
62 152
62 181
63 65
63 74
63 104
63 113
63 136
63 145
63 164
64 81
64 112
64 156
64 160
64 162
64 187
64 200
65 70
65 86
65 100
65 107
65 120
65 139
65 150
65 153
65 156
65 178
66 121
66 124
66 131
66 155
66 156
66 172
66 193
67 92
67 140
67 158
67 165
67 186
67 188
68 88
68 102
68 128
68 165
68 169
68 176
68 188
68 195
69 78
69 113
69 157
69 173
71 86
71 91
71 126
71 128
71 180
71 187
71 198
72 96
72 152
72 181
73 76
73 105
74 134
74 141
74 178
74 187
75 76
75 103
76 97
76 110
76 176
77 108
77 115
77 158
77 193
77 200
78 174
78 191
79 118
79 143
79 145
79 147
79 161
79 179
80 98
80 113
80 158
80 186
81 86
81 129
81 178
81 180
82 111
82 123
82 134
82 160
82 180
82 193
83 103
83 111
83 175
83 185
83 195
84 146
84 164
85 98
85 112
85 116
85 136
85 179
86 194
87 102
87 138
87 156
87 162
87 168
87 169
87 185
87 193
87 194
88 95
88 141
88 158
88 169
88 182
88 189
89 137
89 146
89 156
90 94
90 106
90 149
90 187
91 94
91 99
91 107
91 113
91 115
91 146
92 117
92 133
92 185
93 121
93 125
93 154
93 170
94 112
94 115
94 129
94 130
94 146
94 151
94 169
94 193
95 124
95 134
95 153
95 164
95 192
96 130
96 140
96 185
96 194
97 117
97 152
97 154
97 169
98 99
98 139
98 142
98 144
98 193
99 100
99 117
99 147
99 176
100 142
100 174
100 187
101 106
101 111
101 140
101 158
101 174
102 113
102 153
102 161
102 186
102 192
103 108
103 151
104 147
104 150
104 160
104 163
105 111
105 141
105 168
106 130
106 142
106 147
106 151
106 164
107 134
107 166
107 168
108 151
109 156
109 168
109 173
110 189
110 193
111 130
111 144
111 161
112 132
112 135
112 149
112 186
112 192
113 123
113 136
113 141
113 158
114 159
114 160
114 184
114 192
115 156
115 163
115 166
115 170
115 189
115 196
116 132
117 131
117 145
117 182
118 143
118 153
118 186
118 199
119 125
119 126
119 144
121 128
121 130
121 139
121 144
121 191
122 123
122 148
123 161
123 167
124 147
124 183
125 143
125 180
125 181
126 186
126 195
127 180
128 145
128 161
129 169
129 190
129 194
130 165
130 173
131 139
131 161
131 162
131 182
131 193
132 146
132 171
133 173
133 199
134 171
135 174
136 138
136 156
137 140
137 152
137 191
138 146
138 151
138 159
139 164
139 172
139 179
139 196
139 197
140 141
140 147
141 189
141 200
142 198
143 164
143 175
143 192
144 155
144 197
145 151
145 161
145 180
147 153
148 159
149 166
149 184
149 189
150 195
151 159
151 176
151 182
151 184
152 195
153 165
154 168
154 176
155 189
156 174
157 200
158 163
158 171
158 174
159 185
160 172
160 199
161 196
162 166
162 170
162 199
162 200
163 200
166 187
166 200
167 171
167 181
167 194
168 169
168 182
169 191
169 194
171 173
171 190
171 195
172 182
174 182
174 189
174 194
176 186
176 195
177 190
179 188
182 192
183 200
185 197
190 193
