200 796 1000

55 109 103 106 77 39 110 75 51 33
101 12 80 109 91 11 56 106 69 14
67 14 110 30 103 18 71 37 16 58
64 27 20 21 35 25 68 30 17 89
24 101 23 14 11 11 106 103 60 56
31 54 105 83 27 31 49 73 14 104
105 96 51 15 35 15 24 22 55 51
72 80 59 60 28 110 47 74 86 107
26 23 33 105 57 49 69 58 26 14
54 78 105 68 89 44 26 88 67 37
102 110 107 90 44 34 15 16 80 63
67 29 104 34 58 39 19 79 49 46
108 55 42 45 55 81 78 49 19 22
79 44 12 76 78 21 27 80 21 25
29 88 29 14 13 80 50 89 27 110
96 97 70 45 66 32 100 23 30 31
37 86 49 89 82 13 65 97 65 24
89 92 39 33 91 98 17 103 66 110
72 37 56 65 76 97 75 72 75 75
36 82 28 88 108 79 103 48 15 56

45 99 93 96 67 29 100 65 41 23
91 2 70 99 81 1 46 96 59 4
57 4 100 20 93 8 61 27 6 48
54 17 10 11 25 15 58 20 7 79
14 91 13 4 1 1 96 93 50 46
21 44 95 73 17 21 39 63 4 94
95 86 41 5 25 5 14 12 45 41
62 70 49 50 18 100 37 64 76 97
16 13 23 95 47 39 59 48 16 4
44 68 95 58 79 34 16 78 57 27
92 100 97 80 34 24 5 6 70 53
57 19 94 24 48 29 9 69 39 36
98 45 32 35 45 71 68 39 9 12
69 34 2 66 68 11 17 70 11 15
19 78 19 4 3 70 40 79 17 100
86 87 60 35 56 22 90 13 20 21
27 76 39 79 72 3 55 87 55 14
79 82 29 23 81 88 7 93 56 100
62 27 46 55 66 87 65 62 65 65
26 72 18 78 98 69 93 38 5 46

0 32 0 0 5 36 37 0 26 0 0 22 26 5 50 0 28 19 48 0 34 0 46 0 42 0 34 0 12 0 20 0 0 0 0 22 48 0 0 0 0 0 32 34 33 3 0 0 4 0 30 48 0 0 47 1 0 15 0 0 0 14 0 46 0 0 0 12 0 0 0 0 0 22 6 0 0 10 0 29 0 0 12 12 8 43 0 0 24 0 49 0 0 0 0 2 0 38 45 44 0 34 38 10 0 23 0 0 0 4 0 37 27 47 18 0 3 25 0 32 20 0 46 7 13 23 21 44 34 44 0 0 6 8 21 0 37 35 10 30 36 14 43 21 18 0 0 15 0 0 44 0 0 50 24 0 0 0 31 0 36 0 40 0 21 0 0 4 38 0 14 17 9 50 0 35 41 41 18 32 0 12 48 13 45 0 0 47 0 37 13 0 21 10 27 0 0 0 0 
0 42 0 2 0 34 0 0 27 0 3 0 2 1 0 45 0 0 0 46 46 7 0 39 46 0 32 42 4 13 39 38 0 0 10 0 36 30 45 0 0 0 29 0 0 50 0 0 0 0 0 0 0 0 0 0 0 0 0 0 50 0 45 0 14 2 0 35 0 42 41 0 4 0 50 42 32 0 0 0 0 12 44 0 30 12 49 50 0 0 39 30 0 39 49 17 16 0 8 0 0 0 17 0 0 38 0 13 0 0 24 0 0 35 0 27 0 26 0 0 26 4 0 0 17 50 0 0 13 48 0 47 34 27 0 0 0 0 0 0 34 0 27 12 10 0 25 0 0 38 25 1 0 0 43 49 0 18 0 0 28 0 0 15 0 0 0 14 0 47 2 0 9 0 27 0 0 2 0 34 15 13 0 31 38 7 29 21 34 50 31 0 48 39 26 0 8 41 
0 33 0 37 0 2 24 45 0 46 5 0 0 0 0 34 8 2 0 41 28 0 39 0 43 0 0 19 0 7 17 37 0 27 13 0 8 0 34 23 1 40 22 0 0 12 0 0 0 43 0 30 2 0 0 0 9 8 8 21 48 44 29 0 16 50 1 0 0 0 33 0 0 34 0 42 32 48 10 31 0 43 0 0 0 11 15 39 0 31 0 0 0 48 48 7 0 0 0 0 37 12 21 0 0 41 20 0 0 17 24 25 39 0 46 0 0 26 47 0 0 0 40 0 45 0 5 0 0 21 0 3 24 0 0 0 0 17 0 0 0 44 0 45 13 5 0 0 5 0 1 27 17 0 0 16 44 0 41 0 0 0 35 0 0 50 0 49 2 0 0 0 43 0 7 0 0 0 0 0 45 0 0 8 17 0 9 0 0 0 35 39 0 36 50 31 23 
0 0 0 23 42 0 33 37 0 14 47 0 0 24 0 0 0 27 0 5 31 0 0 29 0 7 28 0 26 0 14 49 0 36 6 0 23 11 38 0 41 0 35 0 45 32 30 0 22 32 0 33 0 0 47 0 0 0 7 9 37 0 41 0 0 23 16 0 0 0 1 49 0 39 8 29 0 0 0 47 27 0 11 18 0 0 0 16 33 0 23 0 21 0 18 0 49 0 0 0 32 0 4 24 0 0 8 0 0 0 0 0 0 26 0 0 45 49 0 27 11 35 34 0 11 26 0 0 0 47 10 0 9 21 25 0 41 0 37 0 5 1 37 29 0 40 15 23 0 34 23 37 5 0 1 0 46 8 12 47 13 0 0 0 48 0 42 22 14 24 0 0 0 0 38 3 2 0 0 1 0 19 0 32 38 20 0 0 28 24 44 19 12 0 0 0 
0 0 16 29 18 48 1 5 47 38 0 10 37 0 34 5 20 16 50 24 38 0 18 0 2 7 48 41 0 0 0 0 0 14 21 50 0 45 44 42 11 0 0 0 4 0 36 0 37 0 22 23 14 16 29 0 0 9 0 48 0 10 6 37 0 6 10 46 0 0 0 29 11 29 47 49 16 29 0 19 0 50 0 35 17 3 0 11 0 44 20 44 0 0 10 36 7 0 13 43 0 30 26 0 3 24 0 0 29 0 11 0 30 45 0 25 6 0 0 0 6 0 0 0 0 1 0 0 0 8 0 18 16 37 0 2 0 0 0 0 48 31 0 15 0 4 0 0 36 50 5 0 0 0 45 0 31 30 34 0 46 0 0 21 0 6 0 19 17 0 25 0 0 0 12 1 0 0 0 0 13 29 0 11 0 0 10 0 40 0 32 0 12 0 0 
46 0 0 0 34 2 28 44 29 13 5 0 17 0 0 39 40 18 25 37 21 28 38 0 2 48 33 0 0 0 0 0 30 42 13 0 22 0 0 0 29 0 19 15 2 21 41 12 0 30 0 27 0 5 28 14 23 0 4 0 0 0 0 2 0 22 0 33 0 0 21 11 0 0 23 49 37 25 43 0 10 0 0 0 0 0 18 0 0 0 21 16 0 12 0 21 34 0 35 3 42 0 0 16 0 0 16 0 0 0 0 47 0 7 7 28 45 0 15 0 21 0 10 38 0 0 23 0 40 43 0 0 44 8 0 21 0 26 0 0 0 0 27 0 0 0 0 0 42 0 16 0 0 5 12 38 0 0 24 0 0 0 0 0 14 0 26 4 1 19 16 47 0 37 0 0 5 27 12 43 0 0 0 26 0 47 16 0 0 22 40 0 6 35 
0 4 26 0 4 0 0 10 25 0 6 0 27 46 19 0 50 11 0 0 0 0 48 0 28 14 44 35 0 0 48 0 49 39 0 50 0 43 27 0 1 0 0 30 0 0 0 0 19 0 44 5 0 0 47 34 30 39 0 46 39 12 0 0 11 0 0 0 41 9 0 28 3 0 4 25 0 0 0 49 0 44 0 0 48 0 0 9 31 0 0 45 25 0 7 13 0 0 10 15 0 0 17 0 46 12 0 11 0 0 11 0 47 0 0 44 8 11 0 0 16 28 0 0 22 10 22 5 37 44 0 0 10 46 7 40 36 0 0 38 0 0 21 39 0 20 15 0 0 0 46 0 15 27 16 0 20 42 18 2 17 9 24 0 12 0 0 6 5 1 12 46 0 11 0 35 48 0 39 12 0 20 14 0 43 7 10 0 0 0 14 1 50 
0 20 0 0 39 22 12 44 0 6 0 0 0 23 0 27 0 0 2 0 0 0 0 5 25 37 0 15 17 37 0 47 12 16 0 12 0 0 0 0 0 0 0 22 8 42 46 0 40 39 0 5 12 0 0 0 39 26 27 0 38 0 0 0 4 9 34 10 0 20 0 0 44 0 29 0 40 38 0 36 19 15 2 20 0 47 33 33 0 0 0 20 0 17 20 20 0 0 0 0 0 19 50 12 0 17 14 30 0 0 40 0 0 0 12 0 0 43 0 0 37 0 29 27 0 0 5 48 29 11 0 17 43 0 0 0 15 36 2 18 0 0 0 17 14 0 39 49 0 30 0 0 12 0 33 0 0 0 11 0 0 0 0 0 0 0 0 0 0 49 0 0 0 0 20 0 0 0 0 28 0 24 12 0 20 0 0 0 0 38 0 0 
0 34 5 0 0 0 0 5 0 41 0 0 38 0 0 8 37 11 0 0 27 37 49 41 4 0 0 7 0 0 0 19 16 0 10 0 45 7 0 9 0 20 0 16 45 11 0 0 22 8 46 6 0 0 47 0 0 12 15 31 41 0 9 0 0 0 0 36 24 45 12 20 21 42 0 0 1 36 0 0 37 18 0 0 0 0 27 33 0 38 0 21 0 0 31 49 44 33 8 22 0 50 0 16 44 0 11 0 0 0 13 41 46 2 46 30 34 0 27 0 8 47 34 5 41 27 0 0 0 0 0 35 0 0 0 0 0 0 0 30 0 0 0 0 0 0 29 0 8 7 46 0 0 0 29 20 0 23 0 0 0 48 5 0 0 41 0 10 25 38 37 0 0 0 42 7 17 0 16 48 0 0 0 0 0 20 0 0 1 0 16 
27 18 0 6 0 0 19 0 0 0 23 19 45 0 39 7 0 0 45 1 0 47 44 0 0 0 0 45 12 31 43 2 0 0 0 46 24 0 8 6 39 0 25 0 43 12 38 0 0 40 13 0 0 0 41 12 0 0 25 0 21 42 4 0 0 0 0 0 18 0 0 0 0 0 0 0 0 43 7 18 47 0 41 0 0 0 14 0 48 0 0 3 5 0 20 0 9 20 0 18 0 39 12 24 0 3 18 0 0 5 27 0 4 0 14 0 0 0 0 0 18 0 0 1 46 0 8 8 8 5 45 19 48 0 44 26 24 30 0 10 13 30 0 29 0 0 19 29 0 8 0 0 24 35 34 0 24 0 0 0 27 12 0 0 16 0 0 0 24 0 0 0 27 37 46 0 0 0 31 0 0 0 0 42 0 9 0 0 34 12 
50 0 0 0 15 9 43 0 13 8 0 0 6 0 0 7 5 0 1 0 0 4 0 37 21 0 0 0 17 0 0 0 30 38 31 23 0 0 2 39 1 44 36 38 50 0 0 18 6 22 0 6 0 36 0 0 3 6 29 44 15 0 0 0 0 16 20 0 0 0 0 0 17 0 37 0 0 0 50 16 0 0 36 0 17 0 0 0 39 0 0 30 23 22 34 14 49 19 0 40 0 0 47 2 4 12 4 24 0 0 0 0 47 49 32 0 39 0 0 0 9 0 12 18 0 0 18 0 25 49 34 0 0 1 28 0 37 35 0 0 21 4 12 45 44 23 0 0 25 0 0 0 11 32 0 0 28 6 0 43 0 0 43 0 16 28 0 0 42 0 1 0 4 42 0 7 39 19 43 9 4 0 35 0 0 0 0 0 0 
31 0 46 0 50 41 0 0 10 42 0 35 16 0 0 0 36 9 1 4 0 0 18 0 42 46 46 45 26 19 41 17 12 0 0 42 0 32 6 0 0 0 26 28 0 16 33 0 9 0 5 0 4 0 28 41 0 0 37 17 21 0 42 0 43 4 0 0 7 18 0 50 14 19 46 13 31 22 0 0 0 0 0 0 12 29 41 0 49 0 12 0 4 13 0 10 0 0 0 0 40 0 0 12 0 14 29 11 28 29 0 0 47 0 0 41 2 0 0 0 45 0 25 47 22 0 42 7 0 0 4 0 13 0 34 31 0 49 0 39 0 0 26 50 9 47 0 0 47 0 10 0 16 0 42 9 18 0 44 1 48 19 0 18 0 0 7 0 46 0 30 5 0 0 26 36 15 0 44 0 9 47 18 48 0 0 31 0 
22 0 44 0 0 0 4 1 1 5 0 0 0 29 0 0 0 27 24 0 25 0 34 30 25 0 37 19 33 0 5 33 45 26 0 2 21 0 0 0 44 0 37 0 0 29 46 0 0 31 33 8 6 46 0 25 0 32 0 16 0 46 21 4 4 23 0 0 46 0 0 0 0 0 0 3 33 0 46 18 0 13 33 0 18 0 0 42 45 0 0 48 0 18 34 0 12 20 23 15 47 0 0 22 0 12 22 23 0 47 49 0 0 46 0 0 0 0 0 7 0 48 0 46 38 11 34 0 12 41 0 27 0 0 0 0 0 0 3 11 18 21 21 39 23 0 28 0 0 47 28 0 4 0 33 47 0 0 49 12 0 0 46 0 3 0 19 0 26 0 40 0 3 25 24 30 0 0 6 0 12 0 0 18 0 33 49 
0 0 5 5 15 0 38 0 0 43 50 29 0 0 35 18 22 0 0 18 15 0 49 0 37 15 0 0 0 21 22 0 46 0 3 49 13 31 26 0 34 0 45 0 47 8 45 0 18 0 11 18 17 0 16 7 0 2 0 23 38 0 0 0 0 0 0 0 30 36 0 0 27 21 0 0 0 0 15 5 0 42 0 33 44 32 8 0 0 0 0 0 12 0 5 0 49 9 0 19 14 0 39 49 24 0 32 0 35 5 0 31 36 27 21 25 34 0 8 0 44 0 0 0 0 0 0 41 0 23 10 0 0 37 4 0 0 30 46 0 0 0 35 28 40 0 19 0 25 12 0 38 0 22 0 0 0 0 29 39 0 0 11 0 0 20 0 30 0 0 0 0 31 0 23 0 15 35 21 0 33 0 49 0 0 0 
16 26 0 32 0 5 3 19 26 0 0 43 0 2 36 0 0 0 0 50 0 26 7 0 27 27 0 0 38 0 0 0 0 0 47 43 50 0 42 27 38 5 0 17 42 2 0 43 45 0 0 0 22 0 0 12 0 0 0 33 36 0 25 0 49 4 37 11 43 0 0 0 0 25 31 0 0 0 0 0 0 0 0 0 0 0 0 16 31 25 41 0 0 0 0 28 0 50 28 36 31 43 0 25 40 41 21 0 0 0 40 0 0 0 13 30 0 0 3 5 14 6 0 0 0 26 16 14 0 9 0 0 4 49 0 0 12 27 0 42 0 0 0 0 16 0 34 34 0 0 32 21 45 38 0 0 0 45 42 0 0 33 0 10 26 0 23 0 0 29 9 16 9 0 0 37 27 39 17 0 16 32 16 0 0 
35 33 0 0 0 0 3 0 2 15 0 0 7 3 48 17 0 20 45 0 20 16 2 19 15 30 0 0 20 6 41 47 0 0 21 0 31 30 0 48 31 24 0 0 31 0 22 44 43 12 0 15 4 0 36 0 31 31 13 0 0 0 0 1 0 0 0 0 0 0 2 15 0 36 49 49 20 19 49 0 0 0 32 0 9 0 0 9 5 0 0 38 0 44 49 0 23 46 0 29 0 0 50 0 33 2 0 12 0 0 31 0 36 18 45 9 48 0 39 29 13 35 44 41 21 47 0 0 0 6 31 0 0 0 0 48 0 16 47 11 1 14 32 38 0 0 12 0 8 50 6 48 0 27 11 11 0 0 0 39 12 0 38 6 0 0 31 49 0 0 49 0 15 35 0 0 0 0 10 0 19 0 0 0 
0 30 31 0 48 15 32 0 6 0 0 2 34 0 0 37 14 27 40 26 21 0 0 0 0 7 0 0 42 38 14 50 0 9 44 10 0 33 13 20 0 33 0 0 0 2 0 0 0 35 31 35 38 0 0 14 26 0 0 0 50 0 34 0 50 0 0 28 24 0 0 47 26 0 34 49 11 29 2 0 0 0 0 9 29 0 26 0 40 0 24 49 0 0 24 0 30 0 0 0 0 30 4 0 49 0 9 42 0 0 13 30 0 0 7 38 0 41 50 0 9 0 5 26 32 0 7 0 34 3 0 47 12 32 0 15 0 0 0 0 0 0 45 31 38 27 32 0 11 50 17 36 17 0 0 30 0 0 0 26 0 0 0 43 0 29 0 16 0 0 23 0 0 21 41 0 32 0 38 44 29 18 48 
9 41 0 0 0 0 0 17 21 0 40 0 0 0 0 0 0 43 40 0 15 18 0 43 0 28 0 0 31 0 34 6 0 9 0 0 23 28 32 0 0 46 30 0 0 0 0 0 0 41 40 10 0 0 0 10 0 0 4 0 31 18 0 50 34 0 28 0 0 10 3 44 0 37 1 0 47 43 0 0 0 0 0 40 0 0 9 42 0 0 33 0 27 0 11 0 0 0 33 0 40 26 0 46 27 36 21 46 0 45 0 0 0 0 0 27 0 29 42 44 3 0 7 29 8 39 0 41 0 0 16 6 0 1 18 34 4 13 0 0 6 34 0 0 5 0 0 0 0 23 21 12 22 26 0 19 0 20 33 47 32 25 0 42 23 17 10 0 45 30 0 0 0 50 0 15 36 0 34 13 0 47 
45 0 29 0 3 0 3 0 0 23 0 0 1 0 0 0 23 27 18 46 34 30 26 26 45 45 11 23 29 0 39 9 0 48 10 0 37 0 50 1 0 0 35 0 0 36 0 29 0 46 36 29 15 0 32 40 0 12 10 10 0 0 0 11 10 0 31 0 0 36 0 1 0 21 0 14 9 1 0 41 0 0 21 28 0 0 25 0 0 0 46 18 42 0 43 7 50 0 0 0 0 0 35 19 21 26 49 43 0 37 0 0 45 0 0 0 0 27 0 0 11 42 43 9 0 37 0 1 9 0 5 36 36 0 31 0 44 0 0 25 14 0 0 0 26 14 48 18 0 0 43 34 50 48 31 0 0 0 0 0 41 0 48 37 0 4 31 0 0 30 48 0 30 0 0 4 0 0 0 0 0 
46 18 0 0 10 0 40 3 0 43 0 0 26 33 31 0 0 26 0 0 27 38 28 3 1 26 0 0 11 0 46 24 0 42 0 0 14 0 7 24 0 38 0 31 39 20 4 17 38 0 0 0 0 0 0 49 0 0 42 0 18 44 50 0 6 9 11 0 10 42 0 0 0 12 49 0 0 15 38 0 27 12 0 48 0 50 28 0 11 44 0 0 4 0 26 0 42 12 0 0 42 0 0 15 0 17 0 0 31 0 25 0 47 41 0 6 17 18 0 50 0 0 0 41 49 37 0 4 0 0 18 23 25 30 0 23 5 0 0 0 0 8 0 48 0 49 12 48 8 25 45 5 0 23 25 0 0 34 0 0 50 36 29 14 0 0 0 34 49 0 46 0 0 27 31 34 0 1 43 24 
29 0 13 41 0 26 33 0 0 4 48 26 0 30 5 23 0 3 0 16 0 0 0 46 0 0 0 0 20 0 0 5 0 0 50 0 44 47 43 2 0 17 22 6 0 26 0 0 50 0 0 21 0 45 30 6 0 27 16 3 0 0 22 0 0 42 37 0 0 0 6 25 9 0 35 0 6 0 17 0 0 2 33 39 0 50 40 4 33 0 0 0 0 0 33 0 0 0 0 0 0 0 32 0 40 0 0 0 0 14 0 23 0 0 0 2 0 0 0 0 0 42 0 0 0 0 0 0 0 15 0 4 45 46 0 0 13 0 0 6 0 0 0 0 45 0 0 0 37 29 0 32 0 41 0 11 0 8 9 19 28 37 0 0 0 0 9 0 0 0 0 0 0 0 17 12 48 0 0 
0 0 35 0 22 25 1 17 14 0 23 0 24 37 43 0 0 0 23 0 0 38 43 0 6 22 33 35 0 0 0 18 0 19 15 0 8 0 3 5 0 31 29 0 0 31 37 0 19 6 0 13 31 0 36 0 0 41 0 17 46 0 39 0 0 0 22 0 17 29 40 2 7 0 47 20 45 45 36 0 0 28 25 18 47 0 2 38 43 36 0 9 10 0 4 23 0 5 49 0 22 2 16 24 0 45 0 0 49 0 33 18 11 0 43 0 0 0 41 0 29 0 3 0 11 0 12 0 25 0 50 0 46 0 0 43 3 2 40 30 0 0 0 0 0 0 15 10 39 15 33 23 0 0 0 0 0 0 0 0 22 4 0 21 36 22 0 0 42 25 0 46 1 47 0 42 0 10 
0 0 0 11 0 5 0 49 44 8 39 0 21 46 33 42 0 32 0 10 0 47 24 43 0 0 24 31 0 0 0 0 43 0 0 7 36 0 0 3 26 0 0 0 0 0 6 3 0 0 0 42 21 30 31 0 11 0 29 0 44 27 36 38 0 43 41 0 0 0 0 17 43 41 0 0 0 0 0 0 25 0 18 0 3 16 0 0 2 0 45 14 12 46 0 39 48 18 39 0 0 34 0 29 27 0 8 46 0 42 42 0 0 22 0 0 0 0 13 0 0 0 7 0 0 0 0 0 0 40 0 46 0 16 23 49 0 38 0 22 0 11 1 0 0 34 38 39 0 0 0 0 0 39 44 50 24 0 0 10 45 0 3 20 26 49 18 39 0 0 19 6 0 30 18 0 47 
0 0 0 23 0 0 26 38 0 6 0 29 0 25 20 0 21 31 23 0 0 0 0 7 32 0 0 3 0 26 38 25 0 20 44 40 17 0 0 0 0 6 20 46 26 0 0 41 0 29 50 11 21 0 43 0 6 0 0 44 25 22 0 20 35 20 24 42 4 35 14 39 35 0 13 15 0 25 0 47 0 0 0 0 30 28 0 37 28 35 33 0 0 2 36 36 0 0 0 0 0 0 36 0 0 8 0 0 0 34 32 3 0 41 9 41 48 0 41 40 0 0 41 0 26 0 23 1 0 50 38 49 0 0 36 12 0 0 0 0 39 0 18 24 45 44 0 0 13 0 25 13 15 27 0 0 41 0 0 0 12 49 0 49 0 9 24 0 4 0 48 19 11 0 0 13 
49 0 11 0 7 0 0 16 0 5 36 0 0 47 0 14 7 49 14 14 24 0 30 23 50 36 37 0 0 0 0 29 0 27 2 8 16 10 0 0 0 46 21 0 0 0 23 43 15 41 20 0 42 31 0 0 0 0 0 39 44 29 0 38 27 0 49 0 0 0 17 0 23 5 10 0 42 0 0 10 7 0 26 30 42 12 29 20 0 21 0 35 24 0 47 12 19 0 2 20 0 26 48 0 31 48 15 0 22 40 0 0 0 0 18 0 0 10 21 0 0 0 0 6 0 20 6 0 0 0 20 36 0 0 25 0 0 28 0 0 5 0 42 0 0 0 0 0 25 0 36 23 42 0 39 36 0 12 0 0 2 0 21 13 23 43 13 0 1 47 0 0 3 27 0 
42 0 29 7 22 9 0 24 29 31 24 32 0 1 35 0 0 0 0 0 36 0 42 47 30 6 0 6 40 1 8 8 40 25 0 0 42 18 0 30 23 27 28 0 29 48 0 24 25 3 10 0 0 34 0 0 46 0 0 7 0 20 0 0 0 9 48 28 36 32 0 42 39 3 8 16 50 7 16 0 44 0 38 0 16 40 0 19 0 0 0 19 0 5 0 3 30 25 12 38 25 4 0 0 8 0 0 30 0 22 24 49 0 0 0 4 40 30 47 25 9 43 47 16 32 0 0 13 21 0 0 48 0 0 42 0 47 28 0 6 35 0 0 0 0 0 0 12 45 0 28 20 15 45 30 0 0 25 0 16 5 5 20 0 0 0 0 0 27 32 11 0 21 44 
0 35 32 0 12 0 20 45 0 19 2 18 0 0 17 46 48 47 11 18 0 24 0 0 0 21 34 0 0 0 0 28 0 32 0 22 0 0 34 0 0 0 0 0 50 0 0 0 6 23 45 49 0 0 47 5 41 0 44 0 35 34 22 0 0 0 14 0 0 0 0 16 0 0 7 33 39 31 0 33 0 2 31 46 36 0 38 0 20 0 0 15 8 3 35 16 46 0 39 0 0 0 13 0 0 37 0 0 0 0 0 11 49 28 0 0 37 4 32 29 0 8 37 0 0 3 10 0 20 20 0 4 47 0 28 0 19 0 0 21 0 1 38 0 29 0 0 19 0 29 32 35 0 0 13 0 23 0 37 37 0 50 30 1 7 0 9 0 19 0 27 12 11 
43 0 0 19 14 6 0 0 43 48 29 0 41 0 26 0 0 0 19 48 0 0 0 33 0 30 7 40 49 8 48 18 18 0 49 0 26 10 49 11 21 0 5 3 0 3 25 4 33 26 50 0 0 30 0 0 0 39 0 31 0 50 8 0 0 0 0 28 0 0 32 0 27 21 48 41 0 0 0 0 34 16 0 25 22 16 0 22 0 18 28 14 27 0 0 0 0 0 30 47 23 0 0 0 0 34 24 48 43 0 0 0 41 4 30 17 14 0 14 0 0 13 0 6 0 25 0 0 0 0 0 0 0 0 29 0 0 0 46 32 0 7 28 0 50 0 0 0 0 48 0 26 17 22 0 29 0 45 0 13 15 7 50 41 3 47 4 0 0 34 0 44 
0 43 49 20 0 0 47 27 2 0 29 50 0 0 0 0 0 26 14 0 40 18 0 0 0 2 21 28 0 0 6 46 0 0 2 0 9 13 0 0 27 41 22 0 25 47 30 0 0 50 3 13 0 0 0 15 0 27 0 7 0 0 5 32 0 18 0 0 50 2 0 23 7 33 0 26 0 3 4 0 42 44 0 0 28 27 0 10 16 42 30 0 35 18 0 0 0 0 0 23 22 49 12 0 35 35 0 0 28 20 29 31 0 0 18 0 0 43 0 1 2 38 8 0 7 0 0 40 0 19 0 1 49 30 0 0 42 0 0 0 0 0 0 0 0 0 2 0 0 37 0 0 27 0 0 1 0 0 0 34 0 0 19 0 25 16 8 24 0 30 44 
0 0 0 34 0 40 48 6 7 47 11 0 41 13 5 0 20 46 0 22 0 25 0 44 0 2 0 11 0 30 11 0 0 0 0 0 23 0 25 7 0 0 0 4 9 0 0 4 29 1 47 0 0 0 20 0 0 24 0 0 4 0 44 6 0 0 0 0 31 1 25 0 0 0 38 16 40 6 12 2 0 25 0 0 30 2 0 21 17 0 14 0 0 0 42 5 6 14 10 48 0 32 16 35 0 0 0 27 0 0 19 0 12 3 22 0 32 50 33 0 0 40 28 0 3 0 50 32 0 0 0 16 32 37 0 43 0 17 0 0 0 12 0 0 0 0 39 0 10 27 8 3 30 0 0 20 0 0 0 5 33 0 49 7 32 0 0 0 1 0 
0 16 0 41 0 0 0 0 0 40 0 22 0 28 0 0 8 0 39 16 0 0 21 0 0 0 0 0 0 45 0 0 0 0 1 38 0 0 0 7 0 0 3 34 17 13 40 7 0 8 0 0 15 0 15 21 0 6 0 0 32 0 0 12 6 13 0 8 5 6 36 43 9 50 23 27 0 0 0 27 24 0 32 0 0 3 27 44 35 31 45 45 42 25 29 22 2 0 0 12 38 44 0 0 39 0 15 0 0 0 0 44 0 0 14 24 9 0 12 37 14 0 0 0 0 8 32 0 0 43 7 0 0 24 25 0 0 5 42 0 0 0 22 0 9 19 0 49 46 0 6 0 26 8 0 0 1 14 0 50 15 0 0 31 30 2 10 0 48 
34 0 0 47 0 0 41 23 0 0 49 48 0 0 0 37 0 4 0 48 0 21 4 11 0 8 0 31 0 22 33 13 6 50 36 10 0 28 14 37 0 0 43 0 0 0 0 10 0 16 0 0 0 0 18 0 0 0 50 1 0 28 20 38 0 41 16 23 0 0 6 0 0 0 0 35 0 13 30 6 18 0 0 39 0 0 0 0 0 6 0 7 0 32 0 0 42 0 0 45 50 21 17 0 48 33 0 19 0 0 0 19 13 12 29 13 37 45 0 40 24 0 44 37 0 17 0 43 24 20 37 0 0 46 0 13 0 0 49 0 0 0 21 7 28 30 0 0 0 23 0 0 0 49 1 46 8 25 0 0 0 0 0 0 0 49 0 6 
0 42 0 2 0 0 42 5 22 36 0 0 0 36 0 1 24 22 24 10 41 0 38 13 0 0 42 0 24 0 0 0 18 26 0 33 40 0 40 0 9 22 18 0 26 34 0 0 0 0 34 0 0 0 15 0 18 0 0 9 0 0 2 0 0 0 37 3 0 18 0 0 29 0 0 0 11 21 0 0 5 27 36 0 16 46 0 28 14 28 28 0 14 31 0 0 0 2 0 0 50 0 0 16 28 2 37 0 45 14 0 35 4 10 50 21 11 29 45 0 0 45 46 0 10 42 0 0 4 25 17 0 7 23 0 43 21 0 32 26 3 29 0 0 0 0 0 0 0 11 47 0 0 29 38 0 0 10 47 49 11 31 0 50 49 8 37 
0 39 0 0 0 0 14 0 0 0 1 0 13 0 37 0 41 0 28 0 25 48 0 12 0 41 0 0 0 15 0 0 0 0 49 3 43 0 32 0 28 41 0 32 27 0 34 42 0 0 0 0 0 0 0 16 0 5 1 22 0 26 24 0 0 31 49 0 0 0 0 50 13 1 0 34 20 42 29 4 0 0 0 33 0 5 46 24 39 26 0 1 27 6 0 20 0 0 14 28 0 0 4 11 0 4 44 36 9 35 17 24 44 42 0 0 18 0 42 0 0 25 1 8 0 8 21 0 3 9 12 0 20 0 0 0 14 0 3 0 0 40 0 0 44 24 39 21 12 30 12 0 9 0 20 14 7 45 0 43 2 6 0 0 0 47 
31 2 10 42 0 0 14 2 0 0 6 0 0 0 15 0 27 46 22 45 23 0 0 0 0 40 0 0 3 0 5 0 0 0 0 36 35 30 6 46 45 0 0 0 23 12 0 0 49 20 0 12 42 38 2 29 7 0 5 49 0 0 0 0 41 28 0 0 22 0 27 3 0 0 0 40 2 0 24 0 45 41 22 25 0 0 17 0 0 0 21 21 1 0 0 23 41 0 13 6 0 15 33 27 0 0 7 0 13 0 33 0 0 41 0 22 30 0 0 20 12 0 0 0 0 29 0 39 43 0 9 0 50 0 0 0 0 43 41 31 24 47 15 13 0 40 30 49 0 0 0 26 1 39 0 0 0 44 25 0 0 0 0 3 15 
0 0 0 0 0 0 0 41 30 0 5 0 40 0 20 11 0 23 11 0 3 0 29 27 0 28 0 0 0 41 0 0 0 30 0 29 26 8 0 40 48 25 0 46 0 25 15 31 0 0 50 41 50 0 45 0 38 0 0 0 22 13 0 41 0 0 10 27 34 13 15 0 0 25 25 16 0 24 0 5 31 7 0 34 37 0 35 4 49 40 0 40 19 6 0 45 0 24 13 0 15 0 49 0 7 18 0 5 0 0 12 16 12 20 0 45 18 0 0 17 0 25 0 50 0 0 0 2 28 0 13 22 0 0 0 0 30 0 0 9 0 0 0 0 0 17 47 0 20 46 38 1 33 0 30 42 0 20 45 18 26 35 0 6 
0 49 44 0 0 32 48 49 39 37 0 0 38 0 9 0 6 31 10 34 39 49 0 48 0 48 35 14 28 0 0 16 0 0 45 0 0 0 40 24 0 0 28 0 39 11 0 13 2 5 12 0 45 31 27 0 0 21 0 18 10 42 12 0 0 0 0 8 6 0 48 7 0 0 0 7 39 39 46 12 34 11 48 21 0 0 5 0 12 0 20 23 0 2 0 39 0 0 0 0 0 0 0 0 7 0 0 13 0 0 0 11 17 29 10 12 0 0 1 0 0 44 0 0 0 39 15 0 22 31 14 35 0 41 15 0 0 21 4 0 0 0 0 3 31 11 0 0 46 35 0 35 0 40 34 0 47 9 0 0 7 41 0 
0 9 15 0 0 14 20 0 34 26 46 0 0 0 35 0 18 42 0 6 0 9 0 0 0 4 21 47 0 21 8 47 8 26 37 10 42 0 0 12 0 1 0 0 16 20 29 0 17 8 31 7 0 0 12 41 0 17 8 42 50 0 0 44 49 0 0 0 26 0 0 0 0 16 4 0 0 47 13 0 46 0 25 0 0 26 16 0 0 9 0 44 23 36 0 0 12 29 9 37 0 31 0 24 0 15 49 0 14 0 0 1 0 35 10 12 0 33 0 47 46 0 32 24 31 0 1 50 0 0 40 38 0 0 0 41 6 9 0 10 24 8 5 0 0 49 22 26 0 0 0 0 0 18 0 0 0 34 0 5 0 6 
0 0 32 23 17 0 0 0 0 11 35 33 0 14 22 29 34 43 0 0 25 49 9 0 0 5 0 0 0 45 0 32 15 24 0 0 0 0 9 0 23 34 0 0 13 23 39 0 11 50 0 0 24 10 0 20 0 0 34 0 0 0 0 0 6 0 25 45 0 0 0 42 0 34 0 0 13 7 0 0 7 0 9 0 0 0 0 0 12 0 0 45 11 0 26 5 14 9 0 0 50 20 33 0 20 0 0 0 8 26 38 0 0 6 32 5 9 0 41 27 49 49 25 0 0 7 4 0 0 0 0 34 35 13 0 41 0 0 0 0 0 0 0 0 33 0 11 27 27 0 0 0 0 0 6 0 0 31 3 44 31 
28 0 1 18 0 16 0 42 49 27 23 0 48 0 0 43 0 17 7 0 0 0 45 0 0 0 27 0 39 23 14 41 0 41 0 0 0 0 0 0 45 3 0 0 32 0 0 0 43 10 3 28 0 0 0 14 24 10 21 0 16 11 50 8 0 0 24 0 0 0 0 40 0 27 0 0 0 24 3 23 6 17 0 16 0 24 0 0 0 0 0 0 0 0 34 19 34 0 0 30 37 13 0 16 0 9 0 3 0 19 20 0 0 20 22 24 0 41 0 0 1 0 0 34 11 4 0 0 0 48 21 27 0 45 2 0 19 46 0 0 23 0 42 14 0 0 0 39 46 40 0 0 30 32 30 0 0 0 0 0 
28 0 6 45 11 0 0 35 0 20 25 28 0 4 0 48 48 19 0 0 0 37 46 32 0 2 0 0 42 8 32 5 0 0 0 36 12 45 0 28 0 40 0 31 0 31 0 12 49 0 0 8 42 0 46 26 0 0 26 20 23 34 7 0 41 0 23 0 0 49 8 10 41 0 0 0 25 0 0 0 31 0 12 1 47 0 0 0 0 0 0 0 0 5 24 42 0 0 0 0 27 0 0 0 0 47 6 0 0 0 22 0 10 8 0 12 48 12 0 2 3 16 0 0 0 11 30 0 38 0 0 0 0 29 13 47 0 18 0 0 41 8 0 37 0 40 22 20 15 5 39 0 0 0 33 14 33 27 33 
0 0 41 45 27 45 0 23 0 1 6 0 36 42 29 31 38 3 0 0 0 3 28 9 6 33 48 0 15 34 7 27 23 0 0 18 0 29 0 32 0 40 0 0 0 0 0 13 0 0 43 0 0 30 47 0 10 33 0 22 0 7 23 0 0 0 21 0 8 1 34 0 30 10 41 0 16 0 6 5 1 0 34 43 32 34 50 20 0 0 25 0 12 12 0 0 0 22 21 38 17 0 0 34 15 39 0 0 0 0 0 11 18 50 49 22 44 0 50 14 0 41 34 0 6 7 29 36 0 1 0 3 0 6 46 50 0 0 18 47 26 4 0 43 22 19 36 46 0 0 0 0 50 0 3 21 0 3 
0 0 10 0 0 0 40 0 2 0 40 0 0 0 38 0 47 0 0 0 0 0 0 43 0 19 43 0 31 0 30 40 6 0 0 0 0 9 0 30 46 5 2 2 6 27 17 25 0 0 18 0 18 45 15 35 0 33 32 17 21 15 9 4 0 0 0 7 34 0 17 47 26 0 34 45 0 37 0 0 0 0 0 0 7 0 0 20 0 0 48 31 0 0 0 49 0 45 16 0 0 0 0 0 0 14 0 0 1 29 22 0 14 0 31 0 0 2 0 0 34 0 44 0 0 25 0 27 8 25 9 0 0 0 0 0 0 0 11 30 0 35 34 18 40 49 0 17 0 32 15 35 8 25 28 0 3 
0 43 15 0 20 31 0 0 0 8 15 42 38 26 0 17 0 0 39 25 41 1 12 0 42 39 8 0 15 1 13 0 0 0 38 0 29 0 0 42 0 0 22 14 0 0 0 0 0 9 0 23 41 14 28 0 10 0 0 0 0 2 24 0 40 50 13 19 0 32 2 38 41 45 0 25 0 0 11 0 48 1 0 0 18 0 39 42 0 0 0 0 0 49 11 25 0 0 0 0 17 0 0 42 38 37 0 11 0 41 4 0 11 0 27 0 43 0 32 0 0 0 46 3 33 0 43 6 0 0 37 0 50 0 38 3 0 43 4 6 0 0 0 26 39 39 0 27 0 0 0 43 0 0 0 0 
0 0 0 0 0 0 36 0 0 0 0 43 0 0 26 0 0 0 0 0 0 13 0 3 19 2 27 0 39 8 0 32 29 0 0 0 6 30 0 23 22 0 0 0 0 0 39 0 0 0 13 0 0 0 17 0 0 0 42 0 30 49 8 0 23 0 0 32 0 0 0 0 25 0 0 0 6 0 27 33 27 39 0 0 0 0 35 0 2 0 0 38 24 4 0 18 0 0 0 18 0 14 41 0 23 16 0 28 0 40 0 0 7 24 34 0 43 0 21 0 0 0 0 0 0 0 0 35 0 0 6 41 2 0 0 0 0 0 47 0 16 0 33 16 0 0 47 8 0 0 0 1 0 0 0 
26 0 0 0 47 23 45 34 0 0 24 22 1 31 0 45 0 0 35 46 49 43 45 24 38 0 6 0 41 0 20 0 50 44 8 35 14 29 29 0 0 0 0 46 0 29 0 0 0 0 0 0 10 0 35 17 43 0 49 26 49 1 0 0 0 41 0 8 36 13 0 8 0 0 17 8 50 0 0 0 0 0 0 0 37 29 26 24 29 16 0 44 0 0 27 0 19 0 23 0 0 28 0 0 0 0 42 0 15 19 0 38 0 38 0 2 0 46 0 45 28 4 0 4 0 18 0 0 0 0 29 0 0 33 0 0 20 40 0 2 0 18 0 0 44 33 31 0 0 0 33 14 19 0 
46 19 0 0 40 15 0 0 24 5 41 0 0 44 0 0 3 39 4 0 0 39 0 0 0 0 45 47 0 37 0 49 0 0 0 45 0 24 0 2 4 1 22 0 12 0 0 7 0 0 21 0 0 0 0 0 0 9 0 0 6 0 36 24 0 0 44 36 0 6 40 32 29 0 9 18 0 30 28 0 48 12 18 0 0 29 22 25 43 0 25 0 16 9 45 39 0 0 0 3 0 0 18 29 0 0 0 0 0 19 2 31 5 35 0 0 0 32 44 47 18 20 6 46 0 0 0 0 27 40 17 0 10 0 40 45 0 32 5 44 20 0 0 49 4 24 49 12 7 0 27 45 0 
0 13 0 48 1 0 0 40 0 0 0 8 44 21 38 18 0 0 0 0 0 20 41 0 0 0 2 0 0 30 0 10 43 34 8 41 13 25 0 0 44 0 14 0 0 0 14 0 42 0 42 44 24 29 24 0 3 0 0 0 5 4 26 15 0 0 3 0 0 0 15 0 0 0 6 19 0 0 26 0 10 30 20 19 24 0 28 0 50 0 0 3 36 0 12 12 0 4 2 0 0 46 0 0 9 0 0 0 0 20 50 44 11 23 17 0 0 0 42 0 4 35 0 0 0 0 43 36 0 1 0 16 0 0 0 38 20 0 0 46 0 45 18 49 13 0 48 0 0 45 18 0 
41 0 37 34 37 29 0 0 37 3 28 0 0 15 12 0 0 0 5 47 0 0 36 32 26 0 38 44 27 2 18 30 45 0 2 1 41 0 34 43 42 21 0 8 0 0 35 0 4 0 38 0 35 0 13 0 0 30 38 0 0 0 28 47 0 24 0 0 43 30 29 0 0 9 35 44 23 0 29 35 0 0 20 24 0 0 0 0 0 36 1 0 0 0 43 0 0 29 13 0 32 0 0 0 31 0 31 0 0 7 50 43 21 0 0 0 0 0 0 0 16 25 26 0 22 5 0 0 28 26 18 36 31 23 0 39 0 21 30 0 0 0 19 7 0 30 0 13 6 45 22 
35 0 42 41 8 31 0 0 0 37 35 30 46 0 5 0 44 0 26 0 22 0 28 0 0 14 0 9 0 0 46 5 31 0 0 43 29 0 0 37 0 27 21 0 45 0 0 0 0 0 0 0 34 0 0 0 0 33 0 0 0 0 0 23 16 0 0 0 0 37 0 9 0 9 26 0 23 8 0 0 0 0 31 8 0 24 48 33 34 0 2 16 10 32 32 0 2 0 0 0 0 0 0 48 12 1 0 2 0 0 0 0 0 32 0 13 21 8 0 0 9 0 0 19 0 0 30 33 37 0 44 44 15 0 19 45 0 0 46 0 0 0 33 43 11 47 6 0 0 0 
41 19 0 0 25 0 0 0 0 12 12 0 0 0 0 0 0 0 47 14 0 0 13 28 32 37 18 24 44 0 6 12 35 0 0 14 0 0 0 0 0 47 48 33 41 0 11 27 0 16 0 0 0 4 0 38 27 0 37 0 41 39 0 0 28 16 24 0 0 42 0 8 27 30 0 0 0 14 0 0 0 0 15 0 50 11 0 0 0 0 0 12 9 30 0 21 50 49 0 23 0 0 0 0 0 0 21 0 0 22 18 0 10 30 15 0 12 25 0 0 28 0 45 0 0 0 0 0 1 26 3 31 19 36 0 39 29 37 13 0 0 31 21 43 34 31 0 47 29 
18 0 0 0 40 25 0 36 9 0 42 40 1 47 0 0 0 49 0 48 27 0 0 47 17 0 46 16 0 38 11 0 30 0 7 0 42 41 0 13 0 27 27 0 0 0 0 15 0 43 8 5 0 0 0 0 0 8 20 8 0 9 1 24 0 0 30 0 38 0 0 0 6 0 9 0 0 0 0 0 48 0 0 0 20 0 0 40 0 12 12 13 15 4 6 0 30 22 6 25 10 39 5 42 34 44 0 9 12 22 0 45 40 0 0 47 20 0 10 3 31 0 0 0 9 0 0 27 46 34 0 0 0 48 1 18 36 23 13 0 0 11 37 0 0 0 0 0 
0 26 0 32 46 18 0 0 0 0 0 23 42 0 50 9 0 38 14 38 12 0 0 20 14 0 40 0 0 46 49 40 37 0 37 0 0 3 41 9 2 0 42 0 0 39 0 16 28 41 0 0 8 37 35 19 0 0 0 8 0 0 22 0 3 3 0 0 0 36 0 0 19 10 19 0 0 0 17 18 36 0 6 29 44 0 25 0 0 11 42 43 0 0 0 46 0 17 0 0 0 0 0 21 17 0 32 0 44 0 16 24 0 4 0 0 0 46 0 41 0 19 0 0 40 4 19 0 0 0 15 0 0 3 47 34 36 0 0 10 13 0 0 35 12 0 36 
33 31 27 0 29 40 26 47 0 27 36 0 3 0 15 0 24 0 0 0 0 38 6 17 0 20 0 36 6 5 0 49 0 22 49 0 0 11 0 0 0 0 0 0 0 13 29 0 1 0 0 0 0 25 32 3 0 0 44 0 32 0 37 0 13 40 0 37 6 0 35 2 0 0 0 0 0 0 46 37 30 35 0 0 0 14 0 3 0 22 0 35 38 39 47 13 13 0 0 0 0 0 0 8 2 25 7 0 4 0 0 0 0 21 0 44 0 0 0 0 31 0 11 0 0 0 0 43 0 8 16 13 0 18 0 6 13 49 0 0 0 20 16 9 0 0 
0 40 0 24 0 0 0 9 0 0 50 25 18 0 0 0 50 23 1 0 0 0 0 9 0 0 0 0 17 44 33 7 6 14 47 0 0 0 0 33 0 22 13 20 25 0 45 1 0 8 0 42 0 0 48 48 0 0 13 0 0 19 0 1 7 43 0 44 0 22 0 50 0 12 0 30 50 18 41 0 36 35 26 0 0 12 45 38 49 0 0 47 0 0 39 34 41 14 1 0 16 9 0 37 35 0 0 39 6 8 35 0 46 46 0 0 38 0 27 0 0 0 24 6 22 4 0 0 5 0 0 0 0 0 47 35 0 47 15 0 0 32 39 7 0 
32 27 50 0 17 0 1 0 5 0 45 2 26 7 0 0 15 0 0 0 19 0 17 23 16 0 29 29 27 0 29 38 45 46 0 0 0 18 38 11 43 0 0 0 0 0 49 46 32 19 0 0 0 35 0 20 22 16 0 5 7 36 0 0 0 25 0 47 16 6 0 5 2 0 42 1 32 0 0 0 0 14 41 0 47 0 6 2 31 0 4 0 0 0 19 0 0 0 42 5 0 21 45 34 40 0 15 38 0 0 0 0 9 20 22 46 36 9 0 0 39 17 40 36 0 28 49 39 0 22 0 0 26 0 24 0 47 21 17 19 0 0 20 18 
0 0 43 23 6 0 44 28 22 0 7 22 50 40 12 35 39 39 12 0 38 38 6 31 21 0 0 0 20 28 0 0 44 11 2 0 15 21 0 6 0 0 0 0 0 17 36 0 45 0 13 0 16 2 8 12 0 49 22 0 0 35 0 22 43 10 29 17 0 42 15 0 21 40 0 20 0 0 32 16 24 5 4 0 0 0 37 12 43 0 42 32 0 0 0 0 20 44 44 0 0 8 4 0 0 37 0 42 50 0 38 27 27 0 40 0 0 0 38 40 50 0 14 0 0 0 0 0 36 32 0 0 0 0 9 0 21 40 0 11 5 18 15 
0 0 0 27 38 18 46 16 0 0 5 0 0 0 17 12 0 27 0 7 22 0 16 0 0 11 4 44 0 0 11 32 0 37 17 23 0 49 0 0 0 0 5 12 0 0 20 9 15 40 0 16 8 0 19 0 29 0 4 25 0 0 39 3 27 0 1 40 48 0 1 0 0 0 0 0 27 0 20 0 38 4 0 24 48 11 33 33 0 40 9 14 0 15 48 29 0 0 0 30 0 12 0 0 33 0 0 49 25 0 0 0 50 0 0 0 5 0 0 40 29 0 14 0 23 0 0 0 0 43 46 49 8 0 0 33 0 0 0 0 0 4 
43 4 44 0 2 0 31 0 44 27 0 24 0 0 24 42 0 0 26 0 30 31 21 0 17 0 39 41 0 0 0 8 8 0 0 2 0 47 28 0 20 22 0 18 0 0 0 0 5 0 49 0 0 31 1 19 0 0 0 0 3 26 0 18 0 0 0 0 0 0 26 0 31 17 0 0 48 0 2 27 0 0 0 6 20 11 39 9 17 16 37 49 0 33 27 0 30 4 0 26 14 13 38 15 42 11 0 43 22 45 45 26 2 0 0 0 36 21 32 0 3 0 46 49 49 16 0 27 30 0 1 0 47 26 0 2 0 14 25 0 0 
38 43 0 39 29 2 28 1 16 0 44 0 0 0 13 0 11 11 0 41 8 28 0 10 0 50 3 0 3 0 0 0 0 0 0 42 48 0 19 0 9 0 11 0 6 33 42 23 0 0 34 0 24 32 0 41 35 12 0 0 21 0 10 0 47 18 13 7 17 32 0 43 4 19 18 45 0 0 0 14 5 19 17 49 0 0 11 0 0 0 45 0 23 35 0 0 0 18 1 0 0 0 0 44 0 0 43 42 44 0 0 1 0 32 0 0 0 0 0 33 0 28 24 25 0 0 0 0 35 0 41 0 30 0 30 0 13 0 0 48 
34 35 0 0 0 33 0 8 0 0 27 0 34 0 1 0 0 0 29 0 16 0 12 27 1 37 0 0 0 33 0 26 0 0 27 0 0 0 0 0 28 27 15 23 27 0 0 6 4 6 22 0 0 0 0 44 43 34 0 0 0 3 27 0 31 38 13 0 0 6 0 20 0 8 17 41 0 0 0 39 13 0 0 29 8 13 43 0 23 38 5 36 0 27 0 0 15 36 0 5 0 0 0 4 18 36 26 29 13 5 0 0 0 48 17 0 8 0 37 48 4 32 50 41 0 0 1 0 3 29 0 15 0 41 0 0 19 31 2 
19 0 0 41 9 10 29 19 37 42 0 37 21 12 0 23 37 0 0 50 0 0 15 5 39 21 3 0 0 48 0 0 0 0 0 0 0 23 0 1 0 0 0 8 0 0 7 0 0 0 4 1 0 0 22 0 35 22 0 34 40 0 0 34 24 47 24 23 32 34 0 2 46 17 0 27 43 0 26 45 0 38 15 22 6 37 30 9 6 38 38 0 17 0 44 0 0 0 31 4 27 24 0 42 0 3 0 31 0 0 29 0 0 0 22 0 0 30 0 0 0 0 45 0 0 0 41 30 0 4 40 32 8 18 0 36 0 40 
0 47 0 8 0 0 23 0 17 44 0 0 0 0 0 0 0 0 47 23 0 29 26 0 44 0 7 23 0 0 15 0 16 0 0 0 4 3 15 27 0 0 0 0 14 0 41 22 15 0 2 17 1 0 0 0 0 0 0 19 49 27 0 0 15 0 31 0 0 43 0 50 10 0 0 43 2 0 0 27 24 0 0 3 0 27 0 33 0 6 0 35 0 0 0 0 32 13 0 31 0 0 0 0 0 14 35 0 43 22 11 0 0 38 0 44 11 0 0 0 0 0 0 0 0 36 19 0 23 0 0 0 0 32 34 0 5 
42 0 0 0 0 10 22 0 0 0 0 49 8 18 19 3 0 6 0 30 9 0 0 15 0 0 48 50 0 28 12 0 0 4 0 0 0 0 0 18 39 0 6 30 46 9 0 1 0 0 5 0 0 0 7 0 10 4 24 0 0 48 33 37 0 0 0 49 14 9 0 0 38 36 6 0 0 0 27 20 0 30 0 23 0 33 0 0 0 0 0 2 0 0 34 0 17 0 0 37 0 0 0 0 0 0 0 0 39 14 41 0 0 5 0 0 0 0 4 46 0 0 12 12 28 0 31 0 0 0 4 31 0 5 0 39 
22 13 24 0 0 0 43 38 2 0 0 5 0 16 0 0 23 3 0 8 0 0 12 50 35 21 20 0 41 0 5 0 44 0 1 0 44 31 19 15 0 0 2 0 14 31 0 15 38 26 0 38 0 0 0 0 44 0 0 0 24 36 0 0 18 0 0 30 5 17 0 27 18 0 23 41 0 0 8 22 0 0 29 37 42 31 0 0 37 47 0 0 16 19 0 0 47 20 0 0 4 27 2 0 0 0 9 0 0 45 0 11 0 0 0 44 6 50 7 0 35 0 9 0 0 0 0 42 0 0 25 0 3 50 11 
29 0 0 25 0 0 0 29 0 0 0 48 33 3 0 44 45 0 0 0 0 31 0 20 0 0 21 0 0 32 29 5 27 0 19 0 39 0 27 0 17 0 4 41 0 0 35 32 20 0 11 13 0 15 26 7 18 37 0 38 0 0 24 1 50 0 41 13 41 25 6 25 0 0 46 0 0 39 42 22 26 31 0 48 0 49 0 31 44 44 28 0 8 5 0 0 22 0 0 0 3 0 0 45 19 3 41 27 44 0 46 12 0 0 43 36 40 0 0 0 0 45 49 12 0 13 21 0 0 0 0 39 47 0 
0 0 0 32 21 8 42 35 0 50 20 0 40 13 0 48 0 0 11 0 0 28 0 15 16 0 0 47 21 0 28 0 32 0 49 24 50 0 2 27 0 0 19 0 11 1 0 0 0 42 38 50 0 0 0 0 0 7 0 0 0 50 8 22 7 24 0 38 24 8 5 10 0 36 0 21 0 0 36 0 0 28 35 5 0 0 32 0 0 0 35 22 0 34 22 34 29 34 0 0 0 0 0 0 46 37 0 3 0 31 41 0 4 0 10 39 0 45 0 8 0 0 0 0 0 47 0 0 0 0 3 0 0 
0 29 3 9 43 0 5 17 0 0 39 0 0 28 33 42 21 0 35 10 0 0 26 18 0 0 33 46 45 0 0 0 18 47 0 27 32 0 21 0 0 44 21 0 48 24 33 13 5 15 0 0 18 19 0 0 44 16 19 37 16 47 36 11 15 0 23 11 18 18 0 9 0 15 0 0 20 13 0 0 12 0 2 0 28 17 5 27 0 47 40 0 49 15 35 33 15 0 29 0 0 0 0 0 0 0 12 43 6 0 46 45 1 0 27 49 0 40 38 0 30 0 32 0 10 0 36 0 48 32 48 18 
1 19 50 0 0 0 0 13 0 48 0 31 0 0 0 48 0 0 42 27 10 28 0 0 0 21 21 23 43 6 0 23 0 25 0 0 0 0 0 10 37 0 0 0 0 11 0 27 27 0 0 32 0 39 31 37 36 0 0 0 19 0 11 39 37 0 20 38 37 0 15 11 14 0 0 3 36 39 0 0 3 31 0 0 13 7 0 23 35 0 0 0 0 1 29 18 5 47 9 44 26 0 8 25 17 0 7 43 3 10 39 0 42 0 0 40 33 0 0 0 44 36 0 0 42 34 17 0 11 46 8 
11 0 9 27 0 3 12 0 35 38 7 0 24 43 0 40 18 0 26 17 0 0 35 3 0 19 0 29 0 0 1 0 6 0 0 34 42 0 13 7 1 0 0 0 39 26 10 18 0 28 16 0 8 41 0 0 0 0 14 5 6 0 0 0 38 0 20 2 25 29 0 0 48 50 0 0 0 0 14 0 4 9 0 0 0 45 30 0 31 32 39 22 8 0 0 0 5 28 0 0 0 0 3 24 0 0 3 21 12 0 0 12 34 49 0 36 0 0 0 0 0 9 47 46 0 19 31 0 0 0 
45 48 0 34 0 22 32 41 39 0 0 0 0 27 0 8 0 0 34 0 1 32 27 21 18 29 18 43 0 47 0 48 2 3 0 0 38 24 22 34 0 17 0 0 38 0 14 0 0 8 33 8 43 16 0 10 0 0 0 0 16 0 34 2 24 0 43 0 18 18 48 19 49 19 0 0 47 0 2 0 0 50 18 34 1 13 19 0 3 48 49 50 0 0 30 2 35 0 37 44 23 0 0 47 40 0 49 0 22 30 0 0 27 48 8 38 37 0 0 19 0 43 50 22 21 20 17 1 0 
13 0 0 44 19 0 0 25 12 0 0 0 13 17 0 10 12 21 28 6 33 0 40 0 0 37 30 0 0 43 13 0 0 0 0 1 0 0 0 0 0 14 12 36 22 0 0 0 0 5 28 0 0 19 0 0 0 0 42 26 23 0 17 0 37 10 0 15 2 43 0 0 0 47 0 15 0 0 40 0 18 15 0 0 39 15 0 0 0 10 11 31 0 22 0 45 0 20 30 0 0 5 41 0 0 37 40 34 20 11 0 26 0 0 39 9 17 0 6 41 19 3 0 15 43 10 46 31 
41 11 0 10 16 0 25 14 41 23 11 35 0 25 26 0 0 26 0 0 46 0 0 44 0 0 0 0 21 0 42 0 22 48 22 0 0 0 33 0 50 16 0 26 0 44 18 0 21 0 46 0 20 32 18 24 0 0 29 0 16 8 17 0 10 0 0 0 15 35 10 0 0 35 0 0 0 0 0 0 0 0 18 10 30 0 35 24 21 0 42 0 8 0 0 19 0 7 25 19 0 0 33 0 0 0 46 34 10 0 0 0 2 39 25 11 10 45 47 2 0 0 0 14 0 26 4 
16 0 16 37 4 0 0 7 13 0 26 43 17 35 21 0 0 27 10 0 9 22 0 13 34 0 28 44 47 0 43 0 20 19 25 0 29 0 0 33 0 1 0 8 49 35 0 0 14 0 22 15 10 29 49 0 0 0 0 42 50 0 0 0 20 33 0 34 42 0 37 19 0 0 0 21 16 35 34 0 0 0 0 6 50 0 17 39 18 0 25 0 0 28 0 31 0 0 5 0 40 46 31 24 44 0 25 1 10 0 20 0 2 0 0 0 4 6 0 35 0 20 0 0 0 0 
0 0 0 0 0 0 23 14 0 0 5 1 0 0 0 24 0 0 32 5 0 0 11 0 0 27 43 0 26 50 0 5 21 0 25 0 0 0 13 0 0 0 0 7 4 48 0 35 39 0 27 12 39 38 0 14 0 19 10 0 33 0 0 0 20 0 0 5 43 15 0 37 0 7 0 29 0 0 0 45 2 23 2 0 14 49 26 0 0 24 36 13 47 46 0 43 48 39 0 15 0 44 38 2 18 33 0 0 46 0 6 0 0 39 0 0 0 0 0 0 0 35 9 34 43 
0 46 0 38 36 0 3 0 11 50 37 33 28 15 36 36 0 32 0 5 6 0 43 13 2 30 14 43 0 0 0 0 1 24 49 48 9 19 44 42 2 5 0 0 0 38 43 2 0 36 31 0 0 21 0 0 0 0 0 0 8 24 38 10 0 13 0 12 9 42 24 6 25 0 29 41 11 0 50 0 17 0 42 0 14 0 15 0 0 27 0 0 41 33 0 24 0 31 48 22 26 0 22 0 0 15 0 0 17 27 28 28 31 0 0 0 0 0 0 0 3 12 17 40 
19 21 0 12 40 0 0 0 0 24 0 0 26 48 18 0 12 20 24 0 0 0 3 42 45 14 15 19 0 23 0 0 0 0 0 20 0 12 0 15 0 47 38 23 0 18 20 0 19 1 0 0 16 9 43 0 0 0 1 49 0 0 18 0 0 0 0 0 1 0 0 25 0 44 0 0 0 18 0 0 0 0 0 0 19 17 31 0 13 7 37 0 0 15 0 0 4 0 0 0 0 0 7 24 13 0 1 34 45 0 22 31 38 0 0 47 22 0 0 17 41 0 0 
28 32 23 0 16 37 0 8 2 0 27 49 0 23 11 0 0 11 0 0 0 28 0 23 27 0 0 23 0 36 6 4 36 0 0 12 0 0 12 13 0 22 0 20 15 15 0 31 0 24 13 0 0 0 0 6 41 0 19 0 0 0 0 43 42 25 0 30 34 37 20 28 0 0 0 36 39 9 0 5 0 30 0 15 0 27 42 0 0 0 42 25 0 15 45 0 41 13 0 15 0 0 7 0 35 0 0 23 0 32 40 48 34 26 8 0 20 34 0 44 22 26 
0 0 0 18 38 0 0 50 0 49 30 0 0 17 0 0 0 38 0 32 0 0 11 9 24 2 9 34 0 44 28 0 0 6 0 0 0 0 47 0 0 40 21 41 0 25 49 0 6 47 49 8 25 0 27 0 47 0 24 0 43 0 0 19 13 34 0 7 0 22 31 0 0 26 9 0 0 19 3 9 5 0 0 37 50 0 0 45 15 42 0 19 0 0 0 40 45 0 30 28 32 0 8 0 0 39 0 1 4 18 28 0 36 34 0 3 32 6 0 36 42 
37 0 44 7 0 31 33 38 0 0 35 0 32 0 13 0 27 0 0 0 12 18 0 30 19 6 0 33 0 32 2 20 0 0 0 49 13 0 28 5 36 44 7 24 21 34 0 0 37 0 0 43 0 0 20 1 35 0 0 40 35 40 0 0 0 0 0 40 0 2 19 0 26 41 0 45 0 0 0 0 1 0 7 17 47 38 2 29 0 28 49 6 33 16 28 0 0 3 0 0 0 0 34 0 41 23 0 0 15 0 31 28 38 0 0 47 20 49 8 0 
25 45 0 0 9 3 0 0 12 38 0 38 0 43 33 17 0 32 0 47 0 0 28 8 10 17 0 0 0 37 39 0 34 0 0 28 0 13 0 41 16 48 0 0 0 28 0 0 32 49 11 0 50 0 0 21 45 29 33 0 0 43 31 27 0 0 37 6 41 23 10 36 2 37 0 24 1 0 0 0 0 0 0 0 37 5 31 0 0 43 0 0 21 29 50 0 39 49 16 1 0 16 0 19 0 0 48 42 33 28 44 15 0 0 0 0 50 3 0 
4 46 0 0 0 17 12 38 45 36 0 13 38 49 0 0 45 0 0 0 38 0 39 11 0 18 0 0 23 0 0 49 2 38 0 0 23 7 0 0 20 12 27 0 12 0 8 0 0 0 36 0 0 0 0 0 0 46 25 16 0 0 13 0 0 0 31 29 0 23 0 0 5 14 0 0 0 44 19 27 2 0 1 49 0 46 0 0 30 0 0 23 37 0 14 0 0 0 0 0 30 3 45 18 0 0 9 0 9 36 0 11 0 0 0 0 0 0 
21 41 0 0 0 0 9 0 15 10 0 6 0 31 36 44 0 0 0 28 44 0 0 0 11 1 43 0 0 0 0 0 44 4 45 0 31 22 29 0 19 0 26 19 0 0 34 0 47 38 0 0 43 0 28 17 0 0 16 32 0 19 45 24 33 9 24 33 15 13 0 44 24 41 1 35 0 1 25 0 0 0 0 13 0 0 28 43 3 26 0 6 0 0 0 1 24 0 0 0 50 0 38 0 23 23 0 13 42 0 0 24 0 0 0 0 0 
19 41 0 4 0 30 37 0 0 0 1 46 0 3 0 0 11 0 0 0 0 0 20 0 0 0 7 12 0 46 20 34 18 22 0 5 10 0 41 5 46 6 11 0 0 0 13 0 0 0 0 0 48 0 46 0 8 16 47 0 25 17 8 0 0 14 0 19 0 0 1 29 22 0 0 0 0 35 2 0 5 0 46 0 43 0 22 21 38 12 28 32 0 37 13 0 0 7 31 15 0 0 0 48 16 0 0 6 10 31 43 37 0 0 33 0 
0 0 7 0 27 0 0 0 0 27 0 31 23 0 44 0 0 0 17 0 0 10 18 8 13 15 0 0 28 43 20 49 42 0 22 41 0 48 0 0 40 36 0 27 20 20 19 6 21 42 0 26 0 24 0 0 0 0 0 14 0 0 0 0 0 0 47 0 0 0 0 0 42 44 0 0 6 0 24 0 0 0 42 30 21 16 0 29 43 41 24 0 0 38 0 0 14 0 0 0 19 0 43 43 19 38 13 0 47 7 34 0 19 45 0 
0 47 0 0 22 0 0 0 46 3 0 0 15 1 0 0 9 39 10 15 0 0 0 0 35 14 45 0 2 22 0 0 0 49 7 47 32 39 47 32 50 0 1 12 0 48 0 19 14 0 0 12 16 41 8 0 0 0 0 21 0 5 37 0 0 14 38 0 0 0 0 0 0 0 0 37 0 0 0 0 29 0 3 0 0 8 0 4 5 0 12 0 30 0 23 0 0 0 33 0 0 31 20 39 0 8 0 11 46 0 0 40 2 0 
7 0 46 28 0 46 0 0 28 0 4 0 18 0 30 11 0 45 0 0 16 0 37 12 2 9 0 44 0 0 0 0 0 0 9 41 0 0 0 0 39 0 24 0 26 13 22 0 0 0 29 0 40 0 29 0 0 0 0 0 27 14 0 48 33 7 16 43 0 3 34 49 0 0 0 17 0 0 0 13 0 29 21 37 0 16 0 0 43 0 32 0 43 0 23 11 30 31 36 28 32 0 0 0 0 25 28 0 0 0 0 10 0 
29 19 7 0 0 7 2 0 0 43 17 1 13 49 0 41 13 17 26 31 0 0 0 43 50 0 0 0 0 0 0 23 0 42 2 0 32 50 7 12 44 0 41 0 0 14 0 4 0 35 0 0 22 0 0 31 37 0 0 0 48 0 0 0 11 0 0 0 20 0 49 0 0 0 0 29 4 41 9 0 0 49 0 37 5 18 0 6 0 0 0 48 0 0 0 1 11 39 1 0 0 18 0 1 42 22 0 47 0 48 0 0 
0 24 33 18 7 4 13 0 0 50 15 0 0 24 3 5 43 6 0 0 0 0 48 0 0 0 37 0 0 24 38 44 14 0 39 0 12 0 0 5 0 13 0 40 0 17 0 0 0 0 19 0 10 0 0 18 0 39 0 0 49 3 2 6 12 0 0 0 39 23 29 14 40 0 43 45 44 4 31 0 0 0 38 29 0 32 36 25 36 0 11 0 40 43 0 0 26 0 43 48 0 0 50 34 17 41 0 25 15 0 14 
0 0 20 38 0 0 0 0 10 0 40 44 45 46 0 12 26 35 43 0 38 0 46 0 44 40 41 0 0 0 37 34 36 0 28 11 50 43 27 0 0 0 0 0 0 11 35 0 47 0 0 0 0 45 0 0 17 34 0 15 19 0 23 2 40 0 0 0 23 23 0 0 10 45 25 49 30 0 0 50 0 0 25 0 0 12 0 0 0 27 34 0 0 0 46 0 44 0 0 0 49 0 44 0 0 50 0 0 10 0 
8 0 0 0 19 5 36 0 0 0 0 0 36 45 0 0 40 0 0 0 21 0 0 0 2 26 0 0 30 2 20 31 19 0 0 0 13 0 11 47 22 43 29 0 0 0 11 0 0 0 0 0 15 3 0 0 46 0 45 18 0 47 25 0 23 37 27 0 40 0 29 19 0 32 49 0 16 0 24 14 23 0 33 0 14 7 0 0 1 0 26 37 0 0 31 0 39 8 45 50 29 0 18 0 18 43 0 0 0 
14 41 0 0 0 27 0 37 0 6 0 39 46 13 39 0 9 48 0 0 0 0 0 31 0 22 0 12 0 0 0 0 0 0 50 18 43 36 0 0 27 47 0 0 0 0 21 0 24 9 1 0 0 32 0 0 41 5 2 18 5 0 9 0 0 0 0 11 0 0 32 6 3 0 0 30 42 6 0 1 0 1 0 16 1 29 13 0 0 0 45 0 35 0 0 10 30 40 0 0 0 24 42 4 0 0 43 0 
7 9 30 0 0 0 39 9 0 11 7 15 0 0 37 44 35 11 0 0 0 2 0 0 0 37 22 47 0 21 0 0 0 44 0 0 34 50 0 11 20 0 0 23 0 3 0 50 0 45 0 0 0 16 34 37 41 9 10 11 14 2 0 0 0 48 1 0 0 30 0 5 0 3 14 0 0 0 13 10 32 48 22 29 9 19 0 44 0 0 0 28 0 0 0 0 26 49 0 0 23 0 47 0 0 0 0 
21 36 43 12 22 25 0 0 37 4 0 26 7 35 7 16 0 0 0 0 0 0 35 0 15 0 6 17 4 0 7 14 14 0 0 0 0 0 0 0 37 19 21 23 0 0 8 9 8 41 0 0 0 0 31 34 29 27 17 44 0 0 0 0 0 29 0 25 0 0 32 0 27 35 0 0 0 0 0 3 0 36 0 0 21 25 44 22 0 0 0 0 2 0 0 0 0 2 47 24 0 16 7 50 0 0 
13 0 0 27 0 25 18 0 13 0 10 30 0 0 45 35 8 30 0 0 31 0 20 21 12 13 0 34 0 0 0 0 27 12 0 24 0 35 15 0 0 42 0 0 8 47 0 15 20 0 0 0 0 42 0 0 0 40 46 0 35 0 46 0 0 0 12 11 35 30 21 0 23 33 7 0 23 45 0 0 9 9 12 30 9 0 44 0 32 41 36 0 0 10 29 0 0 16 0 0 6 0 0 2 44 
0 4 20 31 3 0 33 9 0 48 7 48 2 32 0 0 0 0 0 0 0 0 3 0 0 14 27 0 0 0 0 18 0 41 13 0 48 0 0 41 44 0 0 23 0 41 45 5 0 37 30 15 32 6 0 19 0 0 0 0 2 0 0 0 41 0 41 0 19 0 46 13 23 48 5 4 0 0 0 0 0 0 0 0 0 0 0 22 25 0 40 36 10 28 0 38 29 0 0 0 0 0 0 0 
18 0 48 49 0 25 0 18 7 0 4 49 2 21 41 0 0 41 0 0 11 0 0 16 0 30 50 36 8 44 19 10 0 0 14 27 18 38 0 0 27 16 0 0 0 32 23 0 42 0 43 34 37 0 0 0 0 7 18 3 0 10 0 30 47 0 7 0 41 26 27 0 0 0 32 46 0 4 5 38 17 33 0 0 9 0 9 29 2 0 12 13 0 35 35 0 21 0 50 9 0 0 11 
6 0 0 15 0 0 36 0 0 30 0 14 0 24 0 0 0 0 0 0 0 0 2 21 0 0 0 0 0 0 0 0 9 5 0 26 0 0 37 4 47 45 0 0 0 0 0 0 0 0 0 0 0 24 0 50 18 22 29 0 39 14 0 0 41 16 0 0 0 24 24 0 41 0 47 34 13 50 0 0 0 0 0 0 10 11 0 28 0 0 30 0 30 30 0 28 24 0 0 31 0 29 
0 0 0 46 12 4 0 15 0 0 49 18 1 0 29 0 41 0 0 22 0 17 0 0 22 0 50 0 0 0 0 0 0 26 6 20 0 24 4 0 0 38 47 8 50 47 0 45 12 48 0 11 33 0 1 0 3 0 28 46 33 32 27 36 38 0 10 0 43 0 30 0 24 0 13 34 23 0 0 42 0 0 42 0 4 0 43 46 41 39 0 30 4 0 0 0 23 44 27 28 21 
42 13 0 21 4 24 0 1 0 19 42 48 49 22 0 0 0 0 43 0 39 48 30 0 0 11 0 0 11 22 2 0 0 0 0 1 17 16 45 0 0 0 0 29 4 0 0 0 0 30 37 0 0 38 0 3 0 0 0 28 20 38 49 0 33 0 22 0 5 35 37 29 0 25 43 0 48 8 13 0 21 13 0 46 0 14 15 14 0 0 44 21 0 35 35 40 0 0 0 0 
41 20 0 0 22 17 0 42 0 13 38 12 0 44 0 0 0 49 16 0 7 0 12 0 0 21 0 0 12 3 0 0 0 29 29 20 0 3 11 0 22 0 2 0 0 23 25 41 28 0 49 0 42 0 37 39 0 41 13 0 21 0 41 12 38 22 2 11 0 13 7 0 24 8 43 7 45 0 33 0 31 4 0 0 24 0 35 44 0 11 0 0 38 0 0 6 0 12 0 
21 0 21 0 21 18 18 13 11 0 33 26 0 0 0 0 8 45 20 8 15 3 2 0 23 0 0 19 0 10 6 20 0 32 35 0 27 0 0 0 0 0 0 0 0 29 36 46 39 0 0 0 41 0 26 28 21 20 0 0 0 0 0 0 0 23 4 37 34 32 0 36 24 0 0 23 0 42 0 16 0 0 0 42 5 12 0 18 0 0 44 0 0 0 6 0 0 0 
0 28 49 26 37 0 10 6 28 18 15 27 0 32 0 47 30 21 0 20 0 0 6 8 7 0 9 13 0 19 0 49 0 39 40 0 14 0 3 46 37 0 24 14 25 4 0 0 45 39 0 0 24 19 0 45 0 24 29 0 0 0 0 16 5 1 0 0 34 37 0 0 42 0 0 0 0 0 3 35 0 0 0 0 17 0 10 35 25 5 0 0 1 47 8 0 0 
0 25 4 0 0 5 30 46 0 16 0 0 0 0 0 0 28 10 0 0 27 0 49 42 0 27 28 1 14 0 43 46 0 0 0 0 4 0 0 0 0 0 17 28 0 0 32 0 0 0 12 0 21 0 0 0 41 13 39 0 0 6 0 0 0 4 45 0 0 0 0 18 0 0 0 0 0 0 48 0 0 0 39 47 40 37 37 0 38 45 0 0 45 0 0 7 
5 47 12 0 8 0 0 17 50 40 35 0 37 20 0 8 44 1 0 34 0 41 48 7 47 38 0 41 0 43 0 50 0 9 0 28 37 0 0 0 19 41 0 13 4 0 4 6 40 0 0 46 0 25 0 0 41 41 0 18 8 21 0 3 0 0 0 31 12 15 0 50 0 23 20 44 27 0 44 44 48 26 0 17 2 13 0 0 36 0 0 13 0 0 0 
0 0 0 0 19 50 32 0 0 40 0 20 14 24 26 0 35 30 46 29 36 43 0 0 43 7 41 23 47 4 29 8 0 0 0 0 6 27 33 28 0 37 42 0 0 27 30 0 0 0 26 0 23 0 0 34 2 0 11 19 0 0 37 0 0 0 0 8 9 41 44 0 0 21 17 14 31 49 45 0 7 0 37 13 19 39 29 0 2 46 30 0 33 0 
5 49 24 3 0 0 0 25 0 0 13 2 0 3 0 22 49 0 0 34 0 42 0 15 31 32 8 0 0 15 26 0 0 42 0 0 1 29 49 19 9 0 8 0 0 0 0 30 4 40 44 44 0 0 0 0 49 48 22 0 0 8 0 13 3 44 35 8 12 0 0 0 0 9 24 17 6 6 43 42 32 0 5 0 36 34 19 14 0 0 32 12 0 
46 23 30 0 0 9 0 45 0 0 0 0 45 0 17 0 14 0 0 43 20 32 3 0 13 0 34 0 34 37 0 7 0 31 0 25 24 26 24 0 0 0 0 36 43 0 0 0 44 23 6 0 42 32 12 48 41 0 50 0 31 6 0 20 0 0 30 9 40 0 0 1 0 0 49 0 0 2 0 29 0 43 0 42 0 0 0 0 0 8 0 42 
39 0 41 12 0 37 33 0 42 19 38 21 0 43 0 26 3 0 9 30 0 0 41 34 10 38 33 33 0 0 0 29 24 50 0 35 0 0 25 45 0 20 7 0 0 0 23 44 30 50 12 35 0 24 0 34 32 0 0 50 0 47 0 0 28 22 0 0 0 0 0 0 0 0 29 0 12 20 0 19 0 0 0 48 0 0 0 27 26 0 50 
0 39 0 34 7 0 8 33 1 48 13 27 0 0 0 14 23 0 0 0 25 0 0 12 0 32 41 16 37 13 47 38 0 39 18 5 33 0 15 24 0 0 14 0 44 0 28 0 0 11 0 13 0 0 0 0 0 0 39 0 0 0 0 48 2 0 46 0 26 0 0 0 9 20 32 31 0 0 0 15 29 9 26 0 21 0 24 7 0 43 
0 44 13 0 0 0 49 0 0 0 0 13 14 0 45 20 37 3 0 50 0 46 47 8 10 46 0 0 11 0 0 0 24 0 43 35 0 0 47 43 22 49 9 0 39 46 0 37 45 42 33 41 0 26 0 0 44 0 38 0 0 13 21 0 0 25 6 0 43 1 0 25 0 42 0 29 7 0 48 0 0 0 0 14 20 0 26 31 0 
20 0 45 0 0 0 0 10 6 0 0 0 19 0 0 0 2 0 0 24 34 0 0 0 0 36 0 0 0 49 48 0 0 0 0 17 0 18 39 10 33 30 0 10 0 0 50 15 0 18 0 18 0 0 0 1 10 0 26 0 23 0 0 0 0 0 40 0 0 35 0 0 2 0 0 18 0 0 44 48 26 0 3 21 0 26 0 34 
46 35 47 39 0 28 18 0 19 37 39 0 30 0 11 0 13 0 0 0 0 35 49 45 0 0 42 43 0 29 0 27 0 0 0 0 0 0 13 0 14 38 0 0 0 37 7 1 33 34 0 0 0 23 1 0 0 0 16 0 19 0 0 0 0 0 0 0 0 22 0 0 15 16 0 0 21 32 41 27 0 0 0 9 29 39 0 
0 0 0 0 15 45 0 0 37 4 14 0 0 0 41 38 16 6 19 0 0 9 23 36 0 6 22 8 0 0 0 0 0 17 16 49 0 0 48 0 31 6 45 2 0 0 17 7 21 23 0 0 0 0 23 0 0 48 4 6 6 6 0 0 7 0 36 0 0 0 6 40 42 5 0 0 6 47 10 1 47 2 0 39 10 0 
0 16 47 0 0 0 0 0 0 43 26 21 17 48 20 25 15 0 0 48 30 35 29 0 0 0 0 10 0 0 30 44 5 50 34 26 0 0 45 9 45 2 20 0 26 24 0 19 16 23 1 44 0 0 37 0 46 0 0 45 48 46 0 32 0 0 35 0 49 30 7 17 3 43 13 45 11 47 0 46 0 9 37 0 4 
0 0 34 43 0 0 47 2 43 24 17 0 4 0 0 43 44 0 1 46 35 15 44 45 39 50 0 0 8 0 0 4 1 0 41 50 8 0 0 0 0 6 49 0 0 2 14 31 31 10 37 0 0 0 0 43 24 0 0 3 0 33 0 0 0 0 22 0 0 0 39 32 0 26 0 0 0 21 4 0 0 0 12 35 
4 0 0 3 23 48 22 5 0 43 0 22 24 0 18 0 0 39 0 18 0 0 0 17 0 18 7 24 33 0 0 49 0 47 14 0 44 8 0 0 28 0 0 0 0 5 50 0 12 17 50 34 0 46 0 16 0 0 0 0 44 24 3 1 9 45 10 0 0 38 0 0 0 2 13 24 28 19 0 39 0 25 0 
0 0 19 0 0 0 0 0 0 33 0 0 29 13 0 24 0 48 26 43 0 0 18 50 13 49 12 16 31 27 22 9 40 22 27 0 0 36 5 45 0 0 0 17 0 37 34 42 0 0 0 0 0 26 34 0 48 41 45 47 0 0 11 30 46 0 0 33 0 18 45 5 10 46 41 16 40 0 11 0 0 0 
50 13 49 0 0 4 0 0 39 25 4 46 0 15 34 36 14 37 34 0 7 0 0 7 0 17 0 0 40 15 0 15 0 0 0 0 0 0 0 48 10 0 44 38 0 0 34 0 4 34 0 39 42 46 0 47 7 0 0 47 0 32 33 46 0 8 36 0 39 23 25 40 5 0 0 0 2 22 0 0 38 
13 4 20 16 0 0 15 15 0 0 0 36 9 0 0 0 38 32 0 0 0 50 8 0 37 39 22 0 34 46 0 50 0 0 0 0 0 4 0 0 28 0 44 14 30 47 11 39 39 0 0 0 20 33 29 0 0 36 31 0 11 23 27 17 27 0 0 42 0 0 0 38 0 0 0 12 0 0 26 2 
0 0 16 18 0 40 14 0 4 13 28 0 31 39 40 0 0 24 0 0 0 0 4 0 11 19 0 32 11 0 0 16 18 0 0 22 35 31 6 0 0 0 0 0 49 26 49 0 48 2 7 35 4 4 0 18 30 39 0 0 0 37 0 1 0 22 0 15 21 4 0 35 35 40 0 0 39 26 0 
0 31 22 32 5 0 5 10 0 47 0 14 27 0 35 0 4 0 42 0 0 0 11 46 0 33 3 0 9 0 0 0 32 0 0 0 0 45 47 0 38 0 0 0 0 38 48 0 35 0 43 10 31 0 0 25 27 0 9 0 24 38 0 0 0 39 47 8 0 31 0 0 0 0 0 18 0 4 
37 0 21 0 0 28 44 35 0 44 0 11 30 0 4 29 0 37 6 9 15 32 0 36 0 41 20 6 12 0 29 0 0 6 0 45 44 0 12 17 1 21 17 34 20 0 0 0 0 0 0 0 41 45 31 0 0 3 0 34 3 46 0 0 0 24 0 27 36 0 0 45 19 0 35 0 0 
47 0 0 14 9 45 0 0 0 19 0 15 23 28 35 30 15 0 0 35 20 37 0 0 30 0 0 44 38 29 0 0 0 0 1 36 0 14 0 0 48 31 11 0 0 8 7 22 42 34 0 0 43 0 0 0 10 19 19 0 0 11 0 0 47 0 0 0 0 0 27 41 0 42 0 10 
0 21 45 0 0 0 39 0 4 19 0 0 26 2 0 0 0 9 0 0 19 0 0 0 45 0 0 0 0 0 33 0 0 9 0 0 41 16 18 19 0 0 35 0 48 0 19 0 0 0 34 43 0 0 0 12 15 0 44 0 6 25 0 22 20 37 0 4 0 0 0 40 0 4 0 
0 0 0 0 0 45 7 0 31 29 0 21 25 14 7 25 5 48 15 0 41 0 22 42 0 0 31 42 46 33 0 0 0 0 40 28 9 0 0 0 37 37 0 0 16 11 8 0 27 30 17 0 0 0 32 31 0 48 30 25 0 0 34 6 8 28 0 0 25 0 0 1 0 9 
39 17 20 0 47 2 0 0 12 1 0 0 0 0 0 2 0 23 0 0 0 13 46 11 35 37 0 19 18 19 0 20 31 43 0 4 32 0 0 11 0 0 43 47 0 49 0 46 4 0 0 38 0 0 20 24 10 40 30 44 0 43 18 28 2 30 0 0 3 38 7 23 0 
0 0 0 0 41 0 26 0 1 0 0 18 38 21 17 0 0 0 0 49 0 0 1 0 36 0 0 0 32 0 0 4 50 0 0 0 0 23 0 0 0 4 36 3 0 24 9 0 10 14 0 12 45 30 40 37 0 0 0 0 24 0 22 48 35 0 0 0 50 14 0 0 
47 24 0 7 0 0 9 0 14 17 20 33 39 0 14 0 12 4 0 0 0 0 0 33 0 0 39 0 0 0 0 0 0 46 4 31 13 0 47 41 19 0 4 1 49 0 0 12 0 0 23 37 24 48 0 0 0 0 23 41 23 3 15 26 12 0 0 17 8 0 36 
21 9 11 0 34 0 0 0 0 0 0 25 0 0 0 0 40 0 20 16 39 7 0 0 1 0 0 7 47 46 22 3 39 0 19 32 0 4 0 49 36 11 33 0 31 1 0 0 33 12 0 0 33 0 33 0 16 16 20 8 0 0 0 26 0 0 0 0 0 33 
0 21 0 0 44 0 30 42 0 0 9 4 31 0 0 12 41 0 7 25 0 4 0 0 0 0 0 41 0 40 32 22 11 6 3 0 43 0 0 47 14 5 6 0 34 13 0 0 11 26 36 50 8 25 40 37 18 4 0 0 0 0 0 32 0 0 0 0 42 
0 0 13 0 29 4 0 0 0 10 0 20 0 0 0 40 35 3 0 0 0 39 30 0 37 0 8 21 25 0 0 0 32 0 24 3 4 0 34 33 6 0 24 49 14 37 0 0 0 0 0 0 0 0 39 0 27 19 38 13 16 0 0 0 10 44 15 0 
38 9 0 50 0 0 0 11 5 0 4 38 0 11 0 0 14 3 45 40 33 0 0 0 20 32 18 49 47 0 33 14 21 0 17 48 31 12 40 17 2 5 0 9 0 0 0 31 2 36 45 0 29 39 0 0 5 0 20 0 0 0 14 49 45 0 0 
48 0 0 29 48 31 2 18 0 0 2 11 10 0 41 13 0 38 0 31 0 45 0 0 11 0 19 0 49 0 48 21 0 0 29 0 1 9 44 0 0 46 0 0 39 21 0 29 0 0 20 18 0 0 0 0 3 39 0 0 45 0 22 0 0 12 
0 0 41 0 0 50 35 8 0 50 35 23 0 0 27 46 0 8 23 0 0 0 30 0 0 0 0 0 19 20 36 40 15 0 0 0 0 29 11 23 12 43 0 1 0 0 49 37 0 35 2 0 45 42 48 0 0 44 0 50 33 21 34 0 0 
27 0 37 0 47 43 0 0 39 50 0 26 23 21 0 46 22 6 25 0 0 19 18 0 44 0 6 46 0 20 36 50 39 44 0 25 0 0 0 0 50 26 47 28 26 0 45 37 47 0 50 0 4 0 44 22 27 40 0 41 0 16 0 0 
34 28 0 9 0 2 48 0 0 29 0 42 41 0 48 0 30 0 6 0 45 1 20 43 0 3 36 0 0 11 0 30 19 34 0 4 42 0 50 0 0 0 0 0 2 0 0 25 0 0 15 0 0 0 3 0 0 0 0 43 0 0 0 
0 6 0 0 0 0 0 9 0 0 26 0 0 0 34 0 0 0 0 19 16 0 0 12 8 0 7 29 1 11 23 11 25 0 0 0 39 17 30 17 0 13 5 0 0 7 0 0 1 0 0 0 8 11 4 0 0 19 0 0 0 0 
0 50 32 0 0 11 47 0 0 0 10 21 0 0 39 0 19 36 34 3 12 0 30 19 0 39 33 0 47 40 13 44 27 2 25 0 2 37 6 36 15 46 0 0 21 0 0 14 31 50 7 32 27 9 50 0 19 0 0 23 50 
44 0 16 25 0 37 31 39 8 0 0 3 0 32 0 0 49 42 0 20 0 0 0 11 6 0 0 12 24 0 0 0 16 8 0 0 0 17 30 43 0 0 12 0 0 50 5 8 0 0 2 0 7 0 0 40 15 46 6 6 
37 0 0 3 0 38 35 0 39 19 28 0 0 6 0 0 13 0 27 0 50 0 0 0 0 40 16 11 0 0 0 0 5 17 0 0 36 0 0 0 0 0 16 34 12 40 0 5 11 36 14 14 24 39 11 0 33 0 0 
0 0 8 14 0 33 48 0 0 0 27 32 15 0 16 44 0 48 7 0 5 32 0 8 44 13 0 0 0 29 23 0 34 41 0 49 0 27 46 31 37 36 0 0 27 0 0 6 9 45 0 5 1 10 34 31 45 0 
0 7 20 11 0 46 45 0 13 30 5 48 32 8 6 0 0 41 11 0 41 0 0 0 12 20 0 0 8 0 4 15 0 0 0 48 34 2 0 0 0 0 38 43 26 0 0 0 22 16 1 0 20 50 11 3 22 
11 0 0 32 0 50 0 47 11 0 0 9 41 4 0 0 7 0 3 29 18 37 43 28 29 0 16 0 0 0 2 0 0 42 0 0 8 16 40 0 24 0 0 0 0 16 0 10 48 34 0 0 17 0 0 36 
14 0 0 0 0 0 0 44 37 32 0 0 8 0 20 0 37 39 0 0 4 37 43 0 0 42 0 31 50 0 38 26 0 44 0 0 10 0 0 5 6 10 46 0 37 0 14 50 19 24 22 12 17 0 39 
0 10 0 0 18 15 9 28 10 0 0 0 0 0 14 0 23 0 0 29 21 0 0 0 41 4 0 35 36 0 0 35 16 38 0 0 0 48 0 36 0 17 0 28 0 12 13 0 8 18 6 0 8 0 
0 7 0 0 0 10 0 0 0 13 27 49 40 0 0 17 0 49 30 35 0 5 0 0 7 0 34 14 16 49 2 47 35 0 0 0 4 22 0 0 0 0 0 15 46 6 46 0 8 6 0 26 25 
13 11 8 0 49 0 2 0 0 0 0 8 41 32 0 45 0 19 0 12 49 0 0 0 21 47 28 0 40 33 35 17 13 4 0 0 3 6 48 32 0 0 50 0 0 3 0 0 0 0 49 22 
36 42 34 6 0 0 27 0 22 12 4 46 0 0 43 41 31 35 12 36 35 0 0 2 0 22 34 47 15 19 0 0 38 48 25 8 9 13 23 21 0 8 0 32 13 10 0 47 0 0 0 
38 40 0 36 14 0 39 46 46 40 25 29 6 19 35 0 0 44 31 33 4 0 0 0 3 0 0 30 12 15 0 23 4 8 0 0 5 0 0 0 0 0 4 43 0 3 39 8 4 0 
0 0 22 15 0 38 0 0 24 0 35 5 6 0 46 43 11 5 12 50 12 0 0 0 23 25 16 6 34 5 0 0 0 0 0 50 5 11 18 11 0 0 15 5 0 0 0 0 31 
34 0 46 36 1 11 1 9 0 0 0 0 0 36 0 0 0 43 11 0 50 22 2 0 45 49 6 0 0 32 42 0 21 0 0 0 34 0 31 50 2 0 14 0 0 45 15 39 
0 44 48 0 32 0 0 0 20 0 50 0 3 11 0 0 28 30 0 0 32 17 27 44 0 0 0 9 0 23 7 50 0 11 44 0 27 0 31 0 16 50 45 0 0 1 32 
0 0 25 0 0 23 2 0 0 0 25 48 0 46 44 1 5 0 0 12 10 31 42 0 27 0 22 29 0 0 4 0 0 38 11 0 3 0 46 39 29 0 16 0 31 0 
0 17 0 0 0 0 0 6 13 19 0 0 24 20 0 6 0 38 0 0 0 33 0 35 33 38 21 20 17 0 0 0 0 0 0 0 7 22 28 47 0 45 0 0 21 
0 0 40 0 0 0 38 32 0 0 0 18 0 0 16 0 0 0 37 38 33 12 0 0 47 41 3 38 0 0 8 35 32 29 0 0 10 22 0 0 34 22 3 0 
0 11 35 19 33 0 0 15 21 42 0 40 0 0 0 0 35 0 45 0 19 0 0 17 3 0 28 0 45 0 0 3 0 0 2 14 0 43 0 17 7 0 25 
11 0 28 13 0 0 30 30 39 6 37 49 37 31 0 9 0 0 18 0 34 43 0 35 49 42 36 0 46 0 0 0 6 0 6 50 0 41 21 1 5 5 
0 9 0 21 47 0 0 0 0 33 35 19 0 0 1 48 25 0 42 0 0 0 17 0 0 27 0 0 9 24 12 0 0 0 30 40 0 0 18 0 0 
43 7 19 0 31 48 32 8 6 45 24 10 0 0 0 47 0 0 35 0 30 0 2 0 0 7 9 31 0 0 0 49 0 34 0 0 42 37 12 32 
15 11 3 0 0 0 0 0 41 50 0 0 8 39 37 27 0 21 0 6 0 38 20 15 6 26 28 0 0 0 0 24 0 0 0 12 0 0 17 
44 0 0 20 18 49 17 0 0 23 0 30 43 8 0 0 40 0 49 0 43 18 0 42 44 46 0 14 0 0 0 20 5 0 18 13 0 0 
16 0 0 22 0 10 39 42 17 36 41 2 21 46 20 0 19 18 0 0 8 0 0 0 0 0 0 31 5 0 9 0 41 24 9 17 0 
31 0 11 0 37 0 10 40 0 0 41 0 0 0 0 12 30 0 42 37 0 0 22 30 0 28 14 0 0 26 37 36 0 2 0 0 
46 0 0 40 0 0 41 28 0 0 0 27 12 0 18 15 8 37 0 39 0 45 0 31 42 45 0 7 0 7 0 49 42 18 0 
16 0 13 0 42 0 0 41 27 0 48 20 0 13 15 0 26 0 41 48 31 0 9 5 0 0 0 0 0 21 39 24 0 44 
29 7 0 8 29 0 29 11 0 0 0 0 0 0 0 0 38 15 7 0 0 0 0 0 0 0 19 0 36 20 27 28 10 
44 16 45 22 22 0 22 0 32 0 35 23 0 0 0 21 10 18 0 0 0 33 44 0 37 0 26 46 0 23 0 13 
17 4 4 0 41 24 0 0 48 40 0 6 0 14 0 0 0 0 0 0 0 0 1 40 14 0 16 39 29 24 38 
9 41 16 0 0 0 21 27 0 0 0 24 4 40 31 27 0 0 4 0 0 0 0 0 0 31 0 32 0 0 
40 0 18 35 21 0 26 11 32 0 16 44 0 0 0 0 0 0 0 0 0 0 0 0 0 0 11 30 0 
20 47 0 46 0 3 0 0 0 0 0 0 27 15 10 15 30 16 30 0 38 0 0 18 11 0 0 19 
0 0 20 2 0 0 0 0 17 9 21 0 18 0 4 44 0 43 44 0 43 42 49 25 0 43 45 
25 47 0 25 12 33 14 0 0 0 0 11 0 0 0 46 22 0 0 17 0 16 0 34 40 26 
0 12 26 43 40 0 33 0 0 12 0 50 0 6 0 0 17 44 0 7 0 36 0 0 0 
15 50 30 40 0 0 4 34 12 26 17 29 0 0 0 16 0 49 0 11 0 0 0 15 
32 0 20 28 0 0 34 17 0 33 48 2 0 25 37 0 39 0 0 48 25 0 0 
0 3 0 24 0 34 26 0 7 17 8 0 0 32 0 7 0 45 42 0 21 0 
0 41 0 37 0 13 38 0 39 0 0 0 0 18 0 0 23 46 0 0 46 
5 33 0 0 0 0 47 45 0 0 13 0 0 0 9 0 26 0 0 38 
0 0 50 41 0 0 33 0 0 18 45 8 48 33 36 46 31 48 0 
13 39 26 0 33 0 0 3 0 0 6 0 0 48 0 40 0 6 
0 0 15 13 19 16 0 5 0 9 0 0 2 8 37 49 0 
27 23 25 0 0 40 45 22 21 34 17 0 0 48 16 49 
0 0 0 12 27 0 38 8 0 0 6 0 3 0 35 
33 49 0 23 43 30 41 38 0 24 0 0 24 0 
0 0 0 0 0 0 9 0 0 17 0 19 0 
44 34 11 6 0 0 39 21 0 0 50 39 
1 14 38 38 2 0 9 0 8 0 0 
38 49 0 16 4 0 0 0 0 0 
11 0 0 39 11 49 36 5 0 
23 12 31 0 0 0 44 0 
0 0 0 0 0 43 46 
0 0 36 5 20 0 
0 37 0 10 8 
28 36 42 40 
11 0 21 
0 39 
0 

1 4
1 36
1 55
1 82
1 106
1 182
1 190
1 197
2 42
2 83
2 100
2 150
2 174
2 181
2 198
3 30
3 41
3 52
3 58
3 78
3 88
3 129
3 134
3 140
3 182
3 185
3 186
3 193
4 89
4 113
4 178
5 6
5 35
5 175
5 177
5 182
6 9
6 10
6 89
6 91
6 111
6 168
7 61
7 70
7 104
7 126
7 191
8 29
8 43
8 45
8 56
8 59
8 71
8 77
8 120
8 134
8 160
8 168
9 14
9 16
9 21
9 52
9 115
9 127
9 139
9 151
9 155
9 174
9 199
10 13
10 18
10 19
10 45
10 52
10 63
10 70
10 86
10 92
10 94
10 115
10 122
10 124
10 132
10 156
10 159
10 188
10 197
11 31
11 41
11 43
11 102
11 123
11 136
11 139
11 144
11 193
11 197
12 23
12 36
12 47
12 62
12 74
12 76
12 94
12 104
12 123
12 131
12 153
12 159
12 177
13 33
13 70
13 81
13 86
13 99
13 151
13 183
13 198
14 73
14 77
14 79
14 103
14 146
14 178
14 185
15 47
15 85
15 92
15 125
15 138
15 172
15 190
15 195
16 59
16 67
16 72
16 77
16 126
16 134
16 153
17 54
17 88
17 159
17 179
17 195
18 41
18 65
18 114
18 127
18 130
18 132
18 157
18 158
19 80
19 119
19 163
19 169
19 179
19 193
19 197
20 23
20 40
20 111
20 179
20 190
20 197
21 38
21 66
21 86
21 118
21 127
21 130
21 152
21 167
21 189
22 60
22 90
22 140
22 157
22 199
23 62
23 83
23 167
23 174
23 181
23 196
24 25
24 64
24 111
24 146
24 172
25 82
25 83
25 101
25 114
25 119
25 133
26 44
26 73
26 89
26 139
26 153
26 168
26 172
26 183
27 28
27 58
27 75
27 80
27 97
27 98
27 134
27 135
27 195
27 197
28 30
28 80
28 98
28 100
28 166
28 185
29 136
29 142
29 156
30 33
30 49
30 62
30 63
30 84
30 165
30 176
30 196
31 32
31 37
31 44
31 88
31 140
31 167
31 171
31 194
31 199
32 53
32 77
32 79
32 105
32 107
32 136
33 39
33 102
33 117
33 165
33 181
34 52
34 84
34 98
34 178
34 186
34 198
35 47
35 78
35 102
35 108
35 123
35 124
35 160
36 58
36 145
36 159
37 48
37 134
37 139
37 140
37 170
37 173
37 179
38 92
38 111
38 134
38 157
38 164
38 171
38 195
38 197
38 199
39 41
39 105
39 110
39 115
39 121
39 146
39 191
40 123
40 128
40 152
41 66
41 76
41 95
41 110
41 127
41 153
41 178
41 181
42 101
42 118
42 180
42 185
43 59
43 64
43 79
43 80
43 127
43 146
43 151
43 155
43 162
43 177
43 192
44 91
44 92
44 153
45 64
45 65
45 80
45 91
45 101
45 114
45 123
45 129
45 152
46 55
46 98
46 126
46 149
46 157
46 159
47 51
47 93
47 97
47 121
47 127
47 131
47 132
47 139
47 149
47 173
47 200
48 66
48 107
48 116
48 157
48 181
49 122
49 143
49 173
50 100
50 107
50 130
50 157
50 165
50 188
51 64
51 65
51 163
52 98
52 109
52 123
52 130
53 79
53 90
53 152
53 159
53 161
53 163
53 192
54 75
54 97
54 114
54 116
54 154
54 155
54 172
54 199
55 56
55 80
55 93
55 116
55 188
55 189
55 196
55 200
56 72
56 107
56 115
56 127
56 130
57 77
57 100
57 105
57 141
57 152
57 171
57 188
58 77
58 83
58 87
58 134
58 141
58 186
59 127
59 129
59 137
59 174
59 191
59 194
59 199
59 200
60 76
60 83
60 109
60 137
60 146
61 83
61 116
61 129
61 132
61 139
61 144
61 156
61 179
62 94
62 97
62 118
62 124
62 165
62 186
63 80
63 118
63 145
63 176
63 178
63 183
64 72
64 120
64 125
64 129
64 151
64 155
64 160
64 162
65 69
65 147
65 185
66 69
66 100
66 102
66 116
66 140
66 149
66 162
66 196
67 76
67 79
67 84
67 88
67 116
67 140
67 142
67 153
67 168
67 190
68 160
68 170
68 174
69 92
69 100
69 131
69 149
69 192
69 197
70 188
70 189
72 96
72 110
72 129
72 177
72 183
72 195
73 178
73 194
73 195
74 94
74 130
74 136
74 144
74 160
74 184
75 84
75 139
75 142
75 150
75 190
76 77
76 143
76 150
76 165
76 168
77 84
78 121
78 133
78 168
79 91
79 117
79 127
79 177
79 198
80 113
80 145
80 182
81 88
81 116
81 156
81 195
82 110
82 118
82 131
82 151
82 172
82 178
82 193
83 88
83 91
83 94
83 105
83 114
83 200
84 94
84 100
84 132
84 158
84 159
84 166
84 181
84 185
84 191
85 122
85 181
86 87
86 94
87 97
87 125
87 129
87 172
87 177
87 197
87 198
88 130
88 137
88 146
88 150
88 175
88 178
88 191
89 117
89 139
89 157
90 145
90 177
90 197
90 200
91 102
91 106
91 195
92 123
92 136
92 166
92 198
93 117
93 158
93 171
93 182
94 102
94 114
94 116
94 184
95 97
95 109
95 126
95 130
95 139
95 146
95 155
96 160
96 174
96 180
96 183
97 169
97 183
98 100
98 118
98 125
98 128
98 162
98 166
98 178
98 196
99 122
99 136
99 140
100 118
100 146
100 197
101 105
102 152
102 153
102 183
102 185
102 196
103 129
103 164
103 179
103 194
103 195
104 108
104 169
104 174
104 178
104 184
104 198
105 126
105 132
105 136
105 160
105 195
106 156
106 171
107 113
107 136
107 139
107 154
107 178
107 179
107 197
108 155
108 179
109 178
109 194
110 148
110 171
110 178
110 199
111 112
111 132
111 141
112 131
112 141
112 166
113 177
113 188
113 200
114 117
114 134
114 143
114 184
114 197
115 133
115 169
115 199
116 155
117 150
117 159
117 190
118 161
118 167
118 170
118 180
119 193
119 198
120 148
120 155
120 157
120 194
120 195
121 142
121 184
122 180
123 127
123 148
123 158
123 186
123 199
124 126
124 163
124 199
125 129
125 200
126 148
126 159
126 169
126 170
127 147
127 166
127 168
127 172
128 136
128 155
129 132
129 145
129 149
129 155
129 179
129 186
130 146
130 182
130 192
131 178
132 134
133 163
133 189
133 193
133 194
134 184
134 189
135 156
135 169
135 178
137 140
137 180
137 184
138 161
138 172
138 194
139 167
139 185
140 142
140 170
140 194
142 169
144 146
144 184
144 187
144 188
145 147
145 170
145 189
146 177
146 194
146 198
147 154
148 170
148 189
149 200
150 195
151 174
151 186
151 196
152 180
153 172
153 179
153 189
153 193
155 175
156 158
156 160
156 162
159 168
159 173
159 181
159 192
160 177
160 182
161 172
162 196
164 182
165 175
165 179
169 186
169 191
170 175
170 195
171 186
171 191
171 195
172 192
175 186
175 196
177 190
179 180
179 191
181 182
186 197
187 190
187 192
187 200
193 195
195 196
195 198
