200 796 1000

84 57 81 93 71 35 68 19 45 24
102 108 70 44 80 14 94 105 99 53
16 110 76 42 29 22 49 45 93 46
37 19 106 45 21 109 38 37 43 76
86 64 64 90 89 87 99 39 17 80
37 13 43 67 36 30 34 33 72 87
106 100 80 35 92 99 26 66 105 90
70 64 33 56 45 54 33 61 27 86
68 27 98 28 99 12 30 74 108 49
55 106 86 19 86 27 48 19 73 40
35 54 61 93 22 74 45 28 109 79
32 105 86 97 99 71 77 75 83 22
37 107 43 105 72 104 71 52 104 89
65 80 69 100 51 76 29 71 50 36
30 32 82 90 15 12 32 100 88 37
81 13 47 29 40 104 49 27 11 54
82 74 90 109 71 88 74 57 74 76
18 39 16 49 45 58 79 75 100 69
89 97 101 12 81 96 104 51 69 55
78 89 54 76 85 47 89 99 77 15

74 47 71 83 61 25 58 9 35 14
92 98 60 34 70 4 84 95 89 43
6 100 66 32 19 12 39 35 83 36
27 9 96 35 11 99 28 27 33 66
76 54 54 80 79 77 89 29 7 70
27 3 33 57 26 20 24 23 62 77
96 90 70 25 82 89 16 56 95 80
60 54 23 46 35 44 23 51 17 76
58 17 88 18 89 2 20 64 98 39
45 96 76 9 76 17 38 9 63 30
25 44 51 83 12 64 35 18 99 69
22 95 76 87 89 61 67 65 73 12
27 97 33 95 62 94 61 42 94 79
55 70 59 90 41 66 19 61 40 26
20 22 72 80 5 2 22 90 78 27
71 3 37 19 30 94 39 17 1 44
72 64 80 99 61 78 64 47 64 66
8 29 6 39 35 48 69 65 90 59
79 87 91 2 71 86 94 41 59 45
68 79 44 66 75 37 79 89 67 5

0 41 21 0 27 43 0 34 0 0 0 20 46 0 3 47 0 0 44 33 0 30 6 15 30 50 0 4 46 29 0 0 0 0 0 26 0 0 0 22 0 0 0 45 32 47 43 0 0 50 0 3 0 0 28 37 0 38 34 19 0 49 0 0 37 0 0 0 5 10 0 0 0 0 0 22 44 0 0 0 0 0 0 25 0 8 36 0 14 9 0 15 11 0 0 32 49 0 0 0 38 43 15 0 30 50 0 30 0 0 33 0 35 32 46 30 20 28 36 28 44 0 11 24 0 0 18 8 34 0 35 0 39 18 12 0 0 21 26 46 11 0 32 11 33 0 14 0 31 16 0 0 0 0 22 39 0 0 0 17 0 10 25 6 0 16 0 42 1 0 50 0 0 50 16 25 6 48 0 44 35 9 39 2 0 22 3 0 0 35 20 2 0 0 0 7 9 11 26 
33 0 0 0 30 0 0 0 35 1 0 0 0 0 4 18 44 0 9 48 0 39 0 18 50 0 0 11 6 0 6 36 0 23 0 0 0 0 0 17 0 0 30 15 0 0 0 0 0 46 5 0 0 0 0 0 28 0 0 7 0 0 0 0 0 25 29 19 50 0 6 20 0 4 0 20 7 0 10 49 0 0 42 0 34 30 21 12 0 0 38 41 43 14 23 0 16 0 6 0 34 23 43 23 0 0 0 0 45 0 0 0 42 7 0 0 0 4 45 0 29 6 16 0 41 3 0 27 0 36 0 50 7 35 48 22 15 0 44 16 6 26 4 0 0 0 35 7 33 50 10 0 34 0 31 0 15 25 8 21 0 43 50 0 12 44 0 13 18 19 37 0 0 22 0 0 37 33 14 0 45 0 33 42 32 17 0 0 12 11 0 1 0 23 0 35 39 22 
0 0 24 7 0 0 6 50 0 46 36 40 50 2 0 0 33 14 13 28 23 4 4 24 21 49 16 0 0 0 0 0 0 0 38 1 18 12 19 5 36 0 0 0 17 27 0 46 0 0 0 0 33 0 0 32 0 0 0 0 46 19 48 18 20 0 0 0 17 23 0 0 0 46 0 0 46 25 0 0 39 32 20 0 0 0 0 0 12 39 16 23 23 0 0 0 0 40 40 50 0 0 25 47 0 0 0 7 0 31 0 33 0 1 13 16 0 4 0 49 14 35 0 24 0 0 31 0 40 0 39 0 0 8 1 0 0 0 0 0 0 0 32 42 0 2 18 50 0 0 12 47 0 30 0 37 0 0 0 32 13 23 0 0 0 0 10 9 33 0 0 38 48 0 25 0 0 0 0 20 25 27 38 35 23 10 0 21 0 35 0 33 12 8 0 12 29 
36 0 39 0 20 0 0 31 0 0 20 4 0 0 0 0 0 49 0 0 15 0 25 0 0 0 5 30 10 10 0 49 45 0 50 31 5 23 0 50 0 41 0 14 0 0 0 0 13 17 0 45 48 14 0 0 38 27 0 17 46 43 25 0 0 0 27 25 0 0 12 25 0 50 35 44 0 0 0 0 30 2 0 0 1 5 0 25 0 22 4 0 50 17 48 0 0 0 0 0 27 44 35 44 0 3 7 0 4 0 0 0 0 0 0 19 0 7 35 0 5 0 0 39 0 0 0 15 46 45 0 2 45 7 0 15 46 34 0 0 0 19 41 0 48 11 0 0 11 13 0 0 0 36 0 0 24 0 29 49 43 23 0 0 27 24 0 2 0 7 34 24 0 0 50 34 0 0 0 36 0 35 0 0 0 0 0 0 46 7 3 0 0 0 0 0 
7 0 48 7 7 0 0 0 45 0 0 29 0 39 0 37 0 31 48 21 0 0 0 0 0 37 17 2 0 0 0 0 0 41 25 38 41 0 5 0 39 0 39 0 40 48 0 0 44 0 9 0 0 29 1 40 49 48 39 34 0 3 0 0 0 31 0 0 46 37 0 49 27 47 9 43 7 0 19 40 34 12 0 41 0 22 4 0 0 27 0 10 7 22 0 0 0 48 0 22 0 0 0 31 0 31 37 45 25 33 0 26 0 4 0 0 5 0 0 47 0 0 4 0 5 26 0 0 0 7 0 0 0 0 0 5 11 46 0 50 0 0 14 0 0 0 32 0 33 0 0 0 0 17 29 0 0 26 0 36 0 12 31 11 0 11 44 0 0 0 31 0 0 22 0 0 42 0 0 48 0 0 0 50 4 45 0 0 0 44 49 10 0 17 34 
0 0 23 32 44 38 0 5 42 3 16 33 18 26 0 19 33 1 14 47 45 0 41 27 27 0 31 10 0 0 0 0 33 20 0 0 0 22 41 20 0 0 16 6 0 33 8 1 39 18 44 17 15 0 0 0 0 0 41 37 25 6 0 0 0 0 39 0 38 0 30 17 0 0 7 0 0 42 17 0 29 0 0 42 0 0 13 23 0 0 24 0 0 0 0 42 48 18 35 49 23 0 32 0 14 44 0 19 0 29 0 35 0 24 28 3 29 38 43 0 39 47 0 0 21 20 34 0 0 38 38 0 9 0 0 4 34 0 8 0 37 0 0 0 0 7 23 0 0 0 0 44 0 33 0 0 0 16 33 0 0 0 0 35 17 0 0 16 0 0 41 41 10 33 27 43 0 40 0 0 14 36 49 24 11 0 0 0 0 2 0 32 0 0 
0 8 4 0 42 0 0 0 0 0 0 30 16 3 0 42 0 28 9 0 0 18 23 0 0 22 49 9 10 0 41 41 16 0 31 47 0 42 45 0 21 0 28 28 0 0 23 0 48 34 35 7 0 0 0 3 48 15 0 37 43 50 0 0 42 0 5 42 4 0 10 0 23 0 0 11 0 0 0 0 0 0 28 49 39 38 0 0 0 0 0 0 0 49 0 0 24 0 0 23 44 0 39 5 0 26 35 0 22 46 0 20 0 0 0 27 29 0 13 50 0 17 0 8 0 16 0 5 34 0 24 20 10 2 0 0 10 19 2 36 11 9 0 11 0 41 19 24 23 9 18 44 43 0 22 0 49 17 0 0 48 50 23 42 25 14 43 43 0 0 0 0 24 49 0 0 5 7 9 0 15 8 6 48 0 0 31 0 0 48 0 0 0 
0 31 0 0 44 0 19 0 0 39 18 44 12 0 48 0 33 0 0 39 10 0 6 34 1 49 0 0 28 7 43 0 47 50 39 0 0 46 0 0 0 0 0 35 0 0 44 0 39 0 2 0 0 22 11 0 0 0 0 0 0 28 46 0 0 35 0 10 5 38 36 43 0 14 10 43 0 0 50 31 4 0 0 25 37 41 0 23 26 8 17 0 0 44 0 35 43 8 0 0 0 0 0 11 38 11 1 0 43 0 0 0 0 41 0 0 0 0 0 27 0 0 0 7 19 34 0 0 6 34 0 29 0 0 45 0 3 0 0 41 0 48 0 0 0 29 1 0 0 36 0 30 0 18 44 19 2 0 0 23 0 0 0 0 0 13 0 0 0 27 0 0 0 0 12 21 0 0 2 29 0 4 0 37 43 0 0 6 0 15 5 24 
0 22 46 0 23 23 0 0 0 12 15 0 6 6 40 0 4 37 26 0 0 11 45 0 36 34 4 0 0 21 0 0 4 0 50 10 0 2 0 2 45 0 46 8 23 7 26 0 36 0 0 32 0 0 0 17 27 8 0 0 25 41 11 42 0 0 34 24 0 28 0 40 0 36 12 48 0 0 44 4 0 0 0 0 0 36 18 0 15 0 36 0 48 45 13 1 7 48 3 39 0 39 0 0 0 38 0 0 0 40 5 15 38 45 11 35 0 0 22 23 43 0 45 0 4 0 0 0 25 40 0 0 39 0 31 0 0 35 0 48 0 0 48 0 22 1 0 1 0 0 0 44 50 0 0 0 0 0 0 44 0 0 37 0 29 0 41 12 0 0 0 0 0 0 44 0 0 14 0 0 0 0 0 29 0 0 41 0 0 7 6 
19 0 0 0 5 48 20 40 0 15 11 40 0 11 21 0 25 24 3 0 0 0 30 0 40 8 33 0 45 44 35 0 47 32 0 25 0 0 18 49 0 0 5 39 0 33 0 2 37 0 33 0 0 34 30 50 0 0 19 41 0 41 0 37 0 0 0 4 14 34 50 0 42 0 0 0 0 42 0 3 0 15 0 0 0 0 15 0 5 19 0 15 0 18 0 25 0 43 44 36 18 35 7 23 0 0 0 22 48 0 0 8 0 14 45 30 40 42 50 0 15 16 38 47 0 35 0 21 34 7 2 21 28 0 0 22 41 14 2 0 27 42 0 50 47 8 0 0 0 0 0 14 50 0 28 0 31 29 11 30 49 49 27 0 5 0 35 0 23 0 0 34 0 0 24 0 0 22 0 0 24 7 35 0 0 0 11 42 38 41 
0 9 0 14 8 38 14 50 47 18 49 0 2 0 47 38 0 3 25 44 2 16 32 18 42 17 0 0 0 21 0 0 46 31 39 44 0 33 35 27 0 15 0 0 25 0 0 9 49 23 0 38 0 0 3 0 35 0 0 34 19 0 39 0 0 7 22 0 9 0 0 0 0 7 17 19 6 21 8 0 12 45 0 15 0 6 0 2 0 0 46 0 0 0 46 13 0 8 22 0 0 0 0 0 22 0 38 0 30 0 0 0 0 4 0 0 10 28 0 0 0 0 30 29 46 31 39 15 25 50 0 0 20 37 3 44 44 0 0 41 0 20 22 0 0 45 0 0 0 0 2 0 6 35 0 2 18 0 20 13 41 24 32 35 44 0 0 0 50 0 11 43 27 41 0 20 0 1 40 0 39 0 21 0 44 0 20 4 0 
7 15 47 43 0 0 49 0 0 29 0 40 0 15 0 0 0 0 0 49 0 22 36 0 0 35 0 8 42 0 48 36 0 45 27 28 0 21 2 46 0 0 28 2 0 5 46 33 45 0 0 0 11 12 31 0 3 37 0 43 6 0 0 42 0 3 0 32 26 6 0 0 44 0 0 0 0 0 2 37 0 35 0 9 0 0 28 13 11 0 0 0 16 6 43 0 37 0 0 25 0 28 0 1 28 0 6 0 0 44 0 0 46 43 40 44 0 32 0 28 0 35 0 5 0 0 25 36 46 0 13 1 32 49 38 0 24 7 5 0 0 0 0 45 44 7 0 0 0 44 3 26 0 0 45 0 29 0 0 6 0 0 0 50 23 7 0 38 0 22 44 0 10 0 0 0 1 22 0 0 0 0 39 48 31 17 11 0 
0 0 0 0 41 50 19 0 0 7 29 0 0 0 0 0 0 0 0 0 0 25 29 5 2 0 0 0 12 0 0 27 43 0 6 42 14 0 8 49 3 22 41 0 0 0 0 0 0 0 25 0 50 28 0 44 10 47 40 0 37 31 18 31 0 2 0 38 33 0 0 19 24 32 48 17 5 0 35 0 28 45 0 0 0 17 0 14 30 0 0 0 0 0 26 0 7 0 12 3 0 0 3 22 30 6 0 0 20 5 0 0 29 9 5 35 48 9 11 0 40 45 0 14 5 16 20 0 0 4 0 0 41 21 17 0 0 0 0 14 1 13 0 4 0 38 34 14 9 0 35 0 30 38 28 0 20 40 44 2 0 26 17 0 15 0 36 35 10 0 13 0 0 0 34 0 0 0 0 5 36 12 47 25 49 0 44 
0 0 18 18 0 15 23 49 5 9 31 47 0 26 0 0 22 50 0 22 0 0 2 46 27 0 4 5 16 29 0 0 19 21 0 0 0 0 0 37 0 0 0 34 25 0 33 0 0 27 0 0 0 0 0 7 12 47 0 0 18 0 7 0 0 26 0 19 30 0 2 0 0 38 31 1 32 32 47 17 25 24 47 20 12 22 40 16 0 22 0 0 0 0 0 0 0 16 37 0 49 40 0 33 0 0 0 45 32 0 0 0 0 35 34 0 44 36 0 16 40 0 24 0 8 0 0 0 0 32 16 37 0 20 0 41 0 43 5 0 43 0 0 39 21 18 17 31 0 8 0 0 0 17 0 0 0 16 0 0 0 15 25 30 50 0 0 0 37 0 25 45 32 0 0 0 0 20 1 16 0 0 13 0 30 3 
0 41 0 42 0 0 24 0 0 27 26 49 9 11 0 0 0 28 0 18 0 38 0 0 0 4 50 0 28 0 0 0 29 11 0 38 0 0 7 33 30 49 0 34 0 0 47 0 15 0 0 0 0 0 40 0 25 29 26 15 1 22 0 0 0 23 26 20 0 0 45 21 0 0 31 42 25 28 0 34 9 28 0 23 0 25 0 0 32 17 0 0 25 42 8 10 1 0 28 18 0 0 0 0 0 0 0 37 0 0 13 30 21 13 0 0 12 0 13 20 47 18 0 1 39 50 0 17 0 20 0 39 0 0 41 0 48 16 0 24 34 0 0 0 41 41 5 0 34 0 0 0 45 0 40 42 0 23 6 0 25 0 29 11 0 1 0 0 0 10 0 17 13 12 0 0 0 0 0 17 22 0 0 0 0 
5 8 29 47 16 0 0 40 42 24 21 0 19 0 0 0 0 0 0 12 48 15 47 26 0 31 2 8 18 0 0 0 21 0 26 0 0 0 0 42 8 0 0 32 22 20 0 3 0 24 47 0 12 44 7 0 0 15 37 0 0 39 0 29 0 46 30 35 0 21 0 0 8 0 11 22 0 37 0 0 0 7 28 0 8 42 0 6 0 32 1 0 31 4 10 39 0 13 24 34 0 0 16 0 22 45 23 2 0 44 4 45 0 0 48 48 0 0 28 0 0 33 6 38 0 0 0 23 31 0 17 28 21 8 5 4 0 9 4 0 0 0 49 39 0 0 0 11 0 4 0 0 0 0 0 0 33 34 8 3 41 29 6 8 0 11 30 44 3 0 1 34 0 0 10 40 36 25 0 0 8 0 3 0 
0 41 0 29 0 46 7 20 40 47 35 48 0 0 0 30 0 0 0 20 46 0 27 0 3 49 32 0 0 36 38 0 35 0 0 0 0 39 37 46 0 0 41 22 45 38 27 47 5 0 0 0 0 8 30 41 0 0 6 0 12 32 0 0 30 6 0 46 0 0 18 37 23 35 20 13 14 0 7 0 41 6 0 8 11 42 0 13 39 44 3 0 0 0 46 23 0 7 19 33 9 0 20 14 0 35 44 0 28 0 33 0 0 40 0 37 28 9 8 0 17 9 3 0 49 0 0 30 22 0 0 1 0 38 0 0 12 0 0 35 34 1 13 0 0 24 0 40 28 44 13 49 33 45 0 0 0 3 37 0 38 34 0 30 35 3 38 25 3 7 23 14 41 0 0 0 0 42 3 0 42 0 5 
46 3 0 0 30 0 27 6 4 27 0 0 7 45 0 0 0 0 0 1 0 0 39 0 0 0 0 22 32 0 0 0 0 25 0 23 0 0 0 0 0 0 0 44 37 0 10 0 45 0 23 0 0 0 0 11 32 25 0 0 15 45 42 0 3 0 1 46 0 0 0 45 0 8 0 41 49 0 42 9 0 26 0 0 21 31 0 11 26 41 42 0 6 36 0 44 0 0 29 0 32 28 0 23 0 0 36 48 0 24 0 19 0 0 31 5 0 36 40 32 0 0 0 34 0 0 42 0 40 6 44 0 25 0 4 42 46 27 14 0 21 43 0 8 0 0 50 18 0 0 0 0 0 0 0 40 0 37 0 27 0 0 49 0 0 0 26 24 0 12 3 1 0 48 0 39 45 24 0 0 31 0 
0 26 32 0 28 6 0 19 0 47 25 37 6 0 0 0 1 0 29 0 0 8 0 0 0 0 10 27 0 13 15 0 14 50 0 38 22 29 41 0 32 0 0 0 44 0 21 4 12 0 11 41 0 12 39 40 0 21 0 0 41 0 21 40 0 46 41 0 41 0 25 0 0 12 30 20 9 21 0 24 12 30 0 35 47 40 20 0 3 8 0 0 17 41 0 29 18 20 0 26 0 0 42 41 0 0 24 0 9 3 0 19 16 0 0 7 14 11 0 49 0 16 40 1 13 12 21 0 0 28 0 0 35 13 49 0 21 4 0 6 18 0 47 32 46 14 10 0 0 0 0 24 0 12 0 24 0 44 0 36 24 0 0 18 0 29 15 8 46 29 0 14 0 38 0 38 35 15 1 0 6 
0 3 0 19 24 12 0 20 21 42 23 39 0 28 0 0 0 0 26 38 0 0 12 0 0 3 16 16 3 49 0 0 15 33 0 32 0 38 0 0 21 40 0 0 46 36 0 0 11 50 47 27 28 40 16 20 12 0 0 38 0 45 0 2 0 0 0 0 0 35 0 1 0 39 18 0 0 30 0 18 0 0 35 16 0 28 36 0 0 9 0 0 42 9 31 3 0 0 8 49 35 46 0 46 0 0 49 47 0 0 45 21 0 15 3 43 18 31 50 7 49 0 0 3 40 31 18 23 0 32 25 0 0 0 0 14 0 9 6 20 11 34 17 0 4 7 38 0 25 0 0 0 27 14 0 11 34 0 17 0 26 17 0 0 44 2 0 0 16 0 20 0 0 0 43 0 0 20 0 0 
10 10 0 21 42 35 0 0 41 50 24 31 0 42 37 50 0 49 0 5 27 36 28 30 19 0 17 0 0 49 0 11 0 0 0 26 4 9 5 30 8 2 0 37 22 24 21 0 19 0 4 0 15 0 50 0 0 0 19 0 0 13 0 0 0 22 43 0 26 0 36 0 0 0 29 11 0 0 0 14 26 0 0 41 0 14 0 0 47 24 41 0 33 47 41 8 0 40 26 17 0 0 49 0 0 0 0 49 0 0 16 12 39 47 39 4 0 7 0 50 27 42 25 48 0 0 0 9 0 2 0 9 37 0 0 14 0 29 28 0 0 0 0 0 0 0 44 8 7 11 0 21 0 38 42 0 36 0 36 18 34 0 38 0 0 0 0 4 27 0 19 46 49 4 26 4 0 0 33 
21 0 0 0 31 0 0 0 39 0 26 18 6 0 36 24 0 0 0 24 0 0 0 0 18 0 0 0 5 0 32 0 0 0 29 46 23 15 14 0 16 0 35 8 0 50 14 0 10 40 44 19 26 30 46 1 34 30 4 39 0 0 31 0 29 14 0 9 12 0 0 0 41 0 0 3 7 37 0 31 43 0 29 0 35 0 0 0 10 20 0 0 0 0 0 0 15 0 0 0 9 26 0 4 5 0 27 0 0 47 19 23 34 0 42 0 0 33 13 0 29 0 39 40 41 50 42 12 49 0 0 0 23 0 0 21 26 42 30 23 0 0 10 17 0 0 42 0 0 0 0 41 43 29 0 41 26 3 0 14 0 0 0 0 0 24 13 27 47 0 41 0 40 19 6 9 20 23 
20 3 24 0 30 8 0 31 21 0 22 5 0 15 21 31 0 0 7 0 30 0 50 0 40 48 0 0 19 22 0 0 22 28 18 44 0 0 0 26 11 0 15 0 36 15 0 0 0 2 32 0 9 39 0 6 0 0 0 48 11 0 0 10 7 0 17 0 0 39 0 0 0 30 0 48 18 0 0 0 27 0 0 0 38 0 20 5 22 0 50 0 0 0 42 29 44 5 12 0 0 14 46 13 0 10 0 0 4 12 0 0 23 0 0 0 13 44 0 0 0 0 11 0 15 0 38 0 43 23 19 18 20 44 0 14 5 41 4 10 17 34 1 30 0 0 0 6 40 0 16 25 0 31 0 9 49 27 0 31 50 0 10 27 50 13 25 0 42 0 3 0 28 7 0 46 37 
0 2 0 49 0 31 0 44 39 0 0 0 50 0 0 48 0 45 31 37 0 0 0 0 37 24 44 23 12 33 9 0 0 0 0 1 0 50 0 0 0 0 0 0 40 39 20 38 8 36 0 31 17 38 23 0 0 18 0 30 0 48 11 32 35 0 0 0 0 13 0 8 0 2 11 35 0 49 45 22 44 2 42 0 0 11 0 0 0 2 33 24 0 24 42 0 0 0 24 0 0 0 0 25 12 27 0 0 9 49 14 9 0 0 0 25 11 0 0 0 27 0 0 0 45 36 0 0 0 10 0 21 16 0 50 0 0 0 7 20 25 1 0 0 46 0 0 0 34 14 0 0 0 0 0 0 3 12 0 29 0 0 2 11 13 0 0 0 10 9 36 23 37 0 26 0 
0 0 0 0 0 0 1 2 0 0 17 0 28 31 0 0 0 0 32 48 50 0 3 44 0 38 41 0 19 30 0 38 9 0 30 7 0 46 50 0 0 3 9 0 28 0 20 44 26 41 32 0 27 21 48 2 0 15 35 0 25 31 1 40 0 0 0 0 48 22 0 0 30 38 0 0 28 0 0 0 0 18 0 0 0 26 23 0 0 17 0 0 0 0 0 20 0 0 45 1 32 0 46 0 40 16 0 26 48 0 0 0 0 0 15 0 25 0 0 35 39 13 0 44 0 0 34 28 0 14 2 5 37 22 5 0 18 32 2 0 4 21 29 0 0 3 0 15 24 30 0 17 14 0 0 0 0 0 14 15 17 38 0 36 0 7 0 0 31 0 31 9 24 16 15 
43 32 0 26 0 8 0 6 22 0 45 3 0 0 4 44 40 47 0 0 0 0 0 0 0 38 36 0 10 3 33 29 30 41 18 0 0 45 0 32 19 20 33 0 41 0 30 21 0 0 12 0 0 0 7 0 17 46 41 28 50 42 0 0 19 0 0 5 0 0 37 31 0 10 4 46 0 0 47 9 8 0 0 41 33 21 32 0 0 1 0 0 2 0 43 43 10 46 48 0 0 1 0 0 18 0 1 40 0 2 45 26 32 8 6 32 0 0 5 22 45 0 0 0 0 0 0 0 0 5 0 19 0 42 12 4 48 0 30 18 38 47 0 8 0 0 0 0 6 34 0 0 2 24 50 0 11 0 0 46 22 0 33 0 39 40 0 0 32 30 0 0 16 39 
11 37 0 16 4 16 2 1 0 0 9 7 0 0 0 0 44 22 20 0 0 25 44 0 0 22 0 0 0 43 4 17 20 50 28 0 48 1 28 0 0 48 39 46 34 0 0 23 49 0 18 8 43 50 0 0 6 15 0 0 0 31 23 0 20 11 33 0 0 33 15 22 0 0 0 19 47 0 0 39 0 0 35 4 0 49 40 28 20 0 0 50 0 37 29 45 31 0 0 0 5 0 9 50 48 9 0 0 0 0 0 0 0 13 47 44 9 25 9 5 23 0 32 0 44 38 0 48 28 9 1 50 40 0 48 36 0 0 8 0 16 44 0 0 0 0 40 33 10 0 24 12 29 0 0 7 9 0 1 0 17 22 21 0 0 0 9 14 40 35 11 26 0 
0 0 29 30 0 30 12 0 42 23 0 0 40 32 0 0 25 0 45 0 11 49 0 0 0 0 0 0 26 43 0 3 0 32 0 0 0 0 34 37 0 45 0 0 38 18 36 0 6 46 36 49 0 0 0 46 0 22 0 23 0 5 20 0 18 16 43 42 0 27 13 35 39 20 0 10 44 16 22 0 0 0 0 0 50 2 48 0 0 0 0 0 0 0 20 0 0 24 50 0 8 7 0 22 0 0 0 0 45 26 10 27 2 48 14 44 0 46 26 0 41 0 19 35 36 7 44 0 0 3 0 2 34 0 41 9 0 0 25 36 0 18 24 8 0 44 0 37 0 0 0 0 0 18 0 0 0 0 28 3 20 46 21 16 23 0 27 0 0 0 48 0 
25 10 0 0 0 1 0 32 37 0 50 0 0 32 19 42 19 0 0 40 0 37 0 48 0 0 31 0 0 6 22 0 12 19 31 36 35 22 0 45 0 20 46 0 22 0 0 5 19 40 0 32 33 0 30 32 38 28 0 7 0 0 8 0 0 0 26 45 0 8 20 0 0 10 50 1 0 41 35 0 0 17 17 0 26 42 3 18 0 30 0 31 0 0 10 43 23 0 46 17 0 2 50 0 11 0 32 4 36 0 0 0 0 0 40 0 0 5 16 0 38 24 37 10 43 0 0 13 0 32 1 0 42 0 12 0 15 0 0 33 50 10 37 28 0 12 46 34 0 0 8 6 0 6 0 0 48 0 38 0 0 0 0 0 23 48 36 39 50 33 0 
0 0 38 6 0 0 20 0 0 22 0 0 25 13 0 0 0 49 0 29 1 29 14 12 0 0 0 0 0 18 0 12 0 0 31 44 37 0 5 15 45 33 0 0 14 20 0 33 17 0 0 0 0 0 3 5 26 3 44 25 0 0 18 25 0 5 43 44 30 0 16 0 0 0 0 30 0 25 18 9 0 0 48 18 0 0 49 45 18 31 0 0 35 16 9 39 0 39 0 0 0 48 28 10 0 0 0 44 37 39 7 32 39 27 0 21 0 0 5 0 0 0 0 0 0 45 29 0 0 0 6 13 2 7 22 0 0 0 38 0 30 0 8 29 0 10 0 0 0 0 0 0 28 45 37 0 50 48 47 0 0 9 0 0 45 0 14 29 0 0 
20 21 0 7 40 3 34 0 0 0 38 0 9 0 44 7 0 8 47 0 38 0 19 0 0 0 7 42 41 30 2 0 0 0 2 0 0 18 19 0 23 12 0 0 48 39 2 0 3 0 0 0 2 1 27 0 0 0 27 40 0 0 32 0 0 0 0 0 46 27 0 40 43 0 0 0 41 41 0 0 0 0 0 0 17 40 0 0 49 13 0 0 0 0 0 0 33 10 9 0 0 0 29 12 0 0 33 0 0 4 8 2 6 0 41 16 0 30 27 14 4 42 26 0 0 0 13 0 19 0 49 12 4 26 13 0 0 48 3 0 0 37 0 0 0 0 0 0 2 0 26 0 34 0 0 0 38 0 13 0 0 4 22 26 0 1 0 0 44 
0 19 41 0 0 42 0 0 0 48 0 10 45 0 35 34 23 0 0 28 0 25 1 40 2 30 24 0 0 32 20 0 26 38 0 0 0 39 8 2 0 15 24 36 0 30 0 0 35 6 0 17 0 0 37 8 16 15 0 46 0 0 0 0 25 24 16 39 21 0 19 30 0 43 0 0 50 29 4 36 0 6 0 0 42 47 27 23 0 3 27 0 21 25 0 0 0 0 0 0 16 9 50 0 7 0 45 37 31 0 0 0 49 44 0 0 0 0 0 0 0 0 0 13 0 20 44 28 0 19 3 18 2 0 0 0 0 0 22 0 0 50 0 0 15 0 35 33 0 7 12 48 21 0 0 49 0 39 1 30 0 30 0 35 6 0 0 0 
13 40 0 31 11 0 31 0 0 34 0 0 2 48 43 50 0 45 20 0 0 0 44 2 0 24 15 0 0 0 0 0 0 0 0 41 0 45 0 50 44 44 38 38 27 0 32 28 18 0 9 29 21 0 33 0 0 21 15 41 10 0 0 24 0 15 42 42 38 0 47 16 17 14 0 14 0 0 29 40 0 0 0 0 1 30 19 0 45 37 31 45 37 27 0 0 0 0 47 34 48 20 11 0 0 0 0 38 8 9 0 40 44 17 0 32 0 6 0 12 0 0 22 0 0 0 0 0 39 49 0 0 0 0 0 43 48 0 18 31 17 0 0 8 0 0 41 0 36 0 2 50 0 0 25 0 0 0 1 29 0 0 0 0 37 16 16 
0 22 14 32 0 0 42 0 0 40 0 0 2 45 0 0 2 39 21 0 9 10 0 13 36 32 0 0 0 3 39 9 0 0 33 31 0 0 40 0 0 0 24 0 0 2 0 0 0 0 44 0 0 0 0 0 50 0 29 0 0 0 0 33 0 35 45 0 46 7 26 36 25 42 26 0 0 24 34 0 13 34 47 4 0 50 0 0 15 14 0 0 41 0 0 0 15 0 7 0 0 41 39 22 37 38 26 34 0 34 35 0 0 0 20 45 18 45 23 36 46 0 2 36 35 8 41 0 0 0 29 8 0 12 15 33 34 49 10 19 0 0 14 2 15 0 12 0 0 39 18 28 7 16 0 49 0 0 0 10 0 38 0 0 0 34 
0 17 14 47 0 34 0 0 14 2 27 0 13 40 2 0 13 0 35 3 0 7 47 30 0 0 18 0 0 13 22 3 48 43 0 39 26 0 46 0 0 14 6 0 0 0 18 45 6 49 0 0 10 0 13 0 25 0 50 8 0 0 31 49 0 0 33 0 36 0 0 3 0 0 0 0 1 0 10 37 0 0 18 0 28 0 44 28 0 39 15 43 23 19 0 0 41 0 29 16 26 14 1 0 35 18 49 7 0 0 50 2 37 0 0 0 38 22 34 0 0 0 18 21 45 0 8 0 5 0 0 24 0 0 47 9 0 0 0 35 0 24 0 6 6 22 0 10 31 31 0 17 22 16 0 20 0 0 9 0 0 24 47 7 0 
0 21 14 0 29 12 34 38 13 0 0 27 47 0 0 16 21 1 0 0 28 4 45 0 8 35 22 0 1 20 0 46 2 30 10 14 30 0 27 9 0 0 41 0 24 0 0 0 24 0 36 33 41 5 0 15 29 31 2 11 0 1 35 0 0 47 10 0 0 0 8 10 0 20 6 0 46 0 0 0 0 23 0 10 0 20 49 0 6 0 0 49 0 1 26 19 21 0 0 20 0 0 29 5 0 0 28 0 21 0 0 19 12 0 41 9 0 19 47 0 0 0 36 4 0 0 31 9 8 0 39 0 0 0 0 0 0 38 45 31 0 0 30 0 0 0 19 45 9 32 0 23 39 0 0 0 6 45 0 0 45 0 31 0 
34 0 0 0 0 0 0 0 25 21 14 48 0 0 27 45 14 3 0 3 0 21 0 0 21 29 40 0 0 1 0 0 48 0 0 47 0 46 6 0 0 13 20 2 14 9 4 41 49 28 7 28 0 17 0 0 0 0 50 0 7 0 42 0 0 0 4 4 4 0 0 49 0 21 26 0 31 0 0 18 16 41 6 0 0 0 0 49 0 0 0 27 38 0 0 0 38 42 22 1 0 0 11 0 3 11 0 0 0 2 0 0 3 40 13 14 0 0 0 0 0 0 0 24 35 9 0 0 24 45 2 0 0 39 20 0 47 0 5 29 0 45 32 10 0 8 20 0 29 1 0 21 6 40 14 0 48 0 0 50 17 0 25 
0 0 0 21 2 0 0 8 37 0 29 0 30 50 39 40 0 0 0 0 31 30 37 42 0 0 0 0 32 29 0 39 0 0 0 28 35 40 0 1 0 0 26 0 33 12 35 31 8 0 0 45 0 45 0 0 6 30 33 16 15 10 13 30 15 9 21 0 0 44 0 38 12 0 0 14 10 0 19 29 25 14 42 35 22 12 19 0 0 0 12 7 0 0 49 0 12 0 7 26 26 37 0 0 0 25 0 0 34 0 0 0 48 0 43 0 2 35 0 46 0 50 21 0 3 0 0 24 27 0 50 36 12 0 38 0 39 10 48 0 0 5 0 47 0 0 20 3 21 0 17 0 42 0 0 0 0 16 0 40 0 20 
0 0 20 0 44 12 0 22 28 33 37 0 5 0 0 14 0 0 0 35 43 32 0 0 36 0 30 0 0 0 0 45 10 0 46 32 30 0 0 41 0 0 0 0 30 12 29 0 46 0 0 22 12 0 0 9 0 0 39 22 4 0 18 0 41 12 33 0 40 0 26 0 0 0 38 0 31 0 30 0 4 21 0 32 11 0 8 0 20 33 0 0 28 0 38 0 0 14 0 6 0 0 0 37 0 0 42 9 0 0 0 17 0 31 0 16 50 19 20 21 2 29 12 0 0 0 15 38 31 30 0 0 27 8 7 0 0 36 3 0 0 0 0 50 22 43 0 16 7 0 37 14 35 0 0 33 15 0 45 0 28 
10 10 0 0 3 0 49 0 44 50 24 2 0 0 0 0 23 39 0 0 35 28 0 50 28 0 19 12 0 0 0 0 25 0 48 0 0 0 12 6 0 0 11 0 20 0 38 0 0 0 0 0 0 0 0 23 17 14 0 0 0 0 10 4 2 27 18 0 0 43 19 25 40 49 0 0 6 0 0 0 0 0 0 3 0 41 27 0 0 0 0 15 0 12 0 30 50 0 0 46 0 0 24 48 6 8 0 0 0 0 0 44 0 16 1 33 49 5 0 0 0 0 0 48 4 0 0 36 44 31 50 28 21 0 0 30 0 0 0 7 41 22 33 0 0 6 0 15 24 23 30 0 0 0 0 6 6 11 0 30 
30 14 0 48 0 2 42 7 0 2 28 25 24 0 19 4 43 36 1 16 46 7 0 0 0 34 21 4 6 0 0 0 39 0 0 0 0 29 0 40 0 36 0 19 0 0 26 0 0 0 0 29 9 0 14 0 0 14 0 0 0 0 25 0 0 0 0 7 0 48 0 41 23 0 32 0 44 38 0 0 0 13 31 4 0 0 0 0 0 0 43 0 32 21 3 1 35 16 42 0 0 0 0 9 14 49 0 0 5 0 4 0 0 3 12 39 5 21 0 0 46 0 8 40 27 0 21 0 0 37 0 0 15 36 3 0 0 1 38 0 0 0 0 0 16 40 38 20 3 0 0 13 25 0 0 16 0 17 48 
0 11 0 3 29 0 0 0 0 0 0 41 0 0 0 39 23 0 0 1 0 0 7 39 49 0 25 33 38 26 27 0 0 31 36 47 27 0 0 5 21 0 17 11 7 14 44 17 0 0 0 0 0 30 5 1 0 20 0 0 43 12 0 0 13 17 9 0 28 0 0 35 26 11 11 32 27 35 0 16 0 46 0 42 4 0 0 0 6 7 0 24 27 46 0 0 40 36 0 0 24 0 0 0 33 40 14 10 28 0 0 0 0 0 8 9 7 0 43 15 0 1 50 9 0 34 1 31 47 20 0 40 6 4 29 16 10 27 28 0 7 40 11 0 0 0 47 0 0 8 0 47 35 0 0 16 0 28 
11 48 0 15 0 4 22 0 29 32 0 43 20 18 14 0 0 28 19 0 19 0 0 24 0 25 26 7 0 23 14 43 0 31 47 19 34 24 14 25 0 0 0 0 25 0 0 0 0 0 0 17 0 43 13 0 0 0 50 27 0 0 31 21 47 0 11 20 0 22 0 0 0 0 0 47 0 18 43 46 46 0 19 41 21 31 0 27 42 16 0 0 0 0 0 0 0 9 45 21 0 44 28 49 0 43 32 47 19 13 4 20 0 49 16 17 44 5 0 24 0 1 0 49 16 6 0 33 24 19 8 12 0 6 41 5 2 0 0 0 0 0 11 0 31 14 0 44 0 0 0 0 37 0 2 17 37 
0 12 0 0 0 29 0 0 33 0 0 43 41 2 14 0 50 0 0 0 0 34 1 0 0 0 20 0 4 0 9 2 0 3 0 18 0 15 0 0 13 4 20 0 14 17 14 0 34 4 10 45 0 0 0 0 49 31 17 0 0 17 23 16 0 16 0 3 0 24 0 14 48 0 8 50 35 20 3 16 0 0 0 28 0 0 24 0 39 32 0 0 0 0 0 39 41 1 0 47 10 0 0 0 32 18 38 44 7 38 0 0 0 7 15 0 0 3 28 2 0 0 0 0 23 0 32 3 43 0 12 23 0 0 6 19 7 26 32 0 0 38 0 0 8 50 30 0 11 0 11 8 19 3 0 0 
0 0 37 49 0 15 0 44 0 0 0 4 0 0 50 0 15 3 38 9 0 33 7 0 16 0 0 0 0 0 29 0 6 38 22 48 0 37 0 10 0 45 0 6 49 0 40 32 13 39 0 2 0 0 0 8 0 41 28 0 24 0 0 0 0 0 46 29 0 12 30 39 32 18 0 0 50 0 0 0 0 0 27 14 0 0 0 0 0 42 0 36 0 43 0 0 33 19 17 0 0 8 0 19 0 0 19 0 7 0 0 2 0 0 5 0 0 50 23 38 5 0 4 8 0 14 44 14 15 37 6 20 0 14 16 0 0 49 0 0 0 0 34 0 50 0 30 0 0 5 0 26 50 45 48 
0 0 0 0 0 0 27 12 0 47 0 37 36 0 7 16 16 36 1 0 0 42 0 50 28 20 0 12 0 0 0 32 30 0 40 0 20 0 0 0 0 39 13 20 0 35 0 13 0 15 0 0 13 21 9 0 10 0 44 13 0 43 0 33 0 0 0 0 26 21 0 18 25 1 48 0 0 49 0 21 13 0 0 0 0 0 0 0 8 0 0 22 5 0 40 0 7 0 0 40 0 24 38 7 28 43 48 16 0 43 36 30 29 10 27 7 13 6 18 0 44 0 44 0 0 35 0 2 0 36 36 0 0 19 26 18 0 0 0 0 31 42 11 49 15 0 0 0 0 4 47 41 0 27 
31 0 0 0 0 36 0 0 0 0 0 0 0 5 0 0 39 0 0 24 2 0 0 12 10 0 18 0 6 48 37 11 33 30 19 29 35 12 41 17 44 0 0 5 45 31 0 10 0 0 40 16 0 16 43 0 19 49 0 0 49 0 49 23 44 0 0 0 5 41 44 0 1 16 47 27 46 0 0 0 0 44 9 39 44 0 0 42 0 49 36 38 0 0 0 0 12 28 48 12 2 2 9 46 39 0 0 0 20 0 0 0 0 50 10 0 0 45 0 6 47 39 0 0 0 0 26 0 4 47 0 48 0 21 18 41 0 0 0 27 0 0 0 0 11 0 0 0 0 0 0 0 0 
22 40 0 0 0 9 0 0 42 0 0 1 22 0 19 13 1 0 0 45 0 46 0 0 0 0 27 36 0 6 22 22 26 28 0 0 0 0 0 0 10 0 0 12 24 0 0 5 0 0 0 0 28 0 14 12 0 29 0 0 0 14 36 0 33 46 43 0 4 33 38 0 0 41 36 25 0 5 43 30 0 19 20 8 30 0 0 25 33 7 24 0 0 36 0 18 28 10 0 0 45 6 0 17 0 0 0 25 0 11 0 0 44 29 0 0 6 0 0 32 33 18 0 0 20 0 0 50 0 6 20 41 34 17 0 33 32 18 10 46 0 2 0 49 15 0 48 0 0 0 37 34 
0 0 49 0 20 17 4 0 0 24 0 41 15 0 6 0 0 43 38 0 30 49 29 1 26 0 0 25 0 0 36 0 0 8 0 0 2 11 29 0 38 0 0 0 44 21 0 40 0 0 32 0 15 0 31 0 49 0 0 11 3 0 0 21 0 30 0 32 0 0 0 11 0 0 0 0 16 0 16 25 26 0 0 25 17 38 17 40 2 13 32 0 0 23 43 13 17 0 28 11 0 0 0 0 23 5 16 22 1 5 0 0 26 6 24 0 0 0 0 25 11 36 9 0 22 0 32 34 0 50 9 0 32 0 5 11 7 39 0 17 23 19 0 0 0 0 0 0 36 0 0 
15 22 50 18 0 0 0 0 26 40 47 0 0 0 46 0 39 0 0 26 38 0 0 43 0 0 0 0 24 35 6 0 4 0 0 0 0 37 0 48 0 29 42 0 10 29 1 34 0 49 20 2 0 0 15 0 15 0 0 0 0 0 20 0 0 44 0 38 0 0 47 0 0 0 1 3 40 13 0 0 0 5 50 0 35 0 48 0 48 47 49 27 11 24 0 35 7 0 25 0 3 0 14 8 15 43 49 0 0 0 0 0 0 0 22 0 0 39 44 32 5 0 22 0 0 12 27 36 48 0 7 0 0 32 0 4 50 44 46 0 0 22 0 0 12 8 49 28 0 0 
0 32 31 12 13 0 42 0 0 0 0 0 0 25 34 0 0 17 0 0 45 0 49 0 0 31 50 47 5 0 0 0 6 0 0 0 22 0 37 0 20 16 0 10 0 23 50 0 0 11 0 0 0 45 0 30 0 0 19 38 20 0 0 32 0 1 0 0 0 36 0 0 5 0 8 37 31 35 39 0 33 0 0 38 0 0 3 0 0 37 0 0 16 13 6 34 0 0 8 33 41 0 1 0 1 36 33 0 0 12 0 0 0 0 0 49 25 40 43 0 9 17 0 34 13 43 0 32 28 0 3 20 0 17 26 0 0 38 0 0 0 0 39 7 0 16 32 42 0 
9 42 33 0 41 44 0 33 2 7 0 0 18 0 27 7 0 3 16 42 0 0 0 0 0 32 4 0 0 0 0 36 27 20 0 0 41 23 15 0 0 13 0 0 48 0 0 0 0 0 0 0 0 0 0 0 0 45 33 0 21 17 5 16 15 18 0 0 41 47 43 0 0 17 0 42 0 17 39 1 0 0 0 1 4 0 38 0 16 25 30 0 14 0 0 11 6 19 0 0 0 0 13 22 18 0 32 0 0 17 6 0 0 0 41 39 50 0 5 0 0 0 0 25 0 22 0 7 0 0 8 0 31 44 47 0 17 26 0 0 0 17 0 3 0 0 0 0 
0 0 27 15 38 40 22 7 0 0 29 25 20 25 34 0 0 7 45 23 11 21 0 0 45 0 21 0 4 30 0 0 0 10 0 0 27 0 0 0 0 0 0 6 0 0 0 31 0 14 13 41 0 0 0 0 25 25 0 0 43 26 14 39 0 0 8 31 0 9 0 0 45 5 47 46 39 44 0 30 0 29 22 17 0 30 19 0 0 0 49 15 20 39 0 46 8 3 49 0 0 13 47 13 37 0 0 27 0 0 0 0 25 0 49 0 13 30 0 0 34 0 0 40 0 47 42 21 26 41 33 0 16 0 0 45 0 21 38 3 7 0 28 11 30 26 7 
0 0 28 0 0 5 0 0 0 0 9 0 0 0 0 0 0 0 0 0 0 29 0 0 35 0 0 0 0 23 42 4 3 0 45 27 37 0 43 0 25 30 0 48 16 0 4 0 0 0 0 0 38 0 35 0 0 34 0 0 10 0 34 0 10 0 41 0 10 0 6 3 40 0 0 0 0 2 4 48 46 42 0 0 0 30 12 0 0 0 8 0 0 49 48 27 17 0 0 0 0 0 3 46 5 0 31 0 50 0 0 0 26 0 9 30 35 0 25 33 0 0 0 0 23 2 26 16 34 0 36 19 26 38 36 49 0 0 0 0 10 7 36 38 0 41 
12 5 0 34 5 16 0 0 0 0 0 0 0 0 37 15 0 0 0 49 6 0 20 0 12 0 0 4 12 0 0 0 0 41 0 0 0 0 2 0 44 0 37 0 0 0 0 0 0 0 0 7 36 20 0 1 27 37 42 0 39 31 24 0 41 50 0 43 35 0 30 28 5 19 28 0 0 26 17 0 15 23 0 14 17 19 0 0 26 17 8 0 0 0 18 0 13 40 0 27 4 26 4 43 0 33 36 0 0 22 26 0 22 0 30 0 0 47 10 0 0 0 0 49 0 0 12 18 7 40 0 50 7 47 30 0 41 18 21 34 0 8 37 47 46 
50 45 0 46 0 26 19 40 0 32 48 27 16 2 13 45 28 0 38 3 24 38 0 32 0 50 45 26 0 49 0 0 34 0 11 41 43 3 35 0 0 33 37 25 42 16 10 0 30 0 0 36 0 44 0 0 42 0 0 0 0 21 10 45 43 0 0 0 0 0 0 0 13 16 0 0 40 21 0 15 0 24 0 0 0 0 0 0 22 0 37 0 27 0 0 0 35 36 28 21 0 17 29 0 24 38 26 0 0 33 0 0 28 0 21 0 0 0 29 0 0 0 0 0 0 0 29 0 0 0 0 46 46 8 0 44 36 40 0 0 28 0 0 0 
16 47 9 24 44 0 0 17 0 3 0 15 7 0 0 0 0 0 0 0 27 14 0 10 0 0 0 21 5 17 49 3 0 11 0 0 33 41 10 0 25 0 0 30 0 0 41 0 19 1 18 20 5 0 40 9 28 13 33 0 38 42 22 35 16 15 27 0 15 23 40 0 2 0 0 0 32 26 43 9 0 3 0 42 0 0 27 0 0 0 23 0 0 8 9 0 8 46 0 0 37 11 4 0 5 2 0 0 11 0 25 8 0 38 0 14 0 21 13 21 40 0 33 22 32 0 0 10 2 0 28 22 0 30 28 0 0 49 44 0 0 0 0 
7 38 11 41 45 0 0 0 0 42 0 35 0 0 0 36 0 0 41 38 31 0 48 16 0 0 5 3 0 43 20 0 23 31 0 15 0 10 0 40 46 0 28 33 38 28 28 0 50 0 0 13 29 24 0 20 0 0 0 50 29 4 2 0 0 46 8 12 6 0 0 45 0 23 0 5 21 0 0 14 0 0 0 49 0 39 41 41 16 0 43 36 0 9 0 10 0 0 22 44 0 48 0 23 7 0 27 0 0 49 27 0 0 0 0 0 0 30 0 5 11 9 0 0 40 47 37 3 0 0 0 46 25 12 0 29 21 0 20 16 0 11 
1 45 0 39 0 36 0 18 0 49 0 17 44 34 2 0 0 43 50 15 38 38 0 8 0 0 0 0 4 0 34 5 20 42 4 49 0 0 0 0 0 10 0 3 0 0 0 0 18 0 41 13 0 0 20 24 46 0 5 0 28 19 13 0 12 23 26 0 17 0 0 0 20 0 23 5 15 22 0 21 1 0 0 0 12 36 0 14 19 0 31 3 0 0 0 16 13 0 45 29 33 18 10 45 13 0 7 7 27 18 38 7 0 22 42 0 0 27 0 19 0 0 40 49 0 18 0 6 13 5 46 0 0 0 37 32 6 16 0 44 0 
41 0 0 0 0 45 0 40 6 0 0 0 13 30 40 0 1 39 7 1 0 0 0 42 0 0 12 44 1 35 0 16 0 0 0 45 47 0 0 45 18 17 25 17 0 0 0 0 34 0 0 0 48 5 11 0 0 42 0 49 0 0 23 1 0 3 0 0 0 0 23 0 9 34 0 0 1 39 0 44 29 0 0 0 0 0 21 9 11 0 0 0 0 6 0 5 0 7 40 1 0 24 3 4 0 39 0 0 0 0 0 13 2 29 0 0 22 45 0 0 12 0 10 40 11 1 29 41 39 0 0 0 0 0 0 5 0 38 22 0 
4 0 35 1 23 34 15 0 0 0 0 16 0 0 0 45 12 36 0 46 49 0 50 44 42 48 0 0 10 0 20 0 15 0 0 0 31 35 0 0 10 17 42 24 23 0 0 38 49 0 0 47 0 16 0 48 3 26 0 29 0 35 43 0 14 50 44 45 34 46 0 0 0 24 29 0 0 37 0 26 37 32 0 0 0 0 0 40 0 0 28 0 0 20 47 0 0 9 0 26 14 0 0 8 47 0 0 49 0 11 0 0 0 17 0 1 1 19 38 0 30 42 43 0 45 0 31 10 47 28 42 0 7 16 0 0 0 0 27 
36 0 1 0 0 0 0 0 20 0 0 35 16 0 40 0 35 18 0 0 43 0 26 34 49 0 26 0 0 8 0 0 27 39 0 41 13 13 28 35 17 0 4 0 4 4 0 23 15 0 28 19 0 0 0 0 14 41 8 47 37 20 1 1 0 0 0 0 46 0 12 8 25 2 40 18 0 29 0 42 0 24 24 0 34 0 0 0 0 0 0 0 0 0 24 0 0 0 0 0 49 42 33 35 8 0 42 13 36 14 0 36 34 14 22 26 0 16 0 23 0 11 0 10 44 18 44 0 19 0 0 38 50 0 0 38 49 1 
4 30 0 0 44 0 35 0 0 49 11 0 0 46 19 0 18 0 32 3 28 16 0 0 50 1 0 4 30 32 0 3 47 5 18 30 0 43 0 41 0 0 0 0 33 0 18 0 0 20 26 41 33 4 42 10 0 31 2 31 36 0 0 20 0 0 0 0 0 0 49 0 49 0 0 29 0 0 0 41 0 0 0 1 0 4 47 48 0 0 0 21 48 0 33 31 0 0 0 0 0 0 0 26 0 36 0 0 30 0 0 28 36 0 36 9 36 0 0 0 0 0 0 34 29 0 0 8 32 46 29 0 14 0 0 24 0 
12 15 30 32 0 0 0 50 9 29 0 3 39 11 33 0 4 0 31 38 0 0 0 17 22 41 32 0 3 25 42 0 0 44 0 10 0 0 1 32 38 49 0 0 1 26 0 0 9 0 0 19 43 0 0 0 28 0 0 24 35 41 0 14 7 20 35 21 15 0 0 44 42 22 1 32 0 28 0 0 17 0 4 48 0 0 35 25 0 0 20 34 0 0 0 48 26 3 34 0 0 0 44 31 0 0 0 27 38 32 0 29 0 0 33 0 43 34 0 27 2 32 47 24 0 34 0 48 0 0 0 0 44 0 0 0 
32 12 28 38 20 0 8 0 11 0 0 46 0 44 42 0 39 0 16 0 0 34 0 0 0 0 39 21 0 0 8 0 0 0 0 24 0 32 0 0 0 13 0 0 0 46 0 45 0 0 44 0 0 0 0 0 13 1 0 0 0 26 17 32 0 23 0 30 0 0 0 20 32 0 16 13 0 5 0 0 0 27 50 0 0 16 5 14 0 0 0 4 0 0 0 13 0 41 16 0 43 0 0 3 0 4 0 4 15 0 32 0 0 32 31 0 0 7 0 32 16 29 0 0 28 0 7 8 39 42 16 14 22 16 0 
0 3 0 0 0 20 38 24 44 0 0 22 38 0 0 31 8 46 8 0 0 11 0 16 0 0 0 0 45 44 0 0 31 0 0 24 45 7 0 40 0 25 5 0 0 0 8 11 44 6 0 0 39 35 45 0 0 0 0 40 0 0 31 43 0 0 40 35 28 0 38 12 0 0 0 0 35 0 44 16 30 0 0 0 0 0 14 15 28 1 39 49 0 7 25 10 20 41 0 0 32 14 9 28 0 18 0 0 9 27 5 33 46 0 17 0 7 34 0 1 43 4 0 3 0 37 19 1 24 29 0 0 50 23 
13 46 0 4 0 29 0 34 0 0 0 19 6 10 20 31 43 0 0 0 3 43 0 0 0 10 0 10 21 0 0 38 0 34 3 46 0 30 0 0 6 33 50 21 0 0 18 0 2 0 42 0 0 34 41 24 0 17 0 6 0 50 0 0 23 0 46 30 0 29 29 0 12 45 0 30 0 26 0 13 0 34 25 41 0 49 41 0 0 14 27 0 0 0 0 44 0 0 0 0 0 0 0 2 0 1 1 37 45 0 0 15 0 30 17 36 41 6 36 0 40 48 27 0 46 8 0 0 23 17 23 50 45 
0 15 0 7 35 0 0 14 0 0 0 44 0 0 0 2 0 0 0 15 37 1 23 37 23 40 0 11 44 0 41 0 12 45 0 11 26 9 43 0 0 0 12 32 46 0 24 0 32 0 4 40 0 0 0 23 0 0 0 35 35 0 10 0 29 16 38 15 42 3 24 38 0 0 23 0 0 50 0 15 0 0 20 32 0 19 0 0 0 0 0 40 0 14 0 4 0 9 6 8 0 40 0 36 0 0 14 23 1 30 49 5 26 0 1 0 48 0 0 50 1 11 25 11 0 17 0 5 8 9 25 2 
18 10 0 9 5 0 0 0 0 0 12 25 0 50 0 0 8 0 39 26 0 0 35 0 41 43 38 4 22 10 0 34 25 25 13 4 32 48 46 0 0 27 30 46 0 0 0 2 0 0 41 22 5 0 0 27 44 32 0 19 11 0 10 44 20 0 0 36 17 22 42 1 20 0 0 13 0 0 0 3 13 5 41 0 14 0 16 21 40 50 23 0 10 24 13 6 45 24 0 0 5 0 44 4 1 0 12 0 5 0 0 22 36 3 0 38 36 0 14 35 33 0 19 0 0 0 0 0 42 0 0 
0 0 15 0 42 0 0 29 0 32 37 31 32 0 0 38 42 10 34 0 12 34 50 0 14 5 0 18 0 0 0 40 12 0 25 33 13 0 0 11 46 9 0 0 1 47 0 0 0 0 0 0 14 0 5 0 0 0 0 37 0 2 15 23 39 28 31 0 0 2 44 22 29 0 44 5 47 6 22 9 0 0 12 21 0 0 0 21 12 48 0 0 16 0 19 33 17 36 41 0 10 35 0 10 25 0 0 0 0 1 0 33 0 22 49 0 2 39 0 39 13 0 29 36 39 45 0 32 32 31 
33 0 28 18 18 0 33 16 0 0 0 50 49 1 26 0 38 0 7 16 21 0 0 0 34 0 44 41 0 0 6 6 0 47 13 0 0 0 35 0 0 13 32 31 0 9 36 0 0 10 35 48 17 20 47 24 0 32 14 0 11 0 0 46 8 34 35 31 35 0 26 21 48 7 17 0 0 27 28 3 33 48 0 0 10 0 19 28 0 21 0 43 39 0 0 0 0 0 0 24 47 0 0 43 13 0 43 0 9 10 8 20 0 0 40 0 30 0 0 49 47 44 10 14 5 0 0 0 0 
15 0 0 12 38 12 43 7 13 0 37 18 0 16 15 0 0 0 2 29 0 0 0 0 0 0 0 8 0 10 0 5 15 0 23 32 0 12 36 0 3 0 34 0 45 0 0 0 13 49 44 25 27 0 15 0 0 9 0 25 0 24 44 0 34 45 0 0 34 0 35 45 0 21 35 23 0 48 0 0 6 27 15 28 0 38 13 32 0 5 0 0 50 26 0 0 16 0 1 7 19 0 42 25 31 45 25 0 25 29 0 0 0 22 0 0 0 21 41 0 41 0 0 0 23 42 0 0 
0 0 0 0 0 14 0 0 37 0 0 36 6 0 38 0 19 0 34 0 6 7 18 0 0 4 48 0 27 1 0 0 0 33 43 0 0 0 9 0 24 28 23 0 20 0 0 0 0 41 36 49 0 0 0 24 49 48 0 36 36 21 0 0 11 0 0 39 0 0 0 0 43 25 38 45 49 20 21 0 0 0 0 13 45 0 0 47 0 46 7 0 0 0 0 0 37 0 9 0 0 0 0 0 33 17 19 35 0 2 42 0 0 0 26 0 0 0 3 0 0 0 0 0 0 0 0 
0 9 0 47 37 1 40 0 23 0 37 0 15 0 0 17 0 0 42 0 6 0 0 0 0 36 27 32 0 33 0 25 32 0 43 0 0 21 38 50 41 0 9 0 0 47 3 42 41 0 0 0 16 0 0 0 42 47 4 0 7 1 7 46 0 0 37 38 5 39 0 0 0 0 10 41 0 0 27 0 0 0 14 0 1 0 0 3 0 41 24 24 15 36 0 0 0 0 23 0 46 47 0 38 0 0 0 42 19 0 8 28 0 0 0 0 0 0 19 34 41 0 0 0 5 0 
0 38 0 30 22 0 10 0 0 45 0 14 4 13 0 0 18 0 0 16 0 29 19 22 20 0 44 0 5 0 25 0 29 9 21 0 21 38 14 30 0 4 22 0 10 46 29 0 0 5 0 36 0 0 49 0 0 48 6 36 10 11 0 49 0 14 33 0 11 0 0 19 49 11 0 0 9 18 29 0 0 0 49 40 0 0 0 0 21 21 0 0 29 0 28 32 0 48 31 28 27 0 0 0 0 39 0 0 4 13 0 0 0 0 25 5 15 0 0 2 0 28 0 26 0 
44 27 0 47 13 0 37 24 0 21 0 41 0 0 36 26 31 0 41 0 0 0 13 0 0 48 9 35 14 45 23 12 0 6 0 0 0 4 29 12 0 23 29 0 0 0 46 8 12 0 0 46 37 45 0 5 28 0 0 10 34 22 24 41 45 0 1 28 0 14 0 6 10 0 15 0 13 0 17 0 0 0 23 36 0 7 0 17 40 23 35 0 10 0 0 24 0 0 25 44 0 0 35 0 0 0 0 39 0 0 0 6 23 48 41 37 13 0 3 13 16 40 0 4 
19 0 20 38 0 0 0 0 0 11 5 0 34 33 0 16 0 13 0 24 0 0 23 0 0 0 0 4 38 0 0 0 2 8 0 13 42 0 0 17 13 0 0 0 0 5 11 29 0 25 0 0 0 0 0 0 0 0 23 23 18 0 23 0 34 0 43 40 0 0 32 0 0 5 35 0 4 0 0 10 29 0 0 0 0 17 0 0 0 0 5 18 24 2 0 0 44 0 0 25 0 0 11 35 34 29 15 16 17 40 25 0 0 4 1 50 0 14 11 18 32 26 48 
29 18 0 24 7 0 0 45 15 32 0 12 30 0 0 3 3 9 0 23 0 33 0 0 31 28 36 0 0 49 0 0 45 1 0 0 30 35 0 48 25 23 0 0 32 49 0 0 14 33 23 14 13 26 0 0 0 0 12 0 0 0 0 35 45 23 22 40 38 38 0 0 42 0 41 17 2 32 0 0 37 0 0 0 17 0 2 18 6 28 0 48 17 0 13 0 0 28 0 45 0 0 26 0 0 44 13 17 0 41 48 0 15 39 0 27 13 10 0 11 0 48 
44 23 0 8 0 36 32 0 0 48 32 0 14 35 0 6 0 0 9 0 14 22 0 0 0 0 35 0 0 0 22 0 0 0 0 0 0 38 34 0 0 50 27 0 34 37 15 49 46 0 0 0 0 0 0 45 27 35 0 0 34 4 0 0 6 41 20 32 0 0 33 0 0 0 0 11 2 11 8 0 0 47 11 0 0 0 33 2 0 0 0 0 0 7 45 0 0 44 23 0 1 0 8 17 0 0 7 2 39 24 0 0 0 0 29 31 15 40 44 0 19 
43 42 35 0 0 0 13 0 0 21 16 0 0 26 22 27 0 25 0 0 0 0 37 0 26 16 25 0 0 31 0 0 20 14 0 7 0 41 0 38 27 12 0 1 0 0 23 0 0 45 36 31 37 0 0 0 0 33 2 28 0 11 15 3 38 19 0 47 8 0 0 0 0 0 18 0 9 0 26 0 25 11 0 40 0 39 0 0 0 15 0 0 21 0 0 0 10 50 0 34 0 23 0 0 0 0 31 0 27 0 0 2 5 22 0 0 0 46 0 29 
16 0 0 0 17 0 0 0 38 9 0 46 44 0 4 17 0 11 25 0 0 24 25 0 14 26 0 42 0 19 0 16 4 23 4 0 27 0 0 0 0 0 0 0 33 25 0 0 3 0 0 41 22 20 0 9 0 15 20 42 19 29 39 44 28 12 21 0 0 30 0 50 6 20 17 35 0 4 0 0 0 0 0 0 0 0 32 2 39 19 0 0 50 0 24 23 2 0 13 0 30 41 0 2 14 16 0 0 10 25 26 33 0 41 0 2 0 34 0 
37 32 0 35 0 10 19 0 5 0 0 0 0 5 0 29 3 0 0 0 32 49 9 3 0 5 3 0 0 0 28 39 6 27 28 0 0 33 0 27 17 44 30 0 15 0 20 17 43 47 0 0 0 0 0 50 0 6 0 0 49 0 24 3 47 0 37 29 0 0 0 0 10 0 43 0 0 15 14 0 27 0 0 35 0 39 4 35 24 0 10 12 0 0 0 15 37 18 25 0 14 0 0 39 0 42 32 25 0 47 47 0 31 0 50 8 0 0 
0 15 39 2 31 0 0 4 7 5 43 31 0 0 0 25 0 13 5 41 39 46 0 0 0 33 32 38 0 24 32 0 26 33 0 8 25 10 0 49 3 45 35 0 0 3 0 47 20 0 0 0 0 0 0 50 28 21 36 14 26 42 36 0 39 17 23 12 48 23 25 29 44 7 0 0 33 8 2 3 36 0 0 16 0 39 0 1 0 0 0 0 0 35 0 0 49 9 0 45 42 0 38 0 37 0 36 0 0 0 21 7 40 0 40 0 4 
40 35 0 0 0 14 43 0 38 0 0 0 0 0 36 23 0 31 0 28 0 50 39 0 43 14 11 6 46 0 2 11 0 16 35 35 18 25 0 26 0 36 0 13 0 0 44 3 20 0 0 2 9 0 25 23 0 0 0 19 0 27 0 14 42 24 7 0 0 3 0 0 0 19 0 0 15 0 14 39 29 26 44 1 0 42 48 0 0 0 45 0 45 0 0 16 0 37 31 33 50 27 0 0 4 0 0 0 11 6 7 38 47 28 0 0 
0 0 0 0 0 39 0 0 7 16 42 0 19 41 36 26 9 0 0 0 0 0 47 49 22 0 7 32 12 47 0 0 0 49 0 30 0 43 31 37 40 0 0 18 15 37 0 0 0 0 11 31 0 0 0 0 0 0 0 24 41 0 0 0 0 0 0 0 0 28 0 0 0 0 29 15 0 13 45 0 21 33 0 26 0 17 17 0 17 0 0 0 35 0 19 0 12 13 25 0 0 22 0 50 0 22 8 0 17 0 37 8 0 0 6 
31 15 20 0 0 0 21 47 13 0 0 2 0 0 13 0 50 0 0 9 0 42 0 1 2 0 0 25 49 1 0 17 26 1 0 32 34 31 23 14 0 4 28 0 8 31 0 0 40 0 0 0 40 0 15 0 0 6 2 32 0 0 26 40 47 6 0 0 10 0 43 0 0 0 0 32 0 0 0 0 50 0 16 4 0 38 0 33 0 0 0 7 21 44 0 0 0 33 0 0 21 0 0 0 9 0 2 11 0 0 0 0 0 0 
12 44 20 26 44 0 18 0 0 0 30 0 0 23 1 50 26 0 24 0 27 0 11 31 42 0 13 0 14 0 0 49 22 41 0 43 0 0 0 0 0 24 13 0 4 48 6 0 0 0 17 0 23 0 37 50 0 0 0 18 0 0 0 8 17 36 16 29 1 20 47 0 14 17 47 27 8 0 0 0 30 20 5 0 0 0 29 0 0 38 0 0 17 0 1 25 7 2 0 28 25 30 11 0 0 36 27 30 0 8 0 23 0 
0 0 0 0 7 13 0 6 0 0 0 21 0 36 0 0 0 6 34 0 44 12 0 0 0 0 0 9 0 2 14 37 40 11 24 33 0 0 0 0 13 3 0 3 31 1 0 0 0 26 0 0 0 12 0 0 37 29 1 0 0 0 42 0 0 40 0 35 47 15 0 0 26 0 0 23 3 0 44 37 0 32 0 0 47 0 0 0 0 0 0 0 0 48 24 0 13 44 34 25 0 0 0 31 32 0 1 40 0 0 15 0 
0 34 0 9 33 0 45 0 39 30 4 0 46 11 2 20 28 0 14 0 43 0 0 23 15 1 0 32 0 25 0 0 15 17 0 5 0 41 21 14 0 0 0 40 0 39 7 0 4 0 42 0 0 8 46 21 39 0 0 0 10 28 3 0 3 0 49 48 0 6 43 0 0 0 0 12 8 14 0 50 0 40 0 36 0 22 0 37 0 0 40 42 36 0 0 40 34 45 12 0 4 40 0 26 0 12 0 0 31 0 0 
7 0 20 8 28 0 46 0 27 28 0 46 36 31 9 14 23 3 7 46 0 40 12 44 3 33 0 0 0 0 0 12 0 38 46 27 8 8 0 43 9 30 0 0 5 9 1 0 0 0 0 0 0 0 0 46 0 38 16 0 50 3 5 44 14 0 0 45 35 16 0 0 48 0 8 47 45 0 0 21 36 0 48 0 0 33 0 0 0 10 17 0 0 32 0 25 0 0 20 28 19 3 0 15 36 12 0 0 0 10 
30 0 0 0 29 0 25 37 21 32 0 44 0 0 0 0 25 12 0 6 50 30 45 35 23 0 0 0 0 11 39 20 0 35 46 8 8 0 0 0 7 8 0 0 0 22 0 21 0 0 30 23 16 7 0 0 0 26 13 0 0 32 31 0 0 0 6 10 39 45 7 37 0 0 0 47 15 50 0 0 37 0 46 0 0 34 0 1 28 0 27 0 0 19 46 23 4 46 49 3 18 5 0 0 13 49 0 0 35 
15 34 0 46 0 17 0 39 39 0 0 47 0 0 1 10 0 0 40 0 5 0 5 0 35 0 15 0 33 33 0 0 0 0 7 36 0 33 0 0 0 25 0 11 0 1 37 0 0 26 12 39 26 3 0 0 17 36 0 19 7 0 10 0 40 17 0 0 30 38 0 0 21 0 0 0 6 45 26 20 0 5 0 1 0 49 0 0 37 19 2 0 0 0 22 2 15 32 0 0 0 0 29 19 0 0 0 0 
33 33 0 6 1 8 0 0 7 0 34 16 0 0 0 0 0 40 8 7 31 0 33 48 0 0 6 0 2 0 13 0 18 17 2 11 0 0 18 0 33 0 0 15 37 46 0 0 0 20 49 0 0 35 0 11 42 0 0 0 4 47 29 50 0 0 41 22 16 24 0 2 40 0 0 17 44 0 14 0 0 0 0 29 0 0 0 0 25 0 17 0 0 0 39 0 49 0 21 0 0 0 18 0 0 0 49 
0 0 26 0 0 31 25 36 0 21 0 0 40 34 0 14 11 25 0 49 43 40 0 0 0 5 0 38 0 24 0 16 35 33 0 0 10 0 31 40 0 0 0 0 0 0 0 17 0 26 18 42 0 23 0 0 29 43 43 0 0 0 17 0 0 0 0 0 0 0 24 28 0 9 0 0 4 20 0 0 39 25 18 0 44 5 2 0 0 0 32 24 21 0 17 0 0 0 48 0 0 11 16 0 0 0 
26 48 0 0 25 0 11 0 0 49 9 0 30 48 38 1 25 4 48 0 35 9 27 0 0 12 0 0 9 3 0 0 0 0 48 0 0 0 0 0 40 0 32 18 31 0 0 9 30 2 0 32 43 0 10 9 48 0 0 28 46 31 28 14 3 0 33 50 0 0 0 0 0 27 43 38 6 0 7 17 0 31 0 18 43 3 11 0 37 32 0 0 44 0 0 0 0 0 0 6 0 0 0 21 0 
0 18 4 12 0 31 8 17 0 0 20 0 34 33 47 23 0 0 0 0 0 0 0 13 35 45 46 8 0 0 21 19 31 13 7 0 0 0 0 0 0 48 0 14 34 25 14 2 43 16 0 0 0 25 11 20 0 0 39 23 19 0 0 30 0 44 0 43 44 0 4 13 29 0 0 0 0 46 0 0 0 7 0 30 0 27 9 23 2 11 24 17 0 0 0 0 0 0 38 0 7 48 0 4 
12 10 2 0 40 23 18 36 0 0 20 0 44 30 41 0 0 44 0 23 0 0 32 0 10 0 0 32 37 12 3 0 0 0 10 17 0 39 0 31 48 0 16 0 11 0 23 25 0 0 0 20 28 9 3 2 0 43 2 0 10 2 0 41 49 0 30 0 0 0 5 1 32 8 18 33 0 21 0 42 0 34 9 0 45 0 27 42 40 0 16 40 27 0 33 26 4 38 45 21 0 0 14 
31 31 0 0 0 0 0 0 0 0 38 43 0 24 0 0 2 15 5 0 0 0 49 44 1 0 9 18 36 0 0 47 0 0 2 0 0 0 0 0 0 0 35 6 42 23 0 31 0 0 16 6 0 37 17 0 0 36 37 0 30 0 22 1 33 0 0 5 22 0 0 37 0 0 31 0 0 0 0 0 6 0 0 20 11 42 17 28 24 14 5 38 7 0 10 45 0 30 0 0 0 43 
0 28 34 34 0 0 31 0 0 0 29 0 46 0 6 0 0 0 18 16 0 8 15 8 21 43 0 3 0 1 33 0 36 0 0 0 0 20 14 48 0 0 0 0 14 34 0 12 21 24 2 0 48 43 7 48 2 43 0 42 20 0 48 4 0 23 31 4 36 0 29 0 28 15 17 20 29 24 38 0 41 10 10 35 0 0 49 4 0 12 0 0 0 11 11 22 5 32 2 0 0 
0 0 26 0 0 0 42 38 0 31 0 0 0 47 0 35 40 0 0 0 20 15 12 14 0 11 0 0 13 3 22 0 18 0 0 43 48 18 0 33 21 0 0 0 0 0 12 45 24 0 40 0 47 6 2 13 26 48 50 20 48 0 12 15 0 0 46 35 34 0 13 0 0 44 11 16 0 39 0 0 11 20 48 0 0 0 3 10 4 0 37 0 0 18 0 0 0 9 0 8 
9 8 0 46 0 0 0 36 16 0 0 28 0 0 47 0 0 0 0 0 0 38 24 21 0 42 31 2 0 42 0 29 0 0 24 0 0 39 0 44 4 0 0 7 43 0 45 0 44 1 0 26 0 3 0 0 0 0 0 31 6 27 34 1 1 0 44 35 40 50 0 0 16 33 0 0 47 0 17 0 30 9 0 20 3 2 0 1 42 8 17 0 39 0 0 0 0 0 0 
48 38 19 44 0 0 47 0 0 37 0 0 17 0 4 31 47 8 3 24 0 13 12 48 0 0 26 43 0 0 8 0 44 0 0 0 0 0 27 0 32 7 40 29 0 40 1 42 30 5 8 0 0 0 0 0 0 17 12 29 10 41 19 39 0 34 49 21 0 8 0 0 23 12 0 33 11 0 0 0 26 0 24 0 0 43 0 7 0 26 0 0 0 31 21 43 23 0 
0 1 24 31 27 8 48 0 44 13 16 0 0 7 0 31 32 0 6 26 15 15 42 35 40 32 0 0 0 30 0 0 0 1 0 0 0 0 5 39 0 21 0 0 47 27 30 44 0 32 0 0 30 0 11 49 0 0 18 17 0 47 18 0 38 0 0 0 41 8 0 33 0 37 35 0 0 1 0 0 49 44 35 0 8 0 0 0 12 0 0 0 17 20 0 14 0 
26 39 4 0 49 0 0 38 36 35 0 33 0 0 50 0 21 4 0 44 12 25 13 0 0 42 22 2 1 0 42 0 16 34 25 0 29 0 31 0 43 0 0 0 0 0 41 12 0 0 21 0 45 0 0 25 0 0 0 0 33 0 0 0 19 0 0 0 18 46 6 38 41 9 1 0 48 13 2 0 0 0 0 16 0 0 0 5 1 0 4 9 6 3 0 0 
0 0 9 45 3 0 24 0 24 0 0 30 31 34 38 32 22 10 0 48 44 41 0 13 27 0 0 5 34 0 17 22 0 0 0 0 0 0 0 0 7 0 46 0 42 45 21 42 28 0 0 0 0 30 2 0 39 0 0 5 0 41 36 0 0 20 25 31 0 24 0 10 29 34 0 0 0 2 0 12 0 0 0 0 17 0 0 34 31 49 19 42 0 0 43 
34 31 44 44 2 37 48 24 0 0 0 0 6 14 20 12 33 3 0 35 0 18 0 21 49 49 33 0 50 40 0 0 0 30 0 45 0 0 2 0 17 5 0 0 47 21 0 0 25 0 0 0 46 23 15 0 38 41 0 21 3 0 0 47 36 0 0 48 0 14 22 21 7 0 0 31 0 23 0 29 0 0 28 0 0 0 0 0 35 4 15 0 0 0 
0 1 34 0 0 34 0 20 0 47 13 0 16 0 39 34 0 35 0 0 38 0 13 0 13 0 21 0 48 10 41 0 40 37 0 0 0 29 0 22 0 32 0 0 0 0 30 6 0 11 36 0 47 0 0 48 44 0 0 3 0 0 6 32 0 13 35 23 40 21 15 0 0 0 0 28 41 0 6 0 0 0 0 3 44 10 45 0 0 36 30 0 41 
0 44 0 10 0 36 44 23 0 0 0 0 12 0 21 0 35 0 44 19 0 14 0 23 38 6 20 0 0 12 5 50 34 0 0 0 26 0 43 0 25 13 36 0 12 0 0 0 20 3 33 22 0 0 31 20 19 0 8 36 11 39 37 0 0 0 34 0 0 39 29 0 0 0 0 0 8 0 28 0 0 5 0 0 0 0 0 0 44 45 16 0 
35 46 0 15 8 0 25 0 0 0 33 29 7 0 0 0 31 24 20 0 48 28 38 45 0 0 6 38 0 0 0 6 33 0 0 33 4 4 7 21 39 0 25 0 45 0 4 0 34 48 0 23 40 32 31 0 0 0 6 0 0 0 0 0 0 0 11 48 0 0 36 0 21 15 4 0 29 0 35 0 45 42 15 7 0 19 36 21 15 0 26 
39 37 15 2 0 11 0 34 23 0 28 0 17 0 35 9 0 37 48 39 12 33 43 0 37 21 0 0 1 0 0 17 0 25 0 0 0 7 46 0 0 0 0 24 15 40 0 44 0 0 0 0 0 0 0 0 13 6 0 6 24 0 40 0 17 0 26 10 0 0 29 0 3 25 48 33 0 11 0 0 40 0 39 0 0 30 29 49 12 27 
0 0 0 39 23 0 0 9 40 0 0 35 0 8 38 1 7 39 0 39 0 0 0 38 0 31 4 0 29 0 41 13 11 0 0 22 21 9 0 39 11 8 42 10 19 0 0 0 22 0 0 1 30 30 0 0 42 0 0 11 42 0 35 0 36 0 18 7 0 21 16 0 0 0 10 0 18 7 14 0 0 0 0 31 0 0 27 26 0 
0 0 39 2 46 34 50 15 36 0 29 0 28 0 44 2 49 0 0 50 24 0 0 20 0 41 0 3 0 0 0 17 0 21 0 0 13 6 0 50 0 26 0 0 39 0 0 0 39 0 0 22 0 0 0 40 44 20 36 0 38 11 50 46 20 0 44 0 34 0 0 0 6 0 31 0 26 0 0 4 41 21 0 22 0 0 0 27 
0 28 0 0 2 43 0 0 0 26 37 0 43 0 7 36 0 0 0 34 0 0 15 0 21 0 0 45 44 1 37 0 22 0 0 23 46 0 0 0 17 0 0 36 0 24 8 0 0 22 0 38 25 0 34 0 0 40 19 44 31 7 0 0 0 25 0 0 0 18 0 0 10 15 0 41 17 0 0 0 40 20 41 0 31 0 0 
23 0 0 43 0 37 24 0 0 0 22 7 41 0 44 0 26 37 0 0 49 3 35 0 36 0 16 39 3 36 0 40 35 29 0 0 18 29 27 0 44 4 0 17 0 20 0 44 12 0 0 21 25 17 13 0 0 0 20 0 21 0 0 47 0 37 0 5 0 0 0 0 5 43 35 43 25 48 40 5 40 0 0 14 21 0 
47 47 0 22 48 21 0 0 35 48 6 0 0 0 0 0 18 0 39 26 10 7 4 4 16 0 14 27 0 16 26 0 0 0 0 49 48 0 18 31 21 37 0 37 0 0 2 17 12 0 0 0 0 44 1 0 30 0 0 15 0 0 37 8 25 0 0 18 0 0 0 0 39 0 46 0 18 25 27 0 0 7 22 44 27 
0 23 42 0 0 0 5 2 12 6 31 46 0 0 0 35 5 9 25 7 0 25 0 31 0 0 38 6 0 8 38 12 32 30 0 0 0 24 0 0 3 0 1 0 0 45 0 0 16 31 10 34 0 0 20 44 27 18 16 0 3 0 0 37 3 38 0 0 0 1 0 0 0 0 43 0 0 49 16 1 40 0 23 0 
26 0 0 0 0 42 0 34 0 36 0 43 10 0 34 50 0 0 39 29 0 25 0 43 27 0 27 18 0 0 20 0 24 0 13 0 50 0 35 39 0 50 0 50 0 20 0 0 42 41 18 0 8 0 0 0 2 0 10 28 27 49 36 0 0 42 0 0 0 0 0 0 50 35 18 0 41 0 0 0 0 43 0 
0 0 10 2 0 9 0 0 10 24 0 42 8 45 0 19 46 0 0 3 0 0 17 0 0 12 0 13 38 47 0 0 0 39 43 7 0 26 5 22 19 0 43 0 0 0 0 22 13 50 0 0 11 0 6 37 39 0 0 36 5 0 0 0 41 10 32 0 8 0 36 16 39 0 0 12 0 0 0 0 48 15 
0 31 0 0 0 0 0 8 0 0 26 4 19 0 0 32 48 0 29 0 8 50 0 0 2 17 49 45 0 0 15 28 0 0 9 8 0 0 15 21 0 0 45 0 0 46 0 38 0 0 0 0 0 24 0 0 0 35 0 0 0 30 15 6 19 0 38 33 0 0 2 0 48 49 13 0 35 31 0 0 33 
1 19 0 0 35 49 14 0 0 6 16 45 0 0 20 0 0 20 25 0 46 1 0 22 0 42 0 44 35 0 0 0 23 0 0 24 4 0 0 0 50 0 18 42 0 27 20 0 0 0 0 0 0 36 47 0 0 45 27 0 0 3 0 50 28 0 0 0 6 32 38 35 0 0 0 34 9 0 31 25 
35 3 38 16 0 5 0 16 39 0 0 0 15 0 22 11 0 28 18 33 0 0 12 0 0 17 0 0 0 0 37 30 0 5 0 0 44 49 0 9 40 0 0 34 0 11 0 0 0 0 0 0 15 45 31 14 0 0 12 39 30 18 6 34 0 4 24 48 26 38 0 0 36 0 32 38 0 21 2 
0 0 3 0 0 0 0 0 0 0 29 0 33 22 0 0 0 10 0 42 0 0 0 0 11 38 43 0 10 33 0 13 0 18 24 6 15 0 15 0 1 0 0 17 18 9 0 39 49 38 0 5 48 48 0 14 0 0 0 0 6 29 24 21 0 0 5 33 34 0 8 21 20 0 0 40 25 0 
13 0 0 0 0 0 18 28 7 22 15 0 43 43 47 0 0 42 13 0 33 0 0 19 0 0 50 0 44 0 0 0 12 0 0 31 0 0 25 0 33 0 5 34 0 0 39 0 0 20 34 14 37 5 0 17 0 8 0 11 0 0 0 32 0 0 44 9 0 26 44 0 32 0 10 0 0 
0 30 0 0 0 0 5 0 0 0 0 0 20 0 2 0 48 21 0 7 0 15 0 9 27 40 40 48 0 35 43 5 0 0 1 0 0 30 27 2 0 19 0 0 1 0 0 35 0 34 13 37 20 0 0 0 0 0 48 0 0 0 11 44 43 0 0 0 49 0 3 0 0 0 0 6 
12 30 0 5 0 0 34 4 0 23 24 27 0 27 0 34 0 0 40 0 29 0 42 49 0 0 1 0 34 0 0 7 0 19 11 0 0 41 25 0 0 24 27 0 0 19 0 32 0 27 0 0 49 0 0 0 0 0 24 0 45 47 10 32 0 0 0 7 7 15 0 0 42 0 0 
8 0 0 0 41 11 0 20 50 47 0 0 2 0 27 13 16 38 0 0 33 0 0 0 0 15 0 50 17 19 31 0 0 41 0 25 35 0 1 9 5 2 45 13 3 2 0 0 31 27 33 0 28 0 0 0 16 49 5 5 44 29 37 33 0 0 15 26 0 6 0 1 0 0 
0 25 43 0 36 22 0 47 30 29 21 0 9 0 0 49 0 33 31 0 24 0 46 0 0 0 0 0 5 0 0 28 18 0 0 0 21 37 0 39 7 25 50 0 46 1 12 0 31 12 2 12 11 41 24 0 20 27 0 7 36 0 0 41 49 0 0 20 37 3 37 0 0 
0 41 0 24 0 30 0 6 36 2 0 0 0 45 0 0 0 0 0 0 15 0 0 2 0 0 10 14 0 33 0 0 0 0 49 1 0 0 21 0 0 10 40 13 0 0 48 18 0 0 0 0 0 0 30 0 0 0 45 40 1 7 0 14 0 4 4 0 43 3 0 32 
15 0 0 2 45 0 49 0 3 49 3 13 26 37 49 0 7 0 30 46 1 0 2 45 0 31 44 35 0 0 0 10 0 41 31 26 8 0 31 0 0 0 0 0 27 8 44 0 16 0 46 19 34 0 50 0 0 6 0 0 39 35 32 0 48 0 29 0 30 0 15 
0 0 2 46 28 0 0 0 47 0 0 0 0 0 7 41 0 17 0 22 13 15 35 24 43 0 17 0 43 0 38 1 17 34 14 6 0 26 12 14 31 23 0 0 34 0 0 20 0 0 35 0 19 0 30 41 2 31 0 39 0 39 0 0 0 0 0 0 36 7 
0 47 23 0 0 0 24 18 0 3 0 1 0 37 44 30 0 26 39 38 0 0 32 6 0 7 0 38 2 0 0 0 0 0 4 0 10 15 0 19 17 0 0 0 0 22 50 33 8 28 0 39 24 0 3 40 11 43 13 25 0 17 18 0 0 38 29 0 0 
35 0 5 2 0 37 0 21 5 0 4 0 17 24 47 15 0 0 0 0 22 35 45 0 8 42 44 45 0 0 15 0 25 0 0 0 18 26 0 6 0 0 38 38 0 6 0 20 8 0 50 0 41 0 0 50 0 15 40 27 39 0 0 0 0 12 47 40 
0 0 39 40 10 0 8 0 39 36 2 41 0 31 0 27 0 0 0 44 0 3 0 49 0 9 44 0 41 36 44 0 25 17 15 0 0 6 42 48 41 6 36 16 9 0 0 0 0 0 0 0 0 24 0 0 42 0 14 0 6 29 39 26 31 18 0 
19 16 23 0 0 0 0 47 34 30 0 49 14 0 31 0 28 0 0 37 0 0 17 0 47 0 15 0 31 15 27 0 11 0 0 24 0 0 5 4 0 0 0 0 0 0 0 0 2 0 39 43 12 18 0 0 0 12 50 4 0 0 44 6 0 0 
0 13 50 19 0 10 44 0 0 15 0 1 0 45 6 15 0 0 37 36 31 28 25 7 0 37 20 0 0 0 0 0 48 1 27 8 31 6 0 6 0 21 16 32 49 13 50 0 0 0 10 48 46 23 19 0 44 10 5 0 0 0 0 30 0 
0 26 0 0 0 0 25 0 29 45 41 0 37 4 33 31 0 0 8 0 48 48 28 15 42 31 26 17 9 49 0 0 2 0 0 0 0 4 18 0 45 28 44 0 0 9 1 0 47 0 8 0 0 0 43 41 40 1 0 27 0 19 0 0 
0 7 47 5 16 39 12 0 0 0 0 29 25 0 34 29 22 0 39 0 41 29 44 0 0 29 0 0 0 19 0 37 1 22 0 0 14 0 26 22 0 36 0 23 35 33 0 0 0 0 11 0 27 0 0 0 39 0 30 0 0 0 5 
16 0 39 0 11 0 6 0 5 33 0 0 0 37 0 0 0 28 0 0 30 0 0 0 11 0 31 34 20 24 0 43 0 0 11 49 19 8 0 47 8 42 0 5 0 16 28 0 12 0 40 44 0 8 0 0 0 0 47 37 13 24 
0 0 0 43 0 0 0 34 41 10 0 0 0 46 0 0 0 0 0 48 0 0 8 0 23 49 39 12 0 7 44 49 6 48 9 0 35 0 0 0 0 22 3 47 11 0 0 34 0 27 0 45 3 20 0 41 0 25 37 0 12 
18 50 0 0 3 0 0 39 0 36 1 18 12 0 46 0 0 28 38 45 0 23 0 0 0 0 0 42 0 50 0 0 0 33 0 38 0 42 13 0 0 0 43 0 46 0 0 27 0 0 0 24 18 11 30 39 0 8 24 18 
25 39 46 43 0 33 0 50 28 0 0 0 1 0 0 10 43 24 15 30 0 0 0 0 0 29 0 26 0 25 16 0 0 20 28 32 17 0 44 14 28 1 2 0 28 40 5 1 0 35 0 0 12 41 0 39 31 0 41 
38 6 44 0 23 0 8 27 0 0 0 0 26 3 24 0 29 27 24 4 0 0 34 14 0 0 0 36 0 36 23 0 42 40 0 26 24 0 9 3 0 0 5 13 46 0 0 0 0 44 0 0 0 0 0 40 12 5 
0 24 50 29 0 21 4 45 0 0 45 31 0 29 0 0 50 0 0 0 42 38 5 21 24 31 44 0 23 50 21 26 0 15 10 41 0 2 0 12 8 0 0 0 22 42 5 38 32 0 48 11 0 0 0 0 1 
0 12 0 0 35 37 42 0 0 0 0 20 0 37 0 0 42 18 8 0 48 42 0 0 29 0 0 0 0 44 35 28 41 0 0 0 16 37 0 0 0 46 18 41 32 33 28 28 0 0 0 0 0 0 9 0 
18 0 20 0 0 0 28 0 0 15 0 16 0 32 0 44 5 22 0 0 0 34 0 17 0 0 0 0 23 42 13 43 0 7 30 0 0 42 21 46 0 42 0 21 0 39 4 0 0 37 0 30 28 0 0 
5 0 43 9 30 7 0 0 50 0 0 0 0 11 0 45 35 0 0 18 0 0 11 12 28 26 0 0 50 0 0 37 0 0 24 34 0 0 18 46 0 0 30 29 0 0 0 0 37 3 0 49 0 11 
0 10 42 30 0 44 0 0 20 0 24 40 0 0 0 18 0 4 36 10 0 23 42 0 1 18 0 0 0 35 0 0 0 0 8 28 0 0 22 48 0 14 25 49 2 30 46 38 0 0 0 31 30 
10 26 0 0 0 0 45 0 0 37 31 31 44 0 17 0 13 0 0 16 36 0 0 0 36 19 0 0 0 31 0 49 1 11 0 31 0 49 0 0 22 0 10 0 3 7 38 45 44 32 43 48 
0 23 8 28 0 9 0 17 35 0 4 0 15 0 5 0 0 0 10 0 0 2 12 12 32 17 1 0 6 45 40 0 47 0 41 47 34 0 28 0 35 25 40 6 0 0 0 9 0 16 44 
0 8 0 0 13 0 11 5 13 0 0 0 1 15 3 0 10 44 48 0 0 0 43 0 38 9 0 19 0 15 11 25 24 0 8 0 10 0 49 0 0 39 4 21 0 16 16 9 0 16 
18 0 16 34 4 0 39 0 0 22 0 0 34 5 29 27 0 0 0 14 0 27 0 9 0 7 0 25 20 0 0 30 4 29 7 9 30 17 0 11 11 40 3 20 28 6 0 11 0 
0 39 25 0 39 0 33 0 0 0 0 39 0 0 39 0 21 7 3 11 42 28 12 0 0 0 0 0 0 0 0 18 26 0 50 0 46 0 48 47 32 0 0 31 0 0 0 25 
42 18 0 44 21 20 8 32 16 2 9 0 0 0 10 45 22 0 40 5 34 0 0 42 33 0 0 26 48 38 16 0 0 0 29 14 18 13 0 38 0 37 37 1 0 0 22 
1 4 1 48 0 0 32 29 7 34 9 44 48 30 37 2 0 42 2 48 0 3 12 0 0 0 0 20 0 0 47 0 6 49 0 0 48 17 0 12 0 26 0 24 31 0 
0 31 24 0 27 43 0 48 0 22 11 31 32 0 0 0 5 0 1 0 0 0 14 6 26 0 0 0 3 0 8 32 36 1 18 32 26 5 37 0 23 28 50 17 23 
0 10 0 0 0 0 31 0 0 0 0 2 50 0 0 2 16 0 30 0 0 0 24 3 29 41 0 0 0 47 0 0 16 17 29 24 31 40 28 43 0 13 0 37 
0 0 0 0 0 50 25 0 6 4 0 0 17 35 5 0 0 13 23 40 0 26 20 13 0 6 34 0 3 27 0 14 0 0 30 36 0 43 0 0 2 0 0 
19 26 12 43 0 3 0 50 0 25 50 0 5 28 0 0 21 19 0 9 0 0 28 0 0 23 4 25 40 47 0 0 36 38 0 0 0 0 0 25 0 48 
0 0 32 1 18 45 0 34 0 0 0 0 9 44 0 0 0 6 28 0 46 0 47 25 0 10 0 48 36 5 0 21 49 0 0 0 0 15 0 0 14 
1 48 0 21 0 45 0 1 0 0 47 8 0 15 0 0 2 10 0 37 48 0 0 0 0 11 0 2 33 0 6 25 46 0 0 24 30 20 0 0 
0 3 0 1 9 8 0 13 0 1 36 46 0 0 16 11 0 33 0 19 16 42 6 41 43 0 0 17 41 0 0 0 26 0 0 25 4 24 0 
0 32 26 0 0 0 0 22 0 34 48 11 0 13 0 0 47 41 49 5 0 30 0 0 20 32 0 33 0 31 19 39 0 0 31 2 0 0 
48 0 0 49 30 0 29 0 2 0 29 6 0 32 0 0 4 0 2 0 0 38 32 49 0 37 0 0 2 25 22 0 0 25 0 7 0 
8 0 0 31 0 25 0 0 18 38 0 0 13 39 6 19 10 37 42 0 19 8 48 49 20 0 0 45 23 0 0 0 0 33 0 33 
0 0 0 0 16 49 36 15 46 20 0 0 43 44 9 0 0 0 2 0 0 31 0 24 15 0 0 0 35 0 0 3 27 0 42 
33 0 0 14 0 0 20 8 33 28 0 35 0 0 37 0 26 1 3 47 0 27 0 4 13 19 19 0 0 0 12 0 0 0 
20 21 0 0 0 0 0 0 27 0 22 39 30 20 15 49 4 47 41 5 3 32 48 19 0 9 35 24 0 0 0 33 50 
44 45 49 0 0 2 0 27 47 0 31 9 0 32 0 29 0 0 1 47 25 0 0 42 0 0 7 0 2 50 0 0 
8 39 36 48 0 16 42 25 27 5 30 18 39 0 35 0 0 0 26 0 43 14 27 0 2 0 0 33 0 44 16 
23 46 33 11 0 9 0 0 0 24 12 0 13 0 0 23 36 0 17 0 38 0 3 18 26 1 42 0 42 15 
12 40 0 0 0 14 42 34 42 0 0 31 0 12 32 43 20 44 0 39 30 6 0 38 0 38 0 0 7 
45 19 0 0 9 4 0 0 0 0 0 18 0 31 35 0 0 15 0 0 23 38 1 9 21 21 0 24 
0 0 0 0 6 0 0 35 12 0 0 0 0 0 0 0 0 0 0 0 38 0 0 29 0 0 0 
41 34 22 2 28 0 50 0 0 49 8 19 0 5 0 0 0 0 36 21 48 0 14 0 24 0 
0 0 48 19 0 26 0 25 21 0 8 4 0 0 11 0 27 0 0 31 0 0 37 33 0 
0 10 33 20 0 38 0 0 25 0 30 0 24 0 0 17 0 48 11 18 0 0 35 0 
0 0 0 0 0 0 0 0 32 16 47 0 0 0 0 18 16 0 44 29 15 29 8 
0 40 0 23 10 48 0 0 0 0 0 46 17 5 44 0 1 14 20 0 0 39 
0 29 0 19 0 8 0 0 35 32 44 0 0 26 0 0 48 12 0 0 0 
0 0 35 39 5 7 15 0 0 5 0 0 36 20 0 40 22 15 32 3 
0 0 27 3 0 0 0 0 44 0 0 0 0 0 32 0 43 4 47 
0 2 4 29 0 0 40 41 0 0 20 48 0 0 19 37 0 38 
9 10 0 0 0 0 43 0 41 0 0 0 0 29 19 0 39 
0 0 43 30 0 0 10 0 0 33 0 0 6 23 33 0 
12 15 0 2 0 27 0 9 45 48 39 26 18 13 50 
19 0 0 0 0 47 33 0 27 0 19 37 46 0 
0 43 0 0 0 13 0 0 41 0 39 0 0 
0 7 0 0 0 39 47 50 29 20 0 0 
25 0 18 26 0 5 0 0 31 0 0 
0 0 0 8 0 0 29 0 25 0 
0 22 15 0 9 32 0 20 0 
32 0 0 49 0 23 22 15 
43 0 0 0 0 28 0 
47 0 22 0 0 6 
0 13 32 0 38 
0 0 2 0 
0 0 37 
0 1 
0 

1 12
1 15
1 42
1 64
1 73
1 126
1 143
1 159
1 194
1 196
2 5
2 14
2 38
2 54
2 72
2 108
2 110
2 118
2 154
2 190
3 53
3 69
3 82
3 90
3 128
3 139
3 158
3 179
4 8
4 13
4 162
4 171
5 18
5 52
5 53
5 101
5 129
5 153
5 180
6 47
6 62
6 64
6 98
6 108
6 135
6 162
6 166
6 194
7 52
7 97
7 137
7 182
8 30
8 44
8 54
8 68
8 116
8 135
8 195
9 30
9 57
9 92
9 110
9 146
9 156
9 164
9 182
9 197
10 14
10 86
10 123
10 194
11 28
11 58
11 81
11 84
11 115
12 37
12 62
12 63
12 74
12 75
12 84
12 90
12 110
12 138
12 165
12 174
13 15
13 29
13 96
14 29
14 78
14 124
14 167
14 175
15 34
15 53
15 84
15 89
15 103
15 117
15 158
15 182
15 194
16 68
16 108
16 158
17 18
17 20
17 45
17 109
17 125
17 137
17 152
18 29
18 36
18 55
18 77
18 110
18 124
18 131
18 158
19 44
19 87
19 98
19 138
20 57
20 86
20 87
20 101
20 190
20 193
21 75
21 79
21 150
21 162
22 52
22 56
22 62
22 101
22 116
22 173
22 184
23 47
23 109
23 147
24 46
24 59
24 113
24 122
24 176
25 28
25 40
25 123
25 148
25 176
25 182
25 188
25 193
25 195
26 40
26 54
26 63
26 79
26 151
27 36
27 55
27 100
27 127
27 139
27 140
27 149
27 154
27 170
27 173
28 30
28 61
28 72
28 122
28 169
28 181
28 183
28 200
29 90
30 42
30 55
30 81
30 130
30 152
30 153
30 179
31 67
31 107
31 111
31 123
31 155
31 183
31 186
32 51
32 77
32 91
32 93
32 116
32 129
32 195
33 150
33 154
33 160
33 166
33 176
33 197
34 39
34 49
34 71
34 88
34 148
34 191
34 195
35 47
35 53
35 64
35 75
35 101
35 111
35 119
35 163
35 182
35 192
36 60
36 67
36 80
36 114
36 157
36 166
36 169
36 180
37 42
37 113
37 123
37 133
38 126
38 162
39 46
39 62
39 63
39 65
39 73
39 94
39 112
39 130
39 136
40 70
40 82
40 89
40 99
40 118
40 174
40 184
41 77
41 86
41 128
41 143
41 161
41 181
42 55
42 57
42 80
42 112
42 144
42 163
42 186
42 191
42 196
43 84
43 93
43 114
43 115
43 116
43 117
43 138
43 156
43 187
43 194
44 70
44 79
44 129
45 66
45 71
45 96
46 57
46 87
46 112
46 134
46 173
46 194
47 50
47 58
47 75
47 119
47 127
47 142
47 180
48 56
48 59
48 74
48 100
48 157
48 171
49 53
49 57
49 114
49 116
49 122
49 142
49 151
49 160
50 82
50 85
50 86
50 103
50 117
50 120
50 123
50 159
50 194
51 61
51 67
51 81
51 94
51 99
51 114
51 131
51 148
51 164
51 200
52 69
52 74
52 81
52 82
52 177
52 199
53 79
53 81
53 92
53 100
53 102
53 148
54 58
54 62
54 102
54 113
54 144
55 73
55 74
55 90
55 101
55 103
55 119
55 131
55 142
55 148
55 160
55 169
55 171
56 104
56 128
56 144
56 165
56 167
56 195
57 73
57 93
57 140
57 142
58 122
58 123
58 139
58 182
58 189
59 66
59 141
59 154
60 106
60 110
60 111
60 116
60 153
60 157
61 91
61 147
61 154
62 66
62 76
62 90
62 118
62 173
62 183
62 193
63 128
63 168
64 112
64 135
64 158
64 198
64 200
65 81
65 89
65 158
65 168
65 191
66 67
66 70
66 80
66 142
66 198
67 92
67 94
67 112
67 113
67 115
67 146
67 155
68 77
68 81
68 82
68 114
68 116
68 123
68 126
68 132
68 174
69 76
69 109
69 116
69 136
69 194
70 71
70 120
70 156
70 157
70 161
70 173
70 177
70 192
71 73
71 101
71 108
71 160
71 165
71 189
72 75
72 97
72 103
72 151
72 170
72 199
72 200
73 121
73 127
73 128
73 153
73 191
74 97
74 110
74 151
74 154
75 84
75 145
75 156
75 162
75 163
75 198
76 126
76 142
77 94
77 133
77 135
77 149
77 160
77 173
77 178
77 179
78 84
78 117
78 122
78 149
78 164
78 183
79 82
79 87
79 107
79 123
79 134
79 152
79 175
79 199
80 102
80 117
80 134
80 151
80 191
80 197
81 89
81 108
81 194
82 95
82 101
82 152
83 89
83 98
83 165
83 174
84 89
84 95
84 155
84 181
85 90
85 104
85 107
85 141
85 185
85 195
86 90
86 97
86 117
86 121
86 165
86 177
87 100
87 124
87 141
87 167
88 95
88 131
88 135
88 189
88 194
89 120
89 170
90 101
90 119
90 161
91 120
91 124
91 141
91 147
91 164
92 103
92 159
92 192
93 135
93 141
93 173
93 186
94 95
94 125
94 139
94 155
94 173
94 184
94 191
94 194
94 200
95 107
95 166
95 173
96 105
96 117
96 163
97 123
97 166
97 167
97 178
98 120
99 126
99 141
99 184
99 188
99 190
100 112
100 120
100 134
100 172
101 111
101 118
101 120
101 130
101 137
101 143
101 160
101 176
102 134
103 116
103 140
103 157
103 187
104 115
104 161
104 186
104 191
104 200
105 141
105 161
105 164
105 182
106 158
106 172
107 148
107 151
108 111
108 117
108 122
108 144
108 192
109 140
109 155
109 170
109 172
110 151
110 159
110 161
110 174
111 122
112 137
112 139
112 143
112 148
112 158
112 160
112 165
112 186
112 199
113 121
113 140
113 147
113 170
113 185
113 192
113 197
114 122
114 140
114 174
114 197
114 200
115 118
115 133
115 141
115 165
115 196
117 131
117 147
117 175
118 133
118 176
118 186
119 164
120 123
120 128
120 129
120 133
120 152
120 162
120 188
121 169
122 139
122 141
122 144
122 173
122 197
123 153
123 184
124 135
124 143
124 147
124 153
124 160
124 182
124 199
126 137
126 192
127 134
127 139
128 160
128 179
128 193
129 160
129 170
129 197
130 167
130 173
130 177
130 193
131 137
131 142
132 171
132 177
132 195
133 165
134 150
134 190
134 199
135 153
135 167
135 183
136 181
137 191
138 144
138 151
138 161
138 162
138 164
138 188
139 146
139 155
139 161
139 177
139 180
140 157
140 163
140 165
140 169
140 177
141 190
141 192
142 167
142 169
142 188
142 191
142 194
143 162
143 199
144 173
145 172
146 153
146 179
146 183
147 160
147 162
147 171
147 176
148 154
149 163
150 153
150 174
151 160
152 162
153 180
153 187
155 156
155 181
156 161
156 162
156 184
157 178
157 188
157 190
158 194
158 197
159 184
160 167
160 179
160 194
161 178
161 188
163 190
164 171
166 168
166 171
168 194
171 194
173 185
173 191
173 192
173 193
174 182
176 193
176 198
177 179
177 180
177 183
179 199
180 189
181 191
182 192
183 186
183 187
184 189
186 189
187 188
187 190
187 199
189 200
191 200
196 200
198 199
