200 1592 1000

95 104 36 16 58 26 31 102 32 59
105 47 53 67 55 25 65 56 62 32
19 101 11 69 32 77 104 108 48 17
84 54 25 44 92 76 77 104 94 103
109 43 43 41 92 38 82 110 84 27
48 84 66 30 55 29 105 104 39 106
109 107 87 26 107 18 29 49 52 17
17 79 32 47 80 41 108 36 110 97
55 82 77 23 82 91 105 53 23 68
58 13 97 74 33 46 39 34 84 99
50 89 64 52 77 49 56 51 20 106
63 104 101 76 34 34 40 18 98 21
100 110 50 24 59 99 106 11 75 76
88 99 80 43 46 35 32 54 61 59
33 23 41 89 18 71 95 75 63 96
52 96 102 96 35 99 96 34 22 101
69 101 73 100 98 91 89 24 97 27
29 82 71 28 56 29 102 66 71 92
24 16 96 11 40 95 59 62 104 110
109 104 101 47 40 34 108 102 100 34

85 94 26 6 48 16 21 92 22 49
95 37 43 57 45 15 55 46 52 22
9 91 1 59 22 67 94 98 38 7
74 44 15 34 82 66 67 94 84 93
99 33 33 31 82 28 72 100 74 17
38 74 56 20 45 19 95 94 29 96
99 97 77 16 97 8 19 39 42 7
7 69 22 37 70 31 98 26 100 87
45 72 67 13 72 81 95 43 13 58
48 3 87 64 23 36 29 24 74 89
40 79 54 42 67 39 46 41 10 96
53 94 91 66 24 24 30 8 88 11
90 100 40 14 49 89 96 1 65 66
78 89 70 33 36 25 22 44 51 49
23 13 31 79 8 61 85 65 53 86
42 86 92 86 25 89 86 24 12 91
59 91 63 90 88 81 79 14 87 17
19 72 61 18 46 19 92 56 61 82
14 6 86 1 30 85 49 52 94 100
99 94 91 37 30 24 98 92 90 24

0 10 26 47 22 0 16 0 0 19 48 13 0 8 0 0 0 18 0 0 0 37 0 46 7 3 0 21 11 12 0 0 0 0 45 29 43 0 12 47 0 0 10 20 0 0 0 0 0 0 0 0 0 22 0 0 0 33 0 8 0 0 7 0 8 0 20 0 0 0 0 3 11 0 0 9 0 0 0 0 35 0 0 0 0 41 0 29 0 26 22 0 28 0 11 43 38 0 0 38 0 0 0 6 41 9 0 31 45 4 26 0 0 3 49 0 0 31 0 15 37 38 40 0 14 0 0 0 0 32 14 7 10 41 43 26 0 0 9 27 10 0 11 36 12 34 9 8 10 29 18 40 0 0 15 0 26 26 0 0 39 39 44 0 6 0 0 0 28 1 21 0 0 49 0 0 0 0 37 0 0 6 22 0 48 17 6 0 11 0 0 25 25 0 23 0 14 16 0 
0 32 48 2 0 40 14 26 4 0 26 2 0 0 0 11 0 0 0 3 27 50 17 27 0 20 13 0 13 3 0 31 0 0 9 25 45 19 0 18 0 27 33 0 38 41 0 0 16 0 0 5 15 17 10 29 0 0 0 0 0 7 14 24 0 22 0 0 0 0 39 1 2 41 0 0 0 30 7 32 32 0 37 0 43 15 0 0 36 14 37 0 0 0 22 37 13 0 0 0 27 0 42 50 0 6 0 37 0 0 10 0 0 48 27 10 0 0 0 40 0 11 0 29 0 0 41 38 15 9 10 7 2 50 0 13 0 20 23 0 3 23 9 27 32 47 0 0 0 27 0 10 33 40 8 0 0 40 0 40 50 6 39 0 43 1 0 14 0 10 0 36 14 43 0 0 0 0 13 6 4 36 8 15 0 0 25 0 19 0 47 18 0 40 0 0 2 0 
11 9 0 0 47 10 19 0 50 45 47 21 0 41 45 0 36 37 42 0 16 15 31 27 24 0 0 0 0 0 13 0 0 0 0 6 33 0 0 0 0 30 0 0 0 0 0 0 47 12 0 11 42 0 28 17 19 26 0 5 0 18 0 3 29 0 21 0 0 46 0 15 28 0 0 12 0 30 30 0 0 15 5 41 31 14 0 15 0 0 0 0 20 36 13 43 7 0 0 0 8 0 0 0 0 0 41 10 13 10 0 0 40 0 0 0 0 0 31 20 3 26 0 9 0 48 0 24 9 48 0 49 25 35 0 46 33 40 3 47 0 16 0 37 24 47 31 43 0 44 33 38 0 0 0 0 0 5 8 15 0 26 0 0 47 0 0 0 0 0 14 1 0 21 10 0 0 38 0 29 36 0 0 38 32 13 29 20 0 50 9 0 0 5 0 0 38 
3 45 0 42 0 3 0 0 47 34 0 0 13 46 24 39 0 0 0 0 30 0 26 27 0 0 12 19 0 5 10 0 0 39 35 0 0 0 2 49 44 22 0 0 0 20 47 25 0 0 33 0 11 0 14 45 0 44 8 0 15 32 0 19 0 0 2 46 9 41 0 24 0 25 44 27 6 4 9 0 0 0 47 0 8 0 0 0 0 0 0 0 7 0 0 37 0 0 0 14 18 0 50 37 0 0 2 0 17 0 0 44 49 35 8 0 26 24 0 34 42 29 43 18 13 0 0 0 33 42 29 35 16 26 28 0 9 0 0 0 0 0 0 17 0 0 22 40 14 20 44 31 0 45 15 0 0 1 14 0 0 30 20 0 0 29 0 0 18 22 21 0 19 9 0 47 0 46 0 0 12 0 35 0 38 0 46 3 31 20 18 0 45 16 0 0 
0 33 13 0 0 0 34 23 0 0 8 0 20 0 1 0 30 0 0 0 0 37 0 0 0 0 0 0 0 37 0 0 0 48 28 0 40 0 0 0 0 0 0 19 11 13 22 0 0 0 0 0 0 2 44 29 0 25 12 0 30 0 32 0 0 32 0 0 11 34 0 0 10 0 0 28 38 0 40 33 49 0 0 6 0 0 0 50 39 0 0 39 0 0 38 17 31 15 0 27 35 0 0 2 0 44 40 0 0 48 0 0 0 0 0 31 0 35 3 0 0 3 49 18 0 0 0 0 0 0 22 0 0 44 48 0 0 0 46 0 0 0 0 21 0 49 0 0 0 11 41 12 0 0 0 0 0 0 0 0 22 0 0 38 16 0 0 0 0 0 40 0 0 15 0 0 11 1 0 31 0 0 0 0 0 28 11 0 41 0 0 31 0 0 0 
0 0 32 25 0 9 0 28 0 0 37 0 19 0 50 30 20 0 0 0 44 0 0 0 28 0 0 0 0 0 0 0 0 27 7 0 0 0 0 5 20 0 0 35 31 0 0 30 2 43 0 0 30 46 14 19 0 0 12 0 0 33 0 0 47 0 0 12 25 26 49 0 0 0 0 0 18 29 0 3 0 14 0 0 0 41 0 0 22 19 0 46 27 21 0 0 25 0 0 40 32 37 0 0 1 29 18 8 0 46 19 12 46 5 0 0 0 21 0 27 0 26 0 3 4 0 0 27 0 0 21 15 36 0 44 19 0 0 0 0 0 0 21 34 0 34 44 0 0 16 37 37 38 34 0 10 0 7 2 33 0 9 3 20 0 18 16 37 33 29 44 0 49 24 6 22 46 0 0 11 0 23 0 0 2 49 0 0 0 0 34 0 45 0 
0 0 0 0 0 0 0 17 20 16 0 0 45 16 34 0 0 0 14 0 5 0 24 10 0 35 8 0 7 16 0 0 0 0 0 44 27 41 30 0 0 0 17 23 0 16 0 0 0 7 0 0 46 15 38 42 0 14 0 20 50 0 0 18 0 0 0 27 0 23 3 39 8 0 0 32 43 46 0 0 18 40 0 0 22 17 48 0 49 0 31 11 0 0 29 0 0 37 0 36 0 39 30 0 32 0 0 28 0 31 0 0 11 0 20 44 22 0 44 0 0 46 0 13 47 0 39 0 29 44 0 0 11 15 0 33 0 12 39 0 18 22 0 0 2 34 0 9 2 0 15 9 0 0 0 0 6 14 30 16 9 35 0 21 0 0 22 20 0 0 2 0 0 26 36 0 20 0 0 13 2 29 0 0 0 1 28 0 7 0 2 0 0 
0 0 0 41 9 8 0 0 0 0 0 0 0 32 0 28 18 0 31 0 29 37 0 0 48 20 24 0 1 50 0 27 0 0 0 24 2 5 0 0 30 0 0 8 0 32 0 0 0 0 39 23 18 0 46 0 0 15 37 0 20 23 15 0 14 0 0 0 26 27 25 0 8 0 0 0 0 0 0 0 0 0 0 0 40 28 0 4 0 0 24 0 49 0 0 0 0 39 37 0 39 3 0 0 0 0 0 29 0 41 0 0 0 8 0 15 0 0 0 0 0 0 0 0 40 0 39 41 0 0 0 0 2 0 0 0 0 0 0 0 42 0 0 16 0 0 22 2 2 45 24 0 33 17 17 4 0 23 22 14 6 0 19 0 0 44 0 0 0 0 0 36 0 0 45 0 0 26 33 30 0 0 0 0 0 0 23 41 34 0 26 47 
7 0 0 0 0 6 0 12 5 0 34 0 41 31 0 49 0 0 0 49 0 6 38 42 0 0 0 0 31 16 0 39 33 0 29 0 23 0 39 39 0 0 0 0 0 0 0 0 0 32 0 31 0 0 35 0 0 0 40 12 0 40 12 1 23 45 3 0 0 47 0 27 0 23 27 0 0 0 0 9 0 29 5 0 0 0 1 42 40 0 33 0 7 0 24 0 32 0 44 0 5 0 40 44 0 0 28 45 25 0 38 0 0 0 44 48 0 11 0 6 0 0 0 43 27 4 33 0 0 11 28 31 0 4 44 0 0 16 0 0 46 0 47 4 13 0 0 0 0 0 0 0 35 46 0 38 21 36 10 0 14 0 2 16 0 41 0 17 0 0 0 32 49 0 0 37 0 0 0 41 0 0 0 0 31 7 0 18 17 0 0 
4 7 0 3 42 0 0 0 0 0 36 0 21 0 0 0 38 31 0 0 0 0 0 3 0 0 0 0 10 0 0 30 18 3 17 0 49 0 0 0 0 49 18 0 26 22 10 0 4 0 0 30 34 13 9 0 0 0 0 0 24 40 0 0 13 29 0 0 5 17 0 0 0 0 21 0 35 0 43 22 12 0 10 39 0 0 16 3 24 18 23 38 16 39 14 0 49 38 0 0 0 30 2 0 6 0 12 0 0 0 0 37 28 15 12 0 9 21 9 0 0 0 41 40 0 0 0 2 0 0 0 22 0 0 32 17 30 33 0 15 4 19 0 45 6 39 45 0 0 2 30 0 49 0 13 13 48 0 0 0 40 22 44 45 0 10 0 41 0 0 29 21 47 0 31 0 0 29 7 28 0 0 10 34 23 0 10 23 45 0 
0 32 0 27 43 47 9 0 0 0 0 0 0 42 0 49 0 0 0 11 21 39 3 29 37 40 12 0 39 0 12 15 27 0 0 39 0 14 2 2 0 0 21 0 30 12 1 0 0 28 47 1 48 0 0 0 0 37 41 0 24 0 40 47 39 40 0 45 50 35 3 0 24 0 0 10 23 48 0 0 0 10 38 36 29 0 49 0 0 0 9 0 0 0 0 0 41 0 0 32 23 1 0 33 5 23 0 0 0 48 1 0 0 0 47 31 0 0 0 41 48 0 0 0 0 0 30 0 0 3 0 1 0 10 6 0 9 16 18 0 0 1 0 32 31 0 20 0 34 0 0 0 47 0 1 0 0 30 0 0 10 37 11 48 1 0 0 0 0 0 30 0 0 40 29 47 14 14 37 0 0 11 0 30 37 0 47 41 43 
0 2 0 32 0 27 48 9 37 0 36 47 0 0 18 21 10 30 0 0 0 11 0 0 0 16 41 35 25 0 15 27 0 0 0 0 33 0 43 1 9 0 0 3 31 0 25 34 20 0 0 7 26 0 0 4 10 0 31 0 29 0 0 37 0 4 47 0 0 31 32 0 0 0 0 5 0 3 47 30 6 0 0 0 8 0 0 0 0 0 22 0 35 43 0 22 0 8 35 0 9 0 38 0 0 21 0 0 42 0 29 5 45 16 0 3 0 41 0 0 35 0 0 0 0 0 42 43 23 0 0 30 23 0 0 17 23 0 2 10 0 18 28 40 0 0 46 0 0 0 0 0 0 0 2 19 50 0 39 19 0 0 0 11 14 44 0 37 43 0 0 3 11 16 0 25 0 0 0 41 0 39 36 45 0 16 0 18 
21 0 0 47 0 29 50 33 0 10 0 0 24 15 0 36 0 0 0 3 36 0 22 0 7 0 36 20 21 39 0 16 38 29 0 0 0 0 35 0 20 33 0 0 0 0 5 0 44 0 8 0 37 0 5 0 0 28 19 9 0 6 0 36 29 0 38 0 6 0 35 44 37 39 0 44 50 46 14 2 0 0 0 30 16 0 0 0 49 0 0 50 35 0 0 12 0 22 41 0 0 0 0 0 0 0 49 0 41 0 0 4 24 34 2 22 47 48 50 0 0 0 0 49 42 25 43 0 6 29 0 0 24 0 0 0 0 0 2 0 16 44 35 37 14 7 47 23 4 0 50 45 31 0 0 0 47 0 0 35 0 0 12 45 0 32 19 0 0 0 10 40 0 29 3 11 0 0 0 0 0 49 48 38 0 45 33 
0 12 45 0 0 0 0 0 14 0 46 32 45 3 33 18 0 17 14 27 32 29 0 45 0 0 0 0 27 48 1 0 18 50 0 24 0 0 0 10 0 0 0 11 0 16 0 6 26 6 0 0 50 14 0 0 0 36 0 8 27 34 0 48 37 0 31 0 29 37 0 41 0 25 24 40 0 0 0 40 0 35 28 0 45 49 5 13 0 0 0 0 0 0 0 11 0 0 0 0 0 9 0 46 19 42 42 0 0 0 0 1 1 0 9 9 0 0 0 11 29 0 31 0 11 37 0 45 49 0 0 0 39 0 10 38 0 22 28 15 14 29 25 10 0 23 14 18 44 0 0 32 24 8 34 36 11 0 0 0 0 48 0 0 0 0 0 0 0 0 0 44 37 0 0 1 0 39 10 0 42 0 0 28 0 0 
13 0 2 0 0 44 0 10 0 0 21 0 22 28 15 0 18 0 48 1 4 0 0 0 0 0 0 0 9 0 26 0 46 0 14 29 13 0 42 44 0 0 43 0 0 0 10 23 4 0 0 25 13 0 0 44 14 0 33 30 0 13 0 0 0 0 0 0 29 0 0 42 0 0 26 0 36 43 48 39 50 0 42 0 36 0 0 3 0 0 44 48 0 49 0 19 30 36 0 0 0 0 0 0 9 0 0 0 0 13 0 0 0 0 0 13 0 29 0 0 10 0 30 0 0 0 32 26 14 45 8 32 0 8 42 0 0 43 3 37 0 0 0 0 44 48 0 0 37 18 48 0 0 0 3 0 18 0 0 12 32 0 0 14 19 0 0 23 0 0 0 0 0 0 0 13 0 33 13 0 0 0 39 6 28 
0 0 8 40 11 0 28 0 19 0 28 0 0 41 45 0 1 2 0 0 0 0 40 0 32 0 0 0 0 0 0 0 24 43 39 0 0 15 0 0 0 7 0 0 0 0 2 22 0 0 0 40 27 0 48 0 0 32 0 5 0 10 40 0 30 23 5 28 0 0 33 33 0 0 0 19 36 0 0 0 0 0 19 28 7 0 29 0 16 0 0 0 8 25 29 48 0 48 0 45 0 40 0 0 0 0 0 35 29 0 0 38 0 0 0 29 15 31 9 0 0 0 29 37 0 0 0 0 0 39 38 0 0 33 0 0 0 0 21 7 26 0 36 44 0 42 21 0 0 9 0 0 31 9 43 37 0 3 3 30 0 0 0 13 0 0 29 0 32 0 0 0 22 0 27 0 43 0 0 0 0 32 0 0 
0 0 0 10 0 0 0 47 0 38 0 0 42 0 12 0 11 0 0 7 0 0 40 0 2 0 0 0 0 0 0 5 46 0 0 0 25 4 0 0 0 44 2 41 0 0 0 44 44 0 0 0 13 19 41 0 35 8 31 48 0 49 0 0 0 29 0 27 16 17 1 0 16 32 41 0 0 25 14 0 0 11 13 5 26 0 0 0 38 0 0 37 5 32 0 0 0 0 48 0 0 31 0 0 0 12 0 0 15 5 0 0 14 7 43 40 21 44 23 0 34 0 0 0 0 5 0 0 1 46 0 0 0 49 24 0 0 0 48 0 37 10 48 40 0 0 31 0 0 29 0 26 16 28 0 15 36 14 0 0 13 0 24 0 0 0 0 0 0 8 0 0 0 0 0 27 0 0 30 0 0 6 18 
0 0 12 0 27 0 18 0 19 8 13 23 18 10 35 0 50 0 7 0 43 0 0 0 0 16 11 23 0 0 0 0 50 0 12 0 1 14 34 47 0 48 0 9 16 0 0 0 0 37 0 0 25 33 0 0 0 28 0 31 0 0 0 0 0 8 46 29 0 0 45 0 0 0 30 30 48 12 0 14 0 0 0 5 0 0 0 0 0 44 0 0 0 0 0 21 0 2 0 0 15 31 0 26 7 26 0 3 31 31 40 0 0 33 18 0 0 0 35 9 1 20 0 47 18 0 13 33 0 5 49 0 0 0 0 7 29 0 0 0 4 10 23 0 47 0 0 11 9 0 17 35 37 38 23 33 24 0 0 36 0 8 0 25 50 0 0 23 0 27 0 0 26 0 0 0 0 29 0 0 0 12 
31 0 0 49 29 0 0 0 32 42 32 20 0 41 22 32 4 31 0 0 0 0 16 11 7 14 0 0 4 8 0 0 0 3 0 9 0 0 0 0 0 0 0 25 19 0 28 0 37 11 0 0 0 0 0 0 50 42 2 0 18 10 50 3 26 0 0 38 0 0 0 37 1 47 35 0 0 10 0 43 45 0 0 0 32 0 9 43 0 0 15 7 0 0 10 0 0 0 11 11 2 0 5 34 0 0 29 0 0 0 0 8 0 47 0 0 15 28 34 4 0 9 0 0 24 0 0 1 21 0 6 0 0 42 34 0 26 0 0 17 27 0 0 33 31 11 0 0 27 0 37 1 50 0 0 37 0 21 35 47 0 0 12 31 0 30 28 9 21 0 39 5 0 1 19 0 0 0 26 0 39 
0 26 17 0 1 25 0 3 44 43 42 0 0 0 27 0 0 49 0 17 0 45 0 0 0 0 35 7 38 0 11 31 46 0 0 31 47 0 0 0 38 0 1 0 0 17 0 0 0 0 0 0 3 0 29 0 0 14 0 3 0 48 17 7 12 0 19 0 0 0 15 8 0 44 0 24 0 0 0 49 0 0 0 0 0 33 0 12 0 0 46 0 0 0 44 2 2 3 0 38 22 43 21 13 25 0 34 42 28 29 0 0 23 0 40 0 0 0 27 24 0 0 0 0 0 18 0 14 0 31 38 0 0 46 0 1 3 26 0 17 0 0 8 0 33 24 0 0 0 8 0 0 30 45 29 34 0 23 0 0 25 28 25 25 27 0 46 46 0 0 0 38 22 0 20 35 40 11 0 45 
0 0 12 34 0 0 19 49 0 0 21 0 0 13 48 9 0 0 0 0 40 11 31 0 22 3 36 0 0 14 0 0 0 34 23 0 23 0 30 35 7 0 11 2 17 19 38 28 0 0 21 0 38 0 0 39 0 0 24 0 13 0 49 23 0 0 0 0 0 0 47 48 12 27 18 40 36 8 24 41 0 0 15 42 7 0 0 0 22 21 42 18 16 8 4 15 6 47 29 0 0 5 0 0 0 35 34 28 21 0 39 0 6 0 32 7 0 0 0 27 10 0 50 13 41 2 13 26 48 27 0 20 20 11 19 23 27 46 15 23 0 0 14 36 0 8 27 0 44 22 44 0 0 31 0 0 45 34 0 15 47 0 0 0 0 43 0 39 32 1 0 37 16 0 0 33 4 0 16 
0 0 0 18 0 19 0 6 0 45 31 17 17 0 25 0 10 11 0 27 0 38 30 4 0 43 0 34 16 29 0 41 31 0 2 37 2 0 0 0 49 40 0 0 0 37 17 22 43 9 0 32 17 0 11 50 9 11 5 32 48 18 16 0 0 19 10 0 3 34 0 32 0 16 0 0 0 0 1 0 0 0 36 0 0 0 0 48 49 0 0 46 0 0 0 5 0 0 0 23 38 25 0 0 48 0 0 36 0 0 0 34 0 0 43 0 0 14 0 0 30 12 0 0 50 0 0 35 48 0 0 4 0 42 13 26 27 19 0 0 0 4 0 34 29 0 0 41 48 9 0 26 0 0 25 0 0 0 9 0 44 19 30 21 0 23 38 0 0 0 14 0 21 0 49 42 7 0 
7 0 0 24 21 13 32 0 26 37 0 32 0 0 0 8 0 0 0 48 13 0 0 3 33 0 0 32 38 7 0 36 31 13 7 0 0 0 0 0 0 5 0 32 0 0 0 0 43 39 19 0 32 0 0 45 3 46 24 49 44 0 7 1 34 0 0 0 49 0 0 40 1 0 0 0 41 19 42 0 30 42 0 32 0 0 0 32 0 0 11 1 0 0 0 0 31 28 0 5 25 0 7 30 28 37 21 0 0 1 28 0 48 46 43 0 0 5 0 0 35 0 18 0 36 0 5 33 0 40 0 0 0 47 0 47 0 50 45 35 0 35 0 0 0 49 38 0 0 31 0 32 49 0 5 28 50 0 14 26 11 0 23 40 0 40 0 24 11 0 18 0 0 14 27 0 0 
0 29 0 0 23 36 0 9 0 0 0 0 21 0 8 39 0 0 50 2 6 0 36 7 0 0 27 0 21 46 2 35 0 36 24 0 43 0 33 27 0 37 0 0 19 22 0 0 29 0 0 0 12 0 34 7 28 0 38 49 8 0 0 5 0 16 32 18 0 20 37 47 34 27 0 0 0 44 48 21 0 0 37 0 38 0 19 22 0 35 0 25 43 0 0 0 25 8 45 0 27 37 0 24 0 0 0 0 8 32 0 0 26 0 0 46 0 37 23 12 0 2 0 27 36 0 0 0 0 27 11 0 0 28 0 19 18 0 0 0 0 0 0 0 49 0 0 0 27 9 5 0 45 8 0 0 26 5 23 0 43 10 35 32 16 19 0 0 0 0 13 0 36 0 45 50 
9 0 0 0 5 12 30 21 0 0 0 0 0 50 15 0 0 10 0 0 3 0 0 0 15 39 0 0 34 25 15 5 0 11 37 0 0 0 0 0 0 0 0 46 23 0 15 49 45 38 0 0 48 0 49 17 0 2 0 44 0 36 0 0 0 27 13 0 27 0 33 34 47 0 0 0 0 0 18 0 0 0 38 15 0 49 10 0 0 0 35 0 0 36 0 33 0 0 32 14 27 0 0 0 0 0 14 0 0 0 0 0 39 50 0 0 0 44 0 12 0 18 4 0 23 14 41 49 1 27 15 44 0 0 14 0 35 37 0 0 49 4 0 0 0 4 0 0 25 35 0 0 0 1 18 8 14 0 0 0 0 0 18 0 0 0 48 14 0 35 32 22 0 43 0 
0 0 48 0 37 0 39 0 5 7 40 48 0 49 0 0 29 48 12 30 0 49 47 40 22 3 5 0 0 8 0 22 9 0 0 0 0 2 0 33 8 7 48 0 14 0 39 0 0 11 13 44 0 0 0 0 14 7 46 21 5 0 0 0 30 15 0 0 0 0 12 0 0 0 45 3 0 31 8 0 39 0 27 32 0 0 25 0 0 50 0 0 17 11 0 20 0 37 0 0 12 46 0 0 39 0 0 11 0 0 40 0 47 0 7 35 0 23 0 17 0 0 25 0 0 14 0 0 0 0 0 0 7 1 1 37 0 0 0 43 45 0 0 37 0 0 0 0 0 0 0 0 25 0 35 1 0 0 35 1 0 0 0 11 4 1 0 0 0 0 0 0 0 30 
0 42 31 37 0 0 0 0 50 0 0 0 0 25 0 0 0 0 41 0 33 26 35 0 0 21 26 0 0 24 0 48 0 35 31 0 0 0 0 0 45 27 44 0 1 29 0 30 38 16 15 0 8 17 0 0 0 24 31 0 47 24 26 0 7 0 20 25 0 0 26 0 0 0 0 42 0 0 10 0 34 0 44 0 0 24 0 49 17 0 24 23 39 50 0 0 4 0 17 0 0 10 2 35 13 0 0 4 0 0 34 0 0 32 0 0 2 0 0 0 0 0 23 41 27 0 11 5 43 0 2 45 0 0 0 29 0 40 21 0 0 0 25 42 0 0 0 0 47 1 5 0 12 43 33 0 0 49 0 5 36 0 2 0 0 1 0 0 0 24 28 0 0 
0 5 44 0 8 0 0 0 37 20 0 24 0 0 21 0 0 6 0 0 0 4 0 18 37 48 0 0 0 0 18 0 25 49 6 0 0 0 0 38 0 0 10 0 0 0 0 7 5 33 7 18 45 0 33 0 0 0 0 6 10 0 45 0 0 9 24 0 0 0 26 10 0 0 31 47 0 0 0 0 36 33 26 0 7 0 47 46 0 0 6 0 0 0 39 8 0 33 0 0 29 28 6 0 0 9 37 0 48 0 3 40 0 35 35 0 0 0 1 25 0 0 0 42 33 0 0 31 22 0 0 0 1 0 0 0 10 11 36 0 35 45 0 0 38 19 0 8 13 0 0 0 49 9 0 31 0 0 13 0 29 0 16 21 0 0 24 2 0 0 0 0 
0 47 0 0 0 0 5 0 0 50 41 12 0 25 0 29 8 0 35 21 0 28 0 0 22 16 0 0 0 5 1 0 13 36 0 0 0 0 25 0 32 27 0 0 19 30 0 0 30 0 0 19 18 0 37 15 17 35 0 6 8 5 0 46 49 39 21 0 0 0 31 11 26 15 0 4 27 0 0 42 0 0 0 30 0 0 0 0 1 0 0 28 35 0 1 28 0 0 0 2 3 11 0 30 10 5 41 1 0 0 29 13 15 3 35 0 0 0 3 0 0 43 0 0 0 21 29 8 6 11 4 32 25 32 35 38 10 50 0 26 9 27 28 29 0 0 0 0 33 0 37 49 11 0 46 0 0 0 25 0 0 26 0 0 18 9 43 0 0 38 0 
0 0 9 1 34 0 0 0 0 23 0 0 46 0 0 0 11 8 0 0 0 0 23 45 0 0 49 0 8 0 23 5 12 50 14 0 0 45 12 0 0 0 25 25 0 0 18 0 44 0 27 33 0 0 0 0 33 10 49 0 0 0 0 0 0 30 10 49 25 0 0 47 0 39 21 0 6 12 0 26 0 25 0 0 19 0 0 46 0 36 29 0 0 0 0 4 0 42 38 42 0 0 5 0 10 1 0 33 0 4 34 0 44 22 0 38 1 13 0 0 4 30 0 0 43 34 42 28 8 0 49 10 0 46 39 6 0 32 3 0 17 37 33 30 0 49 0 0 7 0 2 29 23 0 30 6 5 0 0 0 0 0 3 0 22 32 9 20 19 0 
41 30 0 38 0 2 29 28 6 29 9 0 28 0 9 46 45 17 10 14 3 0 16 0 50 0 0 7 0 1 9 0 2 25 9 0 21 0 22 0 0 15 13 36 11 0 0 22 0 13 44 34 23 0 0 12 0 1 18 49 0 0 0 0 0 0 5 0 29 18 0 0 0 0 2 37 14 48 12 0 0 40 38 0 0 0 47 10 0 26 0 0 26 0 0 0 44 0 18 32 18 44 0 0 0 0 0 16 0 11 0 21 3 46 50 47 31 43 0 17 31 0 0 35 0 46 24 0 40 0 0 0 1 0 0 49 27 0 24 0 43 0 0 34 9 0 0 36 13 17 0 39 0 24 0 0 0 22 0 0 34 37 0 0 14 0 0 0 35 
0 34 0 49 0 17 8 17 0 3 19 35 0 43 6 31 20 0 0 0 0 0 0 47 0 0 5 0 0 0 0 0 17 0 39 0 0 0 0 31 34 2 39 0 34 23 16 0 0 0 19 0 26 0 22 31 3 0 0 37 0 23 4 44 0 0 0 22 0 0 0 0 38 0 48 0 0 0 0 45 4 0 33 0 0 34 0 0 44 0 0 7 40 8 22 34 38 48 0 0 45 34 0 0 28 0 0 20 0 0 10 42 18 9 0 31 0 48 47 0 48 45 0 16 38 31 0 0 0 0 0 0 0 0 0 17 0 26 17 15 0 23 0 0 42 1 38 0 22 24 13 0 50 31 0 0 9 0 16 0 1 0 0 0 0 41 1 40 
0 0 1 0 0 0 10 0 0 29 0 0 0 23 0 47 21 0 7 11 8 30 7 0 17 23 10 0 40 41 30 0 46 0 23 6 49 0 0 0 0 0 27 0 0 50 0 0 0 0 6 0 40 0 20 0 8 28 42 8 0 1 34 0 0 30 0 23 19 49 0 23 0 7 0 0 0 0 28 15 0 40 0 22 24 45 12 40 0 4 34 44 0 0 0 32 0 0 40 47 45 5 8 36 43 0 0 0 0 46 0 49 21 34 0 1 0 7 25 35 0 0 25 18 0 0 0 0 0 0 0 24 0 13 23 46 5 0 0 46 46 3 28 39 50 0 0 27 43 31 0 0 30 30 0 27 41 0 6 38 44 0 0 24 0 0 0 
0 37 39 0 0 36 1 0 36 47 12 0 0 2 0 16 29 20 4 0 28 33 0 0 33 0 0 0 0 30 0 44 30 6 50 34 48 0 7 26 21 10 0 28 0 43 0 0 0 0 0 0 43 0 0 2 0 0 0 0 28 15 6 0 0 40 36 0 33 0 17 9 50 0 0 0 0 0 0 41 0 49 0 0 18 0 0 45 0 37 0 0 16 0 20 0 0 0 44 22 0 36 12 0 8 0 37 0 0 0 18 0 0 36 0 0 0 0 0 31 49 0 5 45 50 9 34 7 0 13 0 0 38 0 0 24 0 14 23 0 0 0 0 0 0 0 0 13 24 8 0 0 4 29 41 0 0 0 9 0 0 3 49 0 0 9 
0 48 0 6 0 41 0 0 7 0 22 0 10 19 29 18 0 0 14 14 0 0 0 33 0 0 0 0 0 16 7 22 45 0 15 48 7 47 27 11 46 0 0 0 39 20 0 12 19 0 5 0 43 0 34 0 0 0 41 0 0 36 2 0 0 0 46 39 0 41 25 0 0 0 37 33 0 0 29 0 47 0 7 0 9 38 1 25 0 12 0 38 0 0 1 44 0 0 0 0 45 0 36 0 0 5 0 0 0 24 0 49 0 45 29 46 0 45 9 0 41 0 17 0 0 28 43 47 0 0 33 11 9 8 0 0 0 0 0 42 22 0 0 0 0 37 0 0 0 0 0 2 15 25 0 49 0 0 24 0 5 0 6 16 9 
0 42 0 0 0 3 35 0 0 35 0 0 0 0 0 0 0 0 39 0 0 0 0 0 5 0 0 0 0 29 0 21 0 31 19 0 37 50 18 2 3 0 38 44 0 19 24 20 0 18 7 18 0 0 0 0 0 32 0 0 20 0 16 28 0 0 9 25 0 28 43 0 0 11 0 0 33 38 33 0 42 4 43 13 48 0 24 14 21 21 0 18 0 0 0 16 0 0 0 0 49 0 0 28 6 0 37 0 0 41 29 26 15 0 42 0 39 48 20 0 34 0 27 0 0 24 26 22 0 39 40 24 31 20 4 45 0 35 24 24 3 0 25 0 0 25 16 36 42 1 47 0 0 33 0 0 39 44 6 14 34 0 0 3 
0 50 0 7 0 0 0 16 0 42 0 3 0 28 8 36 27 46 0 44 45 12 0 36 38 0 47 23 0 12 23 0 0 0 17 4 0 39 0 0 0 0 0 9 17 6 0 48 44 25 0 0 4 0 20 23 9 0 0 19 0 0 5 0 0 20 0 0 0 0 0 34 39 0 0 0 0 0 12 31 0 0 25 18 16 5 0 0 0 0 0 0 0 0 0 32 47 0 0 36 25 5 0 50 0 0 18 0 0 0 46 0 22 11 0 0 43 28 0 1 26 44 0 37 0 44 36 35 0 26 0 0 49 34 0 6 46 33 0 22 27 8 21 0 0 5 0 0 0 0 0 44 0 37 0 0 1 48 48 0 36 0 40 
19 50 0 0 29 0 0 0 0 21 44 0 0 0 0 0 30 49 47 21 0 0 46 21 28 15 28 12 0 0 20 0 0 50 31 11 0 0 9 28 0 29 0 0 0 49 0 0 0 34 3 0 21 30 0 0 0 0 34 15 0 0 50 3 44 0 0 0 18 0 36 0 49 0 26 7 13 0 30 18 34 0 25 0 0 0 0 0 45 0 43 0 0 36 28 17 13 50 0 0 41 46 35 26 0 42 0 0 0 47 0 0 0 0 0 0 0 0 12 0 0 0 0 41 48 5 35 0 18 48 21 29 13 0 13 46 8 15 33 33 0 0 31 0 0 22 15 10 0 0 46 0 0 4 27 0 22 27 33 11 10 45 
43 0 47 0 49 0 0 0 0 0 0 0 22 0 0 33 0 0 9 0 0 0 0 18 0 0 0 0 28 27 0 0 1 0 0 43 11 23 36 10 21 29 9 2 0 0 0 0 0 11 23 21 33 43 0 40 29 0 50 19 0 36 23 47 0 1 0 27 0 0 0 0 0 0 7 0 16 0 45 0 0 36 27 0 0 12 19 0 0 0 0 15 15 0 0 0 21 25 0 0 0 0 35 50 0 8 1 0 0 0 0 0 0 30 0 0 0 40 33 6 0 0 37 32 0 0 42 47 0 17 0 0 10 49 28 0 44 19 0 7 33 1 41 0 5 0 28 0 18 0 10 23 50 0 0 24 4 0 28 18 0 
25 0 16 31 0 0 0 25 0 0 29 0 14 38 0 22 0 34 7 20 40 31 0 0 0 44 0 0 2 3 37 0 38 45 0 22 0 34 0 0 6 32 44 7 0 0 37 9 12 0 25 0 14 0 0 42 0 23 17 44 32 0 0 45 0 0 0 40 1 0 26 42 0 0 22 0 19 0 10 0 1 0 0 0 4 0 0 0 0 0 0 2 34 0 10 3 29 0 46 27 15 0 0 0 0 0 27 2 20 0 0 0 20 9 0 4 46 32 49 6 13 0 18 0 45 7 0 0 0 46 0 31 0 48 23 43 20 18 0 0 0 19 18 0 0 43 0 14 0 0 0 0 0 26 0 0 0 0 0 9 
33 0 0 9 36 0 0 0 35 0 37 0 0 0 0 19 0 0 18 0 3 44 0 0 0 0 0 33 0 34 15 0 0 0 0 0 13 0 18 0 0 0 0 0 0 26 0 47 10 0 0 22 0 22 49 1 16 0 0 40 3 8 8 27 0 27 0 2 0 47 0 0 40 29 0 24 33 0 27 0 29 0 0 0 19 10 21 50 0 0 0 0 0 4 8 0 0 0 29 0 6 28 0 0 33 4 0 5 18 0 17 18 40 0 13 0 0 0 26 0 0 11 0 33 0 24 4 0 0 0 21 0 48 1 0 34 45 0 0 0 0 36 8 37 0 0 19 0 0 0 4 16 0 22 0 17 46 0 0 
12 30 0 0 0 0 6 46 0 15 0 0 37 33 44 50 0 0 6 2 0 0 14 0 0 3 0 0 0 0 16 46 33 0 0 4 50 0 0 0 12 0 0 0 46 0 0 22 0 29 0 0 0 31 20 26 0 0 0 0 0 0 46 2 0 32 0 0 19 0 0 36 0 14 0 0 0 24 13 0 50 0 0 45 0 0 23 1 9 10 0 0 12 0 40 23 37 0 11 0 41 0 0 43 0 0 35 25 0 0 38 38 19 0 0 0 0 0 0 20 0 0 0 8 35 37 0 0 8 9 0 17 0 47 46 49 9 0 43 8 22 0 8 28 13 1 0 17 0 0 0 0 0 2 43 0 0 0 
36 33 0 48 0 0 0 7 0 0 0 36 45 0 17 15 25 37 0 0 0 15 31 37 0 36 0 42 18 42 33 0 0 0 0 0 39 0 0 0 0 0 3 0 0 0 28 0 45 0 10 44 9 0 8 0 31 10 0 44 0 0 26 0 0 7 0 0 45 11 0 0 0 3 23 48 0 0 22 0 11 20 28 42 50 0 0 0 39 37 0 0 31 2 0 0 0 0 8 2 10 41 49 0 30 0 43 50 0 28 15 35 50 0 0 0 49 0 41 35 24 30 5 26 0 15 0 44 0 0 0 35 0 0 2 42 0 10 26 20 0 0 0 0 0 0 0 0 0 0 42 30 44 0 0 0 2 
10 0 0 11 39 28 8 39 0 37 0 0 46 3 0 13 0 12 0 32 0 1 0 28 0 0 0 0 33 18 50 15 35 22 0 11 0 14 0 0 6 0 15 0 0 28 37 0 21 0 19 36 4 0 0 17 26 20 0 0 12 0 22 0 3 47 8 20 0 5 12 19 13 0 0 3 18 25 34 19 17 37 0 47 7 2 0 4 0 0 25 42 36 16 0 16 6 0 13 0 45 9 0 0 19 29 27 0 0 0 35 0 0 6 0 17 20 44 21 1 50 3 0 0 0 0 0 46 4 0 15 44 0 43 0 50 0 39 0 50 29 25 28 0 0 23 0 7 48 0 32 0 10 0 0 47 
0 33 0 0 1 0 0 15 0 30 0 0 0 0 0 0 16 36 15 20 34 0 0 47 15 25 38 0 1 41 0 0 13 0 35 43 0 0 1 35 30 0 8 0 0 12 0 0 0 12 4 47 22 2 45 5 0 0 49 0 0 16 0 6 0 0 0 0 0 3 0 0 0 0 0 34 35 12 18 43 40 0 12 0 0 4 30 0 38 0 0 35 50 0 0 0 18 0 0 13 12 45 27 0 32 0 0 35 34 0 0 3 0 0 44 0 14 0 0 13 0 23 0 17 0 27 31 23 48 0 5 0 0 0 31 0 0 8 4 2 7 0 35 0 0 0 49 42 0 0 0 27 0 16 0 
0 0 0 27 0 39 44 0 17 48 6 0 7 7 14 0 0 0 0 0 0 0 0 47 9 0 2 25 0 0 30 0 0 50 1 38 0 0 49 0 6 48 0 0 0 0 0 0 0 0 46 0 0 2 10 0 49 4 0 36 0 28 34 28 0 9 0 0 0 36 0 37 24 0 9 0 12 26 12 24 0 0 0 43 17 47 0 0 0 0 9 27 0 39 0 23 0 2 0 25 20 0 0 10 0 0 0 49 5 0 0 0 18 0 16 0 0 25 3 0 0 39 0 40 8 20 0 19 0 0 0 0 15 44 0 9 4 25 7 9 0 0 0 24 8 25 0 16 31 5 24 48 16 4 
48 13 30 0 0 0 45 0 26 24 10 0 0 0 40 0 0 1 0 29 39 0 5 31 0 0 0 27 0 0 0 32 0 43 12 0 0 37 40 50 0 33 0 0 0 0 0 0 0 0 31 0 0 0 2 45 12 28 39 0 0 15 24 20 0 6 0 23 8 0 0 27 0 21 20 46 5 0 9 0 0 5 44 32 49 40 0 0 29 0 0 27 28 0 0 0 45 41 25 0 23 11 40 29 12 28 0 0 29 27 0 0 10 0 37 0 30 22 0 23 0 0 0 0 0 0 0 36 11 0 7 0 8 0 0 0 0 18 36 0 0 0 0 0 30 0 38 15 49 0 0 0 17 
5 45 0 48 30 44 48 38 0 49 40 36 27 13 30 2 0 2 48 0 0 0 0 9 0 31 28 3 0 11 49 0 0 0 29 0 0 0 14 2 0 48 0 0 35 38 0 0 30 0 0 0 35 0 0 35 43 0 0 0 0 0 0 39 0 0 20 0 0 0 33 43 13 0 0 36 0 0 24 13 0 46 0 0 0 5 0 0 0 0 0 35 24 0 0 0 31 25 33 1 10 0 0 12 0 21 8 2 22 0 0 0 9 0 49 8 39 0 0 0 0 35 15 5 33 6 0 0 0 0 0 0 0 12 0 22 0 0 0 0 39 0 0 0 0 0 0 21 0 14 30 0 
26 0 24 33 0 0 0 2 0 17 13 48 6 0 0 0 0 32 0 25 0 44 0 0 29 6 12 0 18 0 0 42 0 0 12 15 0 0 0 0 0 0 0 0 0 0 28 25 0 0 0 35 0 0 16 39 0 0 0 42 20 0 5 0 0 0 0 11 0 0 0 0 0 0 48 0 0 43 0 4 13 29 0 30 0 0 0 33 29 16 43 42 43 48 38 0 6 24 13 0 0 6 5 0 4 0 39 0 0 0 0 43 37 0 1 44 0 24 17 0 2 0 30 0 19 43 27 0 0 0 0 0 33 19 16 6 0 26 23 0 30 26 0 15 0 8 0 0 0 37 41 
0 0 17 23 37 0 0 0 0 0 0 0 16 0 0 0 0 0 49 0 0 16 16 6 46 0 0 22 0 0 27 42 0 29 16 47 0 36 0 21 0 0 35 0 0 28 36 0 6 0 39 0 0 25 0 32 20 24 0 28 39 0 0 0 0 13 0 0 0 0 0 0 0 37 4 0 0 0 0 0 32 20 39 24 16 0 0 0 25 0 0 0 12 0 0 0 20 0 30 0 0 46 27 25 18 22 44 1 11 0 0 0 34 0 0 11 0 0 0 39 0 0 23 0 25 0 22 41 0 41 0 0 0 0 44 19 11 17 45 0 0 43 10 0 0 31 0 33 4 1 
0 0 48 25 38 35 37 0 0 0 32 0 3 34 0 39 0 40 43 50 42 0 22 0 0 0 0 0 28 25 45 0 45 0 0 21 13 0 0 19 29 0 0 0 0 0 0 7 16 0 48 0 18 28 0 11 12 24 0 23 31 0 0 41 0 22 26 20 26 25 0 34 0 28 0 2 0 26 0 0 30 49 24 19 25 16 0 0 0 0 0 0 29 28 19 0 0 25 19 0 50 46 6 0 18 37 0 0 4 0 3 22 0 3 20 46 0 0 4 49 18 34 0 0 0 0 18 33 0 1 0 0 19 26 0 0 0 0 18 29 1 28 0 0 23 37 0 37 48 
0 0 0 39 0 0 0 0 35 50 0 9 7 0 0 40 46 10 45 31 0 9 44 0 39 0 0 0 0 0 0 37 26 0 5 29 0 0 0 31 4 0 24 14 0 37 10 45 0 0 10 0 16 0 0 0 0 0 6 0 0 0 0 49 0 23 0 19 48 0 10 0 0 0 17 0 0 0 34 34 36 26 0 36 0 28 21 11 0 0 17 0 0 0 37 0 0 0 0 0 0 0 0 0 35 0 0 3 0 0 47 43 33 0 0 20 0 0 44 0 0 22 37 0 29 17 0 0 31 0 3 0 0 0 0 39 0 0 0 27 0 26 0 30 50 46 0 0 
0 0 0 0 21 0 35 30 41 8 12 28 25 0 3 0 23 48 8 42 10 0 0 6 0 5 0 0 43 45 7 30 39 17 34 0 6 43 0 0 0 40 0 0 46 0 26 0 0 7 38 0 8 5 41 45 16 32 36 0 0 0 0 4 7 0 0 0 26 0 50 3 46 42 0 0 18 0 0 3 4 0 0 0 9 35 0 48 0 0 0 10 11 0 0 45 0 0 0 0 28 0 24 42 0 30 1 0 0 9 0 0 10 0 0 0 0 0 0 46 33 0 0 0 34 32 0 0 0 36 0 0 0 0 44 14 0 34 0 38 0 0 33 0 15 0 0 
37 33 31 1 0 0 0 49 0 11 0 0 47 46 0 48 0 26 37 26 38 0 0 0 0 0 0 0 0 6 15 15 0 23 36 12 42 22 0 0 0 15 31 19 1 0 7 1 0 0 0 0 41 7 44 0 0 0 37 11 15 0 29 0 5 0 48 17 0 15 1 0 0 0 26 27 0 0 17 23 31 9 26 38 24 9 25 25 0 32 13 46 50 20 49 4 0 42 41 0 41 22 20 0 0 23 0 43 0 0 0 0 0 12 0 0 30 0 0 14 0 47 23 31 46 0 23 0 19 29 23 28 7 0 0 36 0 0 0 48 39 0 0 0 32 0 
5 36 0 0 36 0 0 0 0 22 5 0 24 15 0 0 28 37 0 0 0 19 0 0 0 0 19 0 0 38 0 12 0 48 0 0 45 0 41 26 13 0 0 2 0 0 49 0 42 0 41 40 0 0 36 6 18 14 1 22 20 2 5 41 6 0 0 46 32 0 0 0 0 0 41 25 0 41 16 40 24 50 0 13 2 0 0 0 0 20 27 0 20 17 0 47 0 0 0 0 0 0 35 0 0 32 0 19 0 0 11 0 19 0 0 0 0 26 27 0 0 8 38 38 0 0 49 0 0 3 43 0 0 28 43 16 36 11 0 0 0 13 0 24 0 
0 0 8 29 6 0 6 19 22 5 7 28 43 0 0 0 0 0 0 24 35 39 45 0 42 25 0 23 31 0 0 0 9 0 38 34 0 0 0 6 0 0 22 50 0 0 0 0 0 0 26 15 6 11 0 32 31 0 0 13 4 0 25 30 22 0 0 0 8 0 18 36 38 7 0 35 5 26 0 0 25 0 0 30 38 0 0 10 0 34 0 0 30 0 29 0 0 0 1 48 0 0 46 9 0 0 49 0 0 0 0 0 0 23 16 20 41 0 40 0 0 1 0 0 0 0 36 0 17 0 39 0 0 0 0 33 0 0 0 0 45 32 0 14 
17 0 36 0 0 48 0 46 0 0 0 0 20 25 0 31 0 45 0 49 6 15 27 0 0 50 0 8 22 0 42 0 0 0 6 5 0 0 0 0 10 0 0 0 21 0 0 0 0 48 29 47 34 3 0 0 49 0 4 43 0 7 0 0 0 24 0 0 26 38 0 11 17 36 0 0 0 11 18 0 32 48 13 0 0 12 8 0 0 0 34 0 14 0 28 38 31 0 8 0 0 14 1 0 20 37 0 11 30 46 0 0 33 0 19 0 7 14 12 36 0 0 20 0 0 44 0 49 0 3 15 29 0 0 13 16 0 0 0 13 0 0 31 
0 37 0 0 12 0 48 20 0 25 19 18 33 12 32 37 0 0 0 5 0 2 9 23 0 0 0 0 4 22 0 0 6 20 33 0 30 0 0 0 11 30 27 28 33 0 43 2 0 15 19 10 20 23 15 0 0 0 47 1 32 21 0 36 30 31 25 3 21 9 10 38 31 0 0 0 6 0 37 23 31 15 7 50 0 46 4 8 43 0 0 0 0 44 0 25 6 0 17 0 18 21 28 0 0 0 38 2 11 0 0 4 0 23 0 11 0 0 44 0 22 24 0 34 0 46 0 16 0 9 46 43 0 0 0 0 48 4 17 0 26 24 
16 0 4 0 0 0 32 0 0 0 2 4 0 0 0 0 39 40 47 0 5 49 0 0 0 0 0 5 33 0 3 2 45 5 1 42 0 37 15 0 33 37 27 0 49 24 0 3 0 0 24 0 0 24 0 33 15 0 0 22 0 0 28 0 0 0 0 0 40 1 0 10 49 0 6 0 0 21 41 8 0 15 0 42 0 0 16 0 0 19 20 10 0 46 0 0 32 0 0 34 0 0 0 0 6 0 0 38 40 0 23 0 25 0 47 0 0 0 0 28 16 0 27 0 0 25 0 17 32 0 35 22 50 0 38 41 0 21 28 0 2 
0 0 0 0 0 28 27 21 37 0 10 0 12 0 43 15 0 48 0 18 8 0 33 3 0 0 31 0 46 10 0 0 19 36 35 50 0 0 0 0 0 12 4 4 0 41 0 50 0 38 21 24 0 0 0 22 0 0 31 0 40 0 0 22 0 24 34 0 19 0 0 37 20 15 36 28 0 18 9 5 22 0 3 0 0 32 36 0 0 20 0 0 27 47 0 0 30 40 21 0 7 0 20 0 0 0 6 0 17 0 14 38 0 0 0 7 23 40 0 1 0 27 29 19 0 0 26 0 44 0 11 0 9 0 10 16 23 47 7 40 
0 0 28 50 34 0 0 7 31 31 0 0 29 0 34 0 27 41 16 45 16 37 25 29 21 21 21 42 0 29 0 41 2 0 0 0 0 34 0 0 0 42 0 0 14 0 12 49 0 27 0 0 0 0 37 7 0 7 0 0 0 50 26 0 31 21 0 12 0 23 5 0 0 0 0 12 0 42 43 49 0 0 31 0 0 48 0 0 0 0 25 0 0 0 0 35 0 0 24 0 0 0 32 0 8 0 0 38 14 18 31 8 0 8 20 48 38 4 39 0 33 0 0 9 22 12 38 5 32 0 47 13 0 19 0 8 33 36 30 
19 49 4 39 0 0 0 0 0 0 41 28 0 0 15 0 30 0 0 0 6 0 0 41 0 36 0 30 15 31 8 0 20 30 31 0 34 0 0 0 34 0 13 0 39 47 36 0 36 14 27 50 0 35 0 0 25 0 37 26 0 0 50 36 0 31 29 2 0 0 5 0 32 21 43 3 0 4 22 0 6 0 0 13 0 0 21 47 0 0 0 49 19 0 0 44 0 0 43 0 46 0 0 24 0 1 0 26 0 11 38 0 43 39 25 1 0 0 0 0 0 0 50 45 0 0 0 48 16 20 0 0 0 0 0 0 34 22 
11 0 0 0 0 5 0 24 0 0 0 44 0 0 0 40 19 22 0 0 0 0 25 0 0 38 48 0 1 15 23 0 10 20 41 47 45 0 36 18 0 49 10 32 0 0 27 0 34 0 21 38 0 15 0 23 0 12 13 0 0 1 0 9 48 0 0 37 0 0 0 0 0 0 9 0 16 6 3 0 0 0 42 44 0 0 34 27 25 0 16 42 49 0 0 12 43 0 43 0 0 50 1 23 0 27 0 0 3 0 0 0 39 35 43 40 0 0 21 2 24 0 0 0 4 0 0 0 0 9 30 39 43 0 38 27 4 
0 36 5 17 14 36 0 0 0 10 0 0 0 0 0 0 0 24 14 7 0 25 26 18 1 0 49 32 0 22 0 0 0 0 11 0 0 42 16 0 0 50 4 30 14 9 24 0 0 25 44 0 34 0 0 26 0 15 19 0 0 24 5 0 2 33 0 0 18 0 0 37 1 0 38 25 0 0 40 0 0 0 0 49 50 0 50 0 0 16 29 0 0 46 0 0 0 0 0 2 1 40 0 0 0 4 0 32 0 0 0 0 0 50 0 47 26 37 49 38 0 0 0 45 30 45 49 0 0 0 19 0 11 0 28 0 
0 0 0 47 0 20 0 0 30 19 38 29 0 0 0 0 0 0 0 0 0 0 34 0 0 0 30 0 45 5 0 21 9 25 0 0 38 35 21 0 20 0 24 6 13 0 42 2 0 0 43 0 0 14 0 0 50 0 7 50 0 0 0 0 0 0 47 0 0 0 0 9 7 0 0 8 8 0 0 0 17 0 0 21 0 33 24 0 0 0 0 0 0 0 0 2 1 0 23 0 0 1 14 40 0 45 0 33 0 13 35 0 0 0 0 0 0 22 0 0 29 20 0 47 0 0 42 0 48 0 0 19 11 47 15 
5 0 0 34 0 0 15 13 0 0 3 0 0 0 45 6 0 43 17 0 45 0 42 5 0 0 47 50 0 0 0 7 0 6 0 1 6 0 0 0 19 28 8 4 29 3 0 0 0 0 48 0 28 0 0 0 13 0 18 0 9 5 0 30 0 2 37 0 0 4 0 0 0 8 0 6 20 0 47 0 37 5 21 41 0 48 0 0 0 0 16 36 0 0 0 0 0 0 31 42 41 21 0 47 0 0 13 0 0 0 0 0 31 21 0 46 0 7 0 10 48 0 35 32 30 0 0 32 9 50 16 5 0 0 
30 3 0 0 17 20 50 31 5 0 0 20 0 0 0 0 46 0 48 33 26 20 6 16 0 0 21 0 18 40 0 0 41 47 0 0 13 7 37 0 21 0 11 0 0 21 45 11 0 3 47 14 0 0 6 0 19 0 0 0 0 49 47 39 0 5 0 13 0 22 0 0 0 0 42 0 0 0 29 18 5 43 0 0 0 8 0 0 0 0 0 28 35 0 28 0 48 0 0 0 0 14 33 35 1 0 40 0 0 16 0 20 0 45 0 31 30 0 0 28 0 0 0 13 0 31 0 18 0 0 14 0 24 
0 0 5 50 0 0 0 0 0 0 8 5 0 21 35 25 0 36 0 0 0 10 0 0 0 0 5 46 0 0 0 0 47 0 0 26 11 0 36 12 0 0 0 37 41 47 5 24 0 21 41 13 44 0 0 0 40 0 30 0 0 35 3 28 0 19 0 0 41 26 11 45 41 43 4 0 14 0 0 6 0 0 0 47 0 20 45 0 0 0 8 17 18 15 0 0 0 38 13 39 0 0 2 47 0 17 15 0 40 0 0 22 31 3 0 11 19 43 0 0 0 0 10 38 0 0 0 0 25 14 0 19 
1 41 0 26 22 32 0 24 0 0 0 12 13 0 0 22 7 14 36 27 20 49 8 9 0 0 23 0 27 15 0 9 0 26 0 0 3 0 0 42 0 0 0 0 0 0 0 0 23 3 22 3 28 0 0 0 9 41 0 0 0 18 9 0 0 39 16 31 28 0 45 34 35 0 26 28 11 16 44 18 0 0 40 35 15 0 11 0 0 9 50 0 39 19 32 0 24 0 48 36 14 46 17 0 0 30 27 17 0 5 34 27 23 0 0 0 0 0 21 0 0 20 0 0 0 0 0 18 3 30 35 
0 8 24 0 5 0 0 0 20 0 42 0 43 0 0 33 0 45 49 0 11 0 33 0 3 24 13 47 0 0 34 0 0 27 0 32 6 14 47 20 0 0 49 0 0 42 16 0 0 0 0 22 25 41 0 43 42 6 17 0 37 0 0 30 0 27 0 27 0 0 0 11 44 28 29 26 10 0 0 38 13 0 0 0 37 48 31 0 0 25 1 17 29 3 0 0 0 1 46 3 0 0 0 33 0 48 0 0 46 0 0 24 0 19 42 45 19 10 37 0 38 14 0 17 0 0 0 0 0 0 
0 50 25 37 0 35 0 0 0 0 42 0 0 50 0 0 0 0 0 0 0 36 0 0 0 0 47 0 26 0 21 0 0 0 8 16 11 43 12 0 0 50 0 0 10 14 27 7 0 15 0 0 16 0 0 0 0 0 17 46 2 0 0 0 23 13 20 8 0 27 33 24 43 0 0 42 10 0 29 50 0 0 0 0 29 0 0 1 14 20 15 0 4 22 48 0 0 0 0 0 42 0 36 0 6 37 0 3 0 19 0 19 0 0 5 0 0 48 47 0 0 47 0 0 0 16 0 0 22 
0 12 0 47 0 5 2 0 14 30 0 0 35 15 0 32 0 22 0 30 0 11 41 0 48 0 0 0 0 47 22 0 34 25 0 45 0 25 29 0 0 45 25 15 40 37 29 46 20 0 0 8 0 0 6 0 0 0 0 0 0 0 49 0 0 0 14 10 0 0 32 40 47 0 26 36 41 0 35 0 27 50 30 37 12 0 10 0 0 50 16 44 43 0 0 0 0 20 44 0 0 26 0 0 46 10 50 15 0 14 26 32 0 31 16 0 0 8 14 6 0 34 28 0 0 0 0 3 
16 15 0 36 23 3 0 0 0 2 0 41 0 44 11 0 6 22 43 0 25 0 0 0 0 27 15 0 0 0 7 0 16 2 38 0 0 9 10 15 0 0 0 44 0 50 0 0 6 16 15 0 0 0 8 21 0 0 0 0 25 46 30 18 12 0 14 0 0 0 23 35 44 0 21 30 0 7 14 0 0 48 22 0 30 0 16 42 0 27 0 21 0 0 0 0 0 14 26 31 0 2 0 0 0 30 14 0 40 0 0 9 0 21 29 0 0 0 0 0 45 3 0 0 0 2 37 
41 0 0 12 2 14 1 0 40 0 0 0 8 0 23 0 34 43 3 47 0 0 0 46 0 0 0 9 7 34 0 0 0 21 30 45 0 0 11 33 22 0 0 0 0 20 32 0 46 12 0 28 0 0 39 0 0 50 0 0 24 0 18 27 38 6 0 45 30 0 0 20 34 0 5 32 15 0 0 19 0 0 0 0 0 0 0 0 34 40 19 41 0 1 46 42 7 22 0 4 9 2 32 0 0 6 0 25 40 38 37 0 0 24 0 0 7 0 0 37 8 6 0 16 0 43 
0 0 0 1 0 25 0 0 0 4 38 41 45 36 0 14 0 33 0 0 32 18 0 33 15 0 0 0 14 21 0 0 44 38 0 0 26 0 0 0 45 29 21 37 23 41 0 3 8 44 0 31 0 0 4 0 0 3 47 0 0 0 50 0 0 0 24 28 48 32 0 0 18 20 0 8 30 0 0 24 9 0 0 35 0 0 0 0 22 18 39 0 40 0 0 0 28 0 32 3 0 1 27 0 7 50 0 0 0 28 15 0 47 5 0 24 0 0 37 1 0 15 0 7 6 
0 0 32 14 20 0 2 0 0 16 0 0 25 8 0 9 0 0 50 50 0 41 50 27 0 33 0 18 0 0 0 45 0 0 25 0 21 0 48 0 31 8 18 0 0 0 7 17 7 0 0 21 0 42 0 14 15 0 50 33 33 17 0 0 0 8 16 11 0 0 0 0 0 0 34 0 0 0 2 8 37 0 0 0 0 0 0 4 0 0 32 13 0 0 24 0 0 0 0 0 0 10 0 33 0 0 41 0 0 0 0 0 0 49 0 18 0 15 0 0 0 49 0 29 
0 0 17 0 0 0 1 9 2 0 0 32 0 0 29 0 42 48 0 0 12 0 0 0 0 29 5 25 0 0 0 7 43 15 16 50 0 0 34 0 6 15 13 10 0 30 40 0 0 26 0 29 0 46 34 26 6 32 0 22 29 0 0 0 23 3 0 0 29 0 0 38 28 24 30 0 19 0 0 0 0 0 0 0 0 14 27 29 36 0 0 0 0 0 0 21 0 0 0 2 0 50 0 0 23 26 0 27 10 0 0 28 0 0 0 0 0 0 6 0 13 39 0 
34 39 0 21 40 43 0 0 42 0 0 0 0 0 35 14 24 2 20 12 0 0 0 43 40 33 1 0 0 0 0 11 0 0 0 4 0 34 23 0 0 26 12 0 13 0 0 0 35 6 0 0 4 17 46 0 21 0 49 0 47 0 0 0 50 22 0 7 0 43 46 0 13 0 10 0 0 25 38 0 0 0 27 39 0 44 0 0 0 0 0 0 14 0 0 0 0 9 1 0 0 31 15 0 44 7 38 0 30 8 17 2 0 0 0 0 4 13 0 0 0 41 
29 16 13 35 33 49 25 11 0 47 35 0 0 0 0 29 49 30 0 0 45 5 28 0 0 49 40 47 33 14 11 12 46 0 38 25 0 0 0 0 0 23 0 0 49 8 48 28 27 44 19 0 25 15 6 14 38 48 0 15 17 9 15 0 0 0 29 0 27 18 0 23 15 40 0 42 0 0 17 0 0 0 0 23 44 0 0 0 6 7 0 15 0 28 50 0 0 19 0 0 0 0 0 20 0 0 0 7 0 0 10 0 49 0 46 0 0 3 3 23 0 
0 0 0 35 0 19 22 0 43 0 25 0 0 0 0 0 26 0 23 33 26 9 0 0 0 0 0 16 0 28 4 8 0 0 0 0 0 18 8 0 6 0 0 6 49 0 0 0 6 24 0 8 48 0 0 0 0 4 0 0 0 6 18 0 9 22 5 0 0 0 0 38 11 0 45 35 50 0 37 0 22 0 0 39 25 0 0 14 0 38 0 41 44 23 27 0 25 43 0 0 0 0 46 31 48 0 42 50 4 7 2 0 0 0 0 0 0 41 25 20 
3 47 0 10 0 0 20 0 39 4 0 0 0 0 49 14 46 0 38 31 37 15 18 0 0 47 11 0 35 0 0 27 43 0 0 0 0 39 7 10 5 12 47 0 46 22 14 0 48 2 0 2 0 29 0 0 27 38 0 49 0 46 4 0 0 0 0 1 0 47 24 0 0 37 30 6 0 0 0 0 0 0 17 28 5 14 37 0 28 0 0 0 0 33 23 10 0 0 0 44 19 44 35 21 43 0 0 0 15 0 0 0 0 10 19 0 22 45 0 
6 0 49 36 0 47 36 0 0 0 4 12 22 12 3 0 20 0 0 10 0 8 0 0 0 0 34 0 0 0 23 0 0 6 0 33 48 36 47 50 0 7 35 35 22 38 47 48 0 28 38 0 44 6 0 45 49 0 7 20 0 0 0 0 0 49 50 0 5 33 0 37 19 46 0 16 49 0 5 0 0 27 0 0 39 0 0 40 11 0 9 39 33 2 44 0 40 0 8 0 27 7 47 28 21 0 0 0 44 18 0 38 30 0 29 0 0 5 
23 0 0 0 36 7 0 37 42 0 8 0 0 0 23 36 0 0 18 0 28 41 0 44 43 44 0 0 0 0 0 25 39 0 0 33 8 31 47 30 0 0 50 36 17 48 7 4 0 0 34 39 45 12 0 0 0 36 0 29 7 39 17 0 48 32 0 21 15 0 32 50 29 38 26 8 4 25 9 2 7 8 0 0 0 18 0 0 0 35 0 0 18 48 0 14 48 4 0 8 0 0 0 24 16 0 9 40 43 50 0 0 9 12 41 0 49 
29 24 36 0 25 0 0 40 3 18 0 31 0 2 0 24 0 28 0 45 0 0 26 14 0 31 18 45 0 0 13 16 0 7 0 0 0 8 47 0 0 47 0 0 0 0 9 44 0 0 0 27 34 0 38 0 14 16 0 44 0 0 38 13 0 0 16 11 0 28 7 0 0 0 44 3 20 0 0 0 26 13 37 18 0 39 47 0 0 18 28 30 38 29 11 3 46 0 0 0 0 0 33 0 27 39 8 16 0 0 36 0 0 0 2 39 
0 1 44 6 12 10 0 48 8 47 0 10 0 0 19 11 0 0 20 11 0 44 0 34 43 17 0 9 0 0 0 41 6 26 48 0 31 0 12 0 37 0 0 0 6 22 10 18 0 0 0 42 26 0 25 18 0 34 0 43 18 0 0 43 0 38 31 0 49 0 32 41 41 0 16 38 48 0 38 3 2 0 31 0 42 18 14 34 0 0 0 29 0 0 0 46 0 0 0 3 0 13 0 0 0 43 1 14 0 0 42 7 0 33 41 
0 0 0 0 28 0 32 18 48 32 0 0 34 0 38 38 31 0 0 44 0 37 0 46 0 0 26 4 0 0 0 0 43 0 0 49 0 16 0 0 12 0 0 28 0 0 11 49 39 21 0 0 37 0 0 5 14 0 41 7 0 20 5 1 0 39 18 0 0 0 0 0 0 0 0 25 50 11 17 31 45 6 39 45 22 49 29 40 0 8 0 36 0 23 26 36 0 0 49 45 18 22 28 0 0 0 1 0 5 6 0 21 15 2 
25 0 0 0 5 0 33 7 0 0 33 0 0 10 0 33 23 42 0 29 50 0 8 22 25 22 0 30 0 0 0 0 19 0 15 0 23 0 21 26 0 0 40 45 0 21 0 0 0 0 0 0 42 0 48 37 48 33 0 25 0 22 11 23 0 0 0 48 0 5 24 0 17 6 0 0 0 0 11 0 0 0 0 40 0 9 0 0 8 41 0 0 0 5 0 48 0 0 0 27 0 5 0 33 0 0 0 13 15 41 13 0 0 
30 0 0 0 34 0 0 29 0 0 0 10 27 11 0 39 32 0 49 27 0 21 19 10 0 13 7 10 0 47 15 0 0 46 17 0 0 22 41 2 0 38 0 0 10 24 1 0 49 9 0 7 0 0 31 0 36 0 40 6 7 0 0 39 3 0 0 0 2 0 45 22 0 32 44 10 0 18 11 0 0 0 0 7 28 42 33 0 4 38 0 41 0 0 1 8 14 5 0 18 0 26 0 42 0 0 0 0 27 0 8 38 
7 0 0 42 0 16 10 0 0 43 35 30 47 36 0 1 0 41 0 0 36 0 14 28 24 14 38 5 12 0 0 0 22 50 0 0 0 0 0 0 0 0 0 37 0 0 0 0 0 8 43 3 31 15 0 30 0 45 41 0 0 0 6 0 40 0 0 0 15 23 0 0 0 17 0 0 0 0 0 3 24 0 0 0 15 0 16 8 6 0 0 19 0 35 0 29 49 0 0 0 0 31 29 9 0 1 2 15 14 9 0 
0 0 19 0 5 1 0 16 0 17 48 0 0 2 38 0 0 0 0 39 9 0 0 25 20 0 48 48 0 0 6 15 38 3 0 0 0 41 45 0 0 45 0 0 22 0 30 0 10 0 0 37 0 5 49 43 0 47 0 8 0 22 20 27 11 0 34 36 0 0 0 14 23 0 0 0 24 9 0 0 0 0 47 3 0 0 3 39 0 27 32 0 0 29 22 8 0 29 33 0 0 0 0 6 41 35 0 49 0 5 
0 16 0 0 0 3 0 0 0 49 0 0 0 0 50 0 48 19 0 0 0 0 0 0 0 0 0 48 0 30 24 1 20 0 0 3 0 49 0 0 0 0 34 0 0 7 12 0 0 0 0 50 0 12 0 48 45 11 0 23 0 3 44 20 18 0 13 47 0 0 12 20 0 15 38 48 16 11 0 40 14 0 21 0 25 39 9 50 33 0 0 8 0 32 0 0 0 21 2 10 45 0 0 0 0 12 25 45 34 
0 0 0 0 0 0 45 0 0 36 0 0 6 12 20 0 0 22 0 0 2 0 36 7 0 9 28 42 36 0 7 38 0 46 0 0 6 0 45 22 0 0 0 38 0 0 16 0 0 0 0 0 47 48 19 31 0 0 0 0 0 0 15 0 1 0 19 38 0 5 33 34 0 0 0 3 31 0 0 0 25 12 0 24 41 42 2 0 42 16 0 0 0 0 41 33 38 0 15 12 0 0 6 50 0 40 0 45 
34 0 24 0 46 39 0 24 36 0 37 17 25 6 13 14 26 1 0 18 12 2 6 17 0 12 0 0 33 12 8 0 25 0 47 0 0 41 37 2 0 0 36 0 48 33 13 0 12 0 0 39 41 0 44 8 45 0 46 34 0 42 48 37 0 0 20 11 0 11 8 45 0 0 0 0 0 3 15 3 0 32 39 0 10 2 13 37 20 0 10 0 0 50 0 0 0 41 36 11 0 0 11 0 35 40 0 
49 0 47 0 0 46 40 0 0 8 3 50 11 29 0 0 0 0 50 0 0 0 2 5 0 0 24 33 35 19 7 17 26 16 0 0 0 32 0 0 0 0 0 16 29 33 24 34 35 47 23 0 21 46 0 47 0 0 0 0 41 5 0 0 0 0 41 0 0 0 9 0 30 2 0 5 0 43 17 26 24 0 29 0 0 16 21 0 0 30 13 23 14 24 0 15 41 0 0 1 42 0 31 0 7 0 
3 0 8 0 2 48 48 38 40 0 0 0 0 37 25 0 0 3 23 49 44 0 0 34 0 9 42 11 0 0 36 0 40 0 41 34 1 1 0 0 9 36 0 0 0 0 1 0 47 9 0 37 44 35 0 44 0 0 4 0 0 36 39 3 46 12 0 31 0 27 45 20 0 0 0 11 0 0 0 36 29 26 41 39 8 0 0 0 48 13 45 0 49 0 0 6 0 4 0 41 0 49 0 10 3 
41 45 0 0 5 48 7 0 38 42 0 41 0 36 6 0 0 3 0 18 25 0 6 0 0 0 35 0 42 0 48 0 0 0 0 17 44 50 0 32 0 27 8 0 45 42 5 49 6 0 0 41 0 0 0 0 0 39 0 2 2 5 0 0 0 17 40 0 0 0 21 0 0 0 0 1 0 0 0 0 0 0 24 0 40 0 0 0 0 0 43 32 43 0 29 34 50 0 0 24 44 0 32 5 
0 0 9 0 0 0 43 0 41 0 0 10 27 0 0 0 0 1 32 0 30 21 0 22 0 5 0 0 0 49 22 43 0 0 0 0 26 0 1 0 0 47 31 0 0 12 0 18 0 35 0 39 0 0 0 0 0 0 15 49 15 0 13 16 0 25 0 0 50 18 8 0 21 7 43 0 0 0 0 0 0 37 0 0 20 46 0 15 15 13 0 47 10 0 30 41 0 0 32 0 44 0 21 
0 0 0 14 0 0 0 0 27 0 47 4 48 0 0 0 41 46 28 8 0 9 0 0 6 1 0 33 39 37 16 0 0 16 0 0 0 0 0 41 0 0 26 0 0 0 21 30 39 4 3 0 0 0 0 22 12 0 6 47 9 0 17 8 0 33 0 50 37 33 0 48 15 7 0 0 17 0 0 0 0 0 0 0 16 0 10 27 0 29 0 0 12 0 0 28 0 0 34 0 46 0 
0 3 0 11 12 0 4 0 0 36 34 49 0 0 9 29 0 0 31 3 28 0 0 0 18 40 0 0 11 0 0 32 21 0 0 0 50 0 33 3 0 49 29 0 43 9 0 0 36 0 47 37 0 20 20 11 5 24 0 0 47 24 39 41 28 4 26 29 21 0 32 0 35 0 0 43 0 7 37 0 0 29 0 0 45 0 12 0 48 0 0 28 30 0 20 0 0 11 0 0 43 
0 0 23 0 32 7 0 15 0 0 0 0 0 0 0 0 17 24 0 0 35 0 27 37 11 0 12 0 0 0 0 0 0 48 0 26 13 0 50 30 42 0 0 0 0 31 35 8 0 16 0 47 0 0 31 0 0 21 37 0 3 0 41 0 0 0 0 6 41 0 0 2 33 0 0 15 44 2 44 15 0 0 0 0 0 35 0 0 0 0 24 8 0 0 0 0 23 10 0 31 
46 33 0 41 0 0 0 25 0 0 39 11 0 0 38 0 15 17 26 0 0 25 0 36 0 0 26 33 26 0 29 0 0 39 15 11 12 0 0 0 19 0 0 0 28 18 0 0 0 0 0 0 0 12 43 0 0 41 0 0 25 0 23 30 0 14 0 34 0 25 0 0 0 0 0 34 0 0 0 25 27 0 0 0 14 0 1 20 45 0 0 36 0 0 14 0 20 0 39 
0 0 12 19 0 23 0 0 0 0 0 28 48 0 3 0 0 39 20 9 18 0 33 33 11 36 23 38 42 3 0 3 0 2 37 0 38 0 26 29 0 38 49 14 0 0 0 31 15 34 0 22 32 8 0 0 0 10 0 10 0 0 30 0 0 11 40 0 0 13 40 31 22 0 0 6 0 17 49 21 17 26 0 0 50 0 39 0 0 0 29 19 0 8 50 0 40 6 
9 48 23 44 0 0 23 0 25 0 19 45 0 8 8 50 35 15 11 0 0 8 0 38 9 0 0 0 27 49 10 31 44 0 0 14 27 0 8 26 8 0 0 0 0 0 41 0 42 19 12 33 0 49 10 0 0 1 47 0 0 0 0 37 9 0 0 0 0 0 24 0 39 0 14 0 0 0 32 0 0 0 0 0 0 11 38 43 0 0 0 39 46 17 39 0 0 
31 0 1 13 0 3 23 21 17 24 0 22 29 35 39 11 0 43 0 27 0 8 0 0 29 0 0 0 0 0 0 5 0 15 0 0 28 20 46 25 0 0 0 28 38 0 12 7 4 2 42 0 42 0 6 0 0 28 0 33 0 38 0 42 48 0 0 0 35 0 0 0 16 0 36 0 13 18 13 0 0 27 48 0 48 39 0 0 0 0 0 0 0 14 27 0 
0 0 50 48 0 0 0 1 21 9 0 0 20 11 7 25 25 0 0 0 37 0 0 24 0 33 10 0 0 0 0 0 0 34 0 0 21 47 0 4 32 15 0 35 17 0 4 0 0 16 27 0 0 45 0 34 32 0 20 0 17 28 0 0 27 0 46 34 3 43 0 0 0 9 0 0 5 25 0 49 3 0 20 23 46 0 47 13 20 20 22 1 3 0 0 
9 0 0 0 0 8 0 41 22 48 49 0 43 43 7 0 0 0 45 0 22 0 0 0 0 30 0 0 0 13 0 23 10 23 4 0 13 0 0 0 0 40 22 12 0 12 0 0 2 0 19 0 0 36 16 0 5 0 0 0 0 46 0 0 0 0 0 25 36 7 0 0 0 18 0 0 0 0 44 38 24 0 0 46 0 0 27 48 4 19 0 0 0 38 
5 2 5 0 4 5 0 0 0 0 8 20 43 0 42 7 21 36 32 50 5 3 0 13 28 0 0 30 0 0 0 0 0 32 0 0 0 0 4 29 0 0 8 0 0 0 0 9 0 6 0 0 0 0 24 0 0 23 0 0 0 50 1 0 1 2 32 0 43 0 36 18 0 22 1 3 14 30 0 50 18 0 48 34 13 15 0 0 0 17 0 0 0 
0 37 29 0 12 0 0 32 8 42 0 37 49 46 0 13 0 50 3 0 0 31 0 0 39 0 37 28 20 15 0 0 0 0 1 0 0 48 34 11 20 0 0 0 0 0 5 0 21 0 0 3 0 7 16 13 28 0 0 0 20 4 0 0 9 0 0 40 0 0 12 49 0 0 49 50 0 0 3 0 0 26 33 43 0 0 7 1 0 0 0 20 
26 0 27 22 17 22 0 14 0 0 0 46 14 0 0 0 0 21 0 0 0 0 31 0 28 0 1 0 0 0 23 11 2 3 32 28 1 0 0 26 50 0 10 33 0 3 0 4 0 0 0 0 31 0 0 10 0 30 0 0 0 40 38 0 0 0 0 0 47 23 27 0 0 0 0 39 10 0 18 0 40 0 46 0 0 0 9 0 0 0 27 
0 0 20 37 8 46 0 39 18 0 7 26 30 28 36 0 0 44 0 50 35 18 14 31 0 46 49 0 24 25 0 0 12 0 0 50 32 14 0 0 0 29 0 31 10 25 0 0 16 0 0 3 0 0 11 48 14 0 45 21 23 0 13 33 0 24 35 13 2 6 0 38 0 38 31 36 0 50 0 0 13 25 0 0 26 7 0 0 0 44 
0 37 25 0 42 0 37 0 0 0 40 0 49 23 27 0 0 0 0 16 0 0 25 0 0 0 11 0 12 0 0 36 0 0 7 49 0 10 11 32 0 29 9 17 26 30 30 13 0 0 25 18 1 39 42 0 0 0 0 50 31 0 16 0 13 0 41 0 0 12 21 9 34 0 0 44 0 16 0 15 14 0 50 0 0 44 32 15 0 
0 24 26 37 0 0 25 0 0 0 2 0 1 18 0 15 0 8 0 0 1 0 0 45 4 50 0 4 0 0 2 10 0 0 32 0 0 31 15 33 43 17 29 27 40 0 0 0 0 0 8 25 36 48 32 0 0 49 7 0 0 0 23 0 29 0 0 0 0 13 7 28 13 0 6 0 21 5 14 0 22 0 46 0 0 3 0 12 
44 15 10 40 0 24 38 0 2 0 0 13 0 0 50 19 0 41 0 0 0 23 0 25 38 20 0 0 0 44 0 28 15 0 0 48 21 23 0 26 22 14 0 41 0 0 0 0 0 49 33 41 0 0 5 0 13 0 24 9 6 24 6 0 49 50 14 0 47 5 48 0 1 14 0 0 0 13 0 0 0 43 42 0 36 0 0 
2 3 33 0 30 0 47 0 41 0 0 0 0 0 1 0 45 0 18 0 10 42 8 19 0 0 1 0 0 0 43 0 0 4 44 0 0 14 34 32 0 49 0 0 0 0 2 21 41 33 0 0 0 42 0 0 20 24 1 0 0 0 27 30 33 0 0 0 0 0 39 0 0 0 28 10 0 0 47 12 27 23 0 13 44 5 
32 0 32 0 0 48 13 11 36 7 0 17 0 0 49 37 0 49 18 31 19 50 0 13 0 0 39 14 19 27 15 1 0 34 0 44 0 6 0 24 0 12 0 8 48 0 0 0 0 0 0 0 39 27 0 37 0 24 0 0 25 1 0 0 0 25 0 15 25 0 0 40 12 0 0 38 0 28 6 0 0 0 0 13 26 
41 48 11 22 0 0 18 49 0 19 8 0 0 0 41 0 0 8 0 0 0 0 41 0 0 24 9 41 21 41 15 0 47 0 0 0 21 0 6 0 4 32 0 0 46 30 36 0 0 24 9 23 0 33 47 47 0 23 0 0 0 0 14 22 38 0 48 3 0 0 0 0 49 48 38 38 0 0 0 0 27 1 50 21 
21 41 22 28 0 0 6 0 27 25 41 38 35 0 0 21 0 0 36 4 0 46 45 40 48 46 18 0 0 2 47 0 39 0 16 0 0 13 0 0 6 0 0 0 15 0 5 0 0 36 3 0 0 18 14 34 31 0 11 27 0 48 0 0 0 37 0 0 14 46 0 0 19 48 0 0 22 25 13 0 36 28 27 
14 0 45 13 30 0 41 50 41 0 21 23 17 8 45 10 37 40 0 24 0 16 16 0 0 0 45 6 5 36 18 24 9 0 0 28 0 7 6 31 0 15 0 11 0 36 0 0 14 0 25 17 6 0 1 0 22 15 48 0 2 14 0 5 32 15 29 0 0 35 0 39 0 39 18 1 0 38 26 0 0 2 
0 18 0 47 0 0 0 0 0 0 19 0 32 0 0 0 15 0 20 0 15 0 0 45 0 14 50 0 47 14 0 0 0 1 24 0 26 0 0 20 0 0 0 16 41 37 21 11 14 28 0 0 0 0 37 28 37 0 49 16 0 0 30 25 48 0 0 0 0 32 0 21 0 48 26 0 2 0 0 0 0 
26 50 43 0 38 14 9 27 41 49 0 0 0 18 0 0 0 43 0 31 0 2 24 0 38 1 13 0 38 0 0 24 18 0 1 0 13 0 0 0 43 17 19 47 19 32 0 0 0 0 0 0 0 43 32 0 0 0 20 14 0 10 0 17 0 14 13 0 0 35 0 28 22 0 0 27 8 0 0 22 
0 24 31 0 16 0 0 0 0 48 0 45 0 1 0 0 0 0 0 0 36 18 0 0 28 0 0 0 37 0 2 5 0 0 0 7 17 0 0 48 15 0 0 21 0 32 11 0 23 0 0 35 0 32 50 0 34 0 13 30 0 29 29 49 19 0 0 15 0 0 0 37 41 0 47 39 0 16 0 
0 46 18 0 0 0 31 13 15 37 18 0 44 1 21 0 0 43 32 21 0 3 38 49 0 0 26 0 13 6 33 0 0 35 0 29 0 0 0 0 0 37 27 16 0 0 38 26 0 23 22 46 31 35 0 0 15 0 8 0 17 12 0 34 0 0 24 36 0 0 33 0 27 39 33 35 6 29 
16 1 35 0 0 0 15 0 6 0 34 10 0 4 36 0 0 0 0 16 0 0 0 36 43 0 0 45 0 36 0 0 13 0 11 48 0 0 0 0 0 0 0 0 0 0 30 0 0 0 0 0 30 22 48 0 26 17 16 0 13 0 38 3 35 42 0 0 9 0 0 0 0 42 0 29 34 
27 49 49 0 0 0 38 41 0 0 0 0 0 0 35 40 15 0 0 48 0 20 0 0 20 27 0 0 0 0 32 6 6 0 50 0 35 0 22 17 0 0 24 50 50 38 22 0 32 37 16 0 27 0 0 0 48 31 0 0 8 28 0 25 32 12 0 0 0 0 2 40 12 35 25 47 
41 0 0 20 31 0 0 11 0 30 33 0 15 0 15 0 0 0 0 16 2 9 0 16 0 48 50 47 45 29 0 0 1 0 46 13 9 0 40 5 0 0 10 16 0 0 0 0 28 16 34 0 0 21 0 0 0 48 33 47 0 44 0 49 0 33 39 12 0 34 0 28 0 18 0 
0 49 0 7 0 44 0 0 0 32 0 34 7 0 0 0 0 19 1 34 14 0 0 38 0 0 0 0 8 0 8 5 10 42 46 22 0 33 10 0 40 37 0 48 0 0 0 4 40 0 16 0 0 0 0 7 0 4 6 0 0 22 0 40 9 0 44 49 0 0 0 50 0 0 
38 40 42 0 13 11 32 14 19 34 0 42 0 0 5 48 45 48 0 45 23 0 0 0 29 0 0 25 32 28 0 0 43 0 16 0 2 0 9 0 40 2 0 27 0 6 0 0 34 0 5 0 0 0 0 16 0 2 0 0 39 0 39 0 0 32 0 0 0 0 46 34 0 
1 42 0 0 46 15 8 0 5 17 0 0 0 38 35 18 0 0 15 19 46 23 22 0 0 39 0 45 0 0 0 0 0 0 0 20 7 0 0 45 9 23 0 0 10 16 29 0 29 0 0 35 0 31 13 0 49 22 50 11 8 2 0 0 0 0 0 41 30 34 0 15 
0 0 15 47 4 33 24 23 0 0 0 0 49 0 0 0 2 0 25 17 0 50 0 0 0 6 0 0 7 18 0 0 42 0 36 15 0 12 44 0 43 44 29 0 28 5 33 0 0 3 41 0 1 0 0 0 0 0 0 12 0 0 17 36 0 0 42 0 0 34 24 
3 30 35 43 0 17 28 50 38 0 37 0 0 0 28 0 0 18 0 0 12 32 40 0 0 0 22 16 36 45 0 0 20 13 0 5 23 0 0 0 20 46 0 0 41 0 4 0 0 39 0 0 40 0 25 2 23 0 17 0 0 20 0 16 0 0 25 28 0 0 
43 48 0 27 0 0 15 0 0 0 10 46 39 0 0 0 45 39 4 19 6 7 5 21 19 32 0 37 0 0 0 15 0 1 9 0 45 0 32 0 26 0 40 25 0 0 15 48 5 0 0 18 0 38 0 43 48 20 0 0 15 0 39 0 18 0 0 0 0 
10 6 0 0 45 6 0 0 8 3 25 0 46 0 0 0 0 16 0 39 17 0 28 25 1 0 13 0 0 0 12 23 0 10 46 0 0 0 0 3 0 13 0 0 0 0 0 0 41 50 37 46 48 0 0 35 46 6 43 0 34 0 0 0 0 45 0 33 
0 20 0 21 39 50 25 0 6 0 0 0 0 0 35 44 3 0 0 1 0 6 50 30 29 14 0 12 28 35 17 10 34 0 0 48 0 0 0 0 18 0 0 0 0 0 4 0 26 0 0 0 0 43 39 43 0 20 0 47 0 0 0 27 0 0 0 
0 29 28 26 0 0 0 0 0 0 19 20 0 49 6 0 33 34 0 46 25 25 8 0 16 27 6 0 0 4 0 0 0 0 10 0 0 30 0 3 0 47 0 16 0 0 0 0 0 0 0 0 0 0 42 0 0 0 1 41 0 0 0 49 49 0 
21 10 19 8 0 0 15 0 0 48 0 6 0 0 15 0 0 0 14 37 46 43 0 6 21 48 0 39 36 0 0 49 17 20 0 1 32 11 0 23 24 0 41 0 0 42 5 0 36 6 23 0 0 36 12 49 21 39 46 0 0 40 7 0 0 
0 0 0 0 30 44 46 0 0 0 22 0 0 19 32 50 0 0 21 0 33 7 0 0 0 0 17 10 0 0 0 0 31 0 27 0 0 19 17 0 0 0 37 0 2 0 8 38 0 0 19 21 14 15 0 0 15 0 0 0 22 0 0 31 
0 0 0 48 33 0 39 0 10 0 0 0 42 0 0 40 0 14 2 0 34 36 43 47 22 32 20 10 14 34 1 0 0 0 0 34 5 39 0 0 0 0 12 36 0 0 0 6 29 15 4 46 0 0 0 0 18 0 0 0 36 42 0 
35 0 0 0 12 20 0 0 0 0 24 29 0 28 0 0 0 49 0 47 0 0 0 0 0 3 0 49 11 1 0 0 0 0 0 34 0 43 0 6 0 1 0 0 49 35 23 1 35 0 3 0 0 1 0 0 44 8 12 26 48 0 
0 0 23 0 18 9 5 29 0 33 0 0 20 9 0 11 21 0 23 0 10 16 13 0 0 20 0 0 0 42 7 10 0 0 28 0 0 0 36 0 41 21 0 0 38 8 0 0 36 0 36 22 50 0 50 10 0 0 0 18 37 
0 0 0 0 0 0 0 36 0 47 0 1 0 0 0 0 20 1 15 0 32 0 0 0 10 0 40 0 0 5 0 29 30 0 34 33 15 0 30 0 40 0 0 0 0 43 3 0 49 24 0 0 0 0 19 0 25 29 7 0 
0 46 41 0 9 20 11 0 9 12 27 50 0 33 0 0 0 29 0 25 0 0 2 35 42 0 3 0 0 2 0 42 0 23 0 19 0 23 17 11 0 0 21 1 0 41 12 0 0 0 11 3 37 0 40 0 26 12 0 
47 49 0 40 0 0 29 14 0 3 4 0 3 0 39 0 0 36 11 19 0 0 29 21 26 0 0 0 10 0 26 24 5 0 41 0 45 28 0 0 0 0 20 6 0 0 29 10 0 0 0 0 25 29 0 0 0 8 
0 0 0 0 0 0 23 0 5 0 0 50 28 22 26 14 0 0 0 13 0 0 16 0 0 6 47 0 0 0 0 0 0 38 11 0 0 49 0 27 0 8 0 28 13 0 6 9 0 8 0 18 0 0 0 0 8 
0 17 20 0 22 14 29 0 0 0 0 45 47 0 21 3 15 37 17 0 0 3 0 47 0 0 15 0 0 33 0 0 0 29 19 0 31 0 38 0 0 0 11 0 0 0 39 13 0 3 0 32 0 0 16 18 
23 0 39 0 21 0 0 0 46 0 0 33 0 45 0 0 44 0 45 0 0 0 0 0 0 0 37 0 18 27 14 0 0 0 0 0 0 41 0 27 29 0 0 0 0 50 0 0 26 0 43 13 0 0 36 
16 21 10 32 0 0 19 0 0 22 0 0 0 0 0 40 0 0 0 0 0 0 12 0 1 19 29 0 0 0 16 0 0 33 0 29 35 14 0 15 0 38 0 0 28 0 0 0 0 28 15 24 0 32 
42 21 0 45 50 0 4 0 0 24 0 0 0 0 23 23 42 17 47 11 27 8 39 2 0 0 0 2 22 4 0 0 0 11 5 0 0 45 49 37 12 19 46 0 11 29 45 0 0 0 0 0 39 
0 7 18 0 0 0 32 5 0 6 0 0 0 0 0 0 0 13 0 0 0 48 0 0 0 16 49 33 0 0 28 10 0 0 22 20 0 0 40 10 3 6 0 31 0 16 0 2 0 0 32 0 
47 36 0 0 0 0 22 0 10 0 1 30 0 13 26 0 0 0 5 0 0 43 45 29 45 0 0 35 0 0 0 45 0 38 0 0 35 0 0 0 0 10 0 3 0 43 27 30 42 11 0 
4 45 8 0 0 44 0 0 46 0 50 0 0 0 0 37 41 0 33 12 48 0 0 36 11 10 30 0 0 0 0 28 11 0 0 18 21 0 0 0 0 0 5 0 0 0 0 8 0 0 
0 0 5 0 5 24 12 0 2 0 0 0 37 30 0 0 42 0 14 43 23 0 2 0 0 0 0 0 41 31 0 0 0 0 48 0 31 28 34 0 18 0 26 1 19 27 0 34 0 
0 20 32 0 0 30 0 15 42 17 0 20 19 43 30 39 0 32 40 14 0 41 0 47 0 0 31 0 19 13 0 29 35 0 23 3 17 15 31 44 43 40 0 18 0 28 0 44 
15 13 15 0 0 13 0 0 5 21 0 0 36 32 29 0 0 0 0 44 0 2 34 37 16 39 0 13 45 0 35 24 0 45 2 0 1 46 0 0 40 14 0 16 13 0 0 
34 7 0 0 38 0 41 48 0 37 24 0 0 0 0 5 0 37 3 19 18 0 0 7 0 0 32 3 4 45 0 49 1 18 0 0 0 0 0 0 0 35 0 1 32 31 
0 8 0 0 36 0 0 0 31 29 30 34 0 16 1 0 44 0 26 0 0 13 33 0 0 0 0 3 24 14 29 0 37 0 0 21 0 26 0 0 0 0 0 0 0 
0 1 46 23 0 0 16 0 14 0 0 0 7 0 0 0 5 0 15 0 32 49 0 0 40 38 3 11 31 40 32 0 31 40 4 0 26 0 0 0 15 0 20 6 
0 0 0 0 0 0 30 0 0 0 0 0 44 10 16 28 18 0 28 11 0 0 0 2 0 0 45 0 0 0 0 0 0 14 0 0 6 0 31 0 45 0 0 
34 37 27 48 0 0 7 39 18 0 25 33 0 25 0 0 0 0 9 46 0 0 0 0 18 36 0 20 0 18 0 0 45 0 2 0 0 0 0 0 0 0 
30 0 49 0 11 0 11 0 19 42 36 0 42 1 12 8 2 29 0 33 0 0 0 0 37 0 0 0 0 16 0 0 20 0 39 0 0 0 38 2 1 
16 0 0 0 43 40 0 40 0 0 44 0 0 16 0 30 0 0 0 6 35 0 3 24 0 20 0 41 32 0 49 22 0 25 50 43 3 37 0 0 
0 0 0 16 0 27 0 0 29 2 29 3 0 0 0 28 0 4 39 50 9 0 27 0 0 0 0 0 0 11 0 0 5 0 0 48 0 9 0 
0 0 31 0 0 22 0 0 5 7 0 22 6 24 10 0 8 34 46 38 0 0 0 0 0 0 13 22 34 20 0 32 0 0 6 0 0 0 
9 0 0 0 25 31 0 37 21 1 0 11 17 0 0 0 21 0 17 0 0 0 7 16 36 18 50 0 0 0 1 30 7 0 42 0 0 
11 0 19 16 0 16 33 9 0 0 18 9 0 18 0 38 17 0 0 24 0 31 0 0 31 9 48 0 10 0 10 0 0 48 43 0 
12 0 30 10 47 44 25 38 0 0 0 0 4 0 0 0 0 43 0 0 40 50 33 15 12 27 0 12 48 0 5 12 0 25 0 
0 0 0 35 16 0 0 0 42 0 0 16 22 15 0 0 27 28 26 48 0 0 28 5 6 38 40 0 0 0 7 28 0 0 
1 50 41 0 23 0 0 0 0 0 0 34 0 0 0 36 31 8 0 50 32 13 35 0 7 0 0 0 45 0 0 0 27 
0 0 0 46 6 0 8 26 0 5 0 32 7 0 9 44 21 39 0 0 0 38 24 41 38 4 0 47 0 0 6 6 
41 8 0 17 0 0 47 14 38 0 7 41 40 0 0 0 34 4 0 32 32 0 0 0 0 0 0 0 38 0 23 
2 5 0 48 47 34 0 0 0 0 15 0 34 42 6 0 0 26 0 0 0 2 0 0 13 38 45 43 37 34 
3 0 41 37 33 17 21 0 11 15 7 8 32 0 23 0 0 11 0 12 1 3 0 0 13 0 9 0 10 
0 0 12 27 42 9 36 0 0 0 0 0 16 12 36 12 45 16 0 38 0 0 0 0 38 22 48 35 
0 0 1 10 0 0 12 36 0 41 0 0 0 2 4 0 0 0 13 23 0 0 4 0 0 0 0 
0 7 19 0 7 40 21 0 22 0 0 34 26 0 0 0 21 0 1 0 0 36 17 40 0 0 
0 9 43 0 22 0 0 22 0 0 0 0 0 44 0 0 44 45 0 30 0 0 0 42 0 
43 29 36 27 0 0 0 0 0 0 7 28 0 9 0 18 0 0 0 35 0 0 0 29 
0 38 0 13 9 0 25 0 0 29 44 0 0 14 30 19 0 24 19 42 40 0 0 
0 19 2 0 0 0 0 38 0 32 36 0 0 50 31 27 0 0 25 43 27 0 
1 2 0 30 7 0 0 20 0 0 5 29 41 39 47 0 49 41 0 0 0 
27 0 0 24 0 8 0 0 14 0 0 0 0 0 21 0 13 0 0 34 
4 2 32 22 0 10 33 47 0 37 0 18 0 41 0 0 0 0 0 
0 0 7 0 31 0 25 14 0 0 1 0 11 0 46 30 38 0 
0 45 16 34 27 46 0 0 24 0 32 0 43 0 0 0 0 
7 0 26 3 39 8 43 39 40 28 6 0 0 0 20 17 
21 44 0 33 10 12 0 12 0 0 0 0 0 0 33 
0 49 0 0 5 0 0 0 38 8 44 30 43 0 
6 0 16 47 14 0 33 7 0 0 0 40 0 
0 4 0 50 0 0 12 0 0 11 36 31 
0 4 0 3 37 0 0 31 0 14 3 
0 0 0 41 0 0 0 21 24 0 
27 27 26 0 4 0 0 5 5 
0 3 0 0 35 36 0 36 
0 0 21 0 1 47 0 
0 34 39 0 14 0 
44 16 17 0 49 
0 4 0 0 
0 0 20 
5 0 
0 

1 14
1 16
1 46
1 50
1 54
1 62
1 71
1 75
1 76
1 102
1 108
1 143
1 161
1 168
1 177
2 19
2 63
2 69
2 71
2 127
2 142
2 149
2 171
2 178
2 187
2 195
2 197
3 11
3 19
3 32
3 38
3 43
3 51
3 54
3 57
3 64
3 69
3 71
3 101
3 106
3 130
3 134
3 167
3 169
3 172
3 173
4 7
4 15
4 30
4 53
4 85
4 90
4 94
4 96
4 99
4 102
4 106
4 131
4 145
4 147
4 168
4 169
4 186
5 21
5 23
5 34
5 36
5 44
5 45
5 47
5 53
5 62
5 65
5 69
5 72
5 73
5 91
5 96
5 125
5 126
5 132
5 147
5 150
5 164
5 171
5 178
5 187
6 18
6 24
6 35
6 67
6 70
6 78
6 87
6 90
6 101
6 151
6 171
6 178
6 185
7 12
7 49
7 58
7 59
7 82
7 86
7 95
7 119
7 127
7 133
7 142
7 154
7 160
7 161
7 172
7 200
8 10
8 19
8 39
8 43
8 53
8 62
8 64
8 68
8 72
8 75
8 90
8 95
8 98
8 102
8 108
8 123
8 125
8 128
8 139
8 142
8 165
8 177
8 179
9 11
9 13
9 26
9 60
9 62
9 94
9 107
9 130
9 137
9 164
9 184
9 196
10 32
10 33
10 46
10 51
10 77
10 119
10 120
10 126
10 139
10 177
11 24
11 45
11 86
11 92
11 109
11 118
11 130
11 159
11 163
11 168
11 171
11 197
12 13
12 35
12 37
12 66
12 72
12 81
12 84
12 87
12 94
12 96
12 135
12 162
12 179
13 16
13 48
13 51
13 65
13 99
13 104
13 107
13 123
13 141
13 145
13 147
13 149
13 153
13 183
13 192
14 37
14 40
14 46
14 53
14 56
14 61
14 71
14 93
14 95
14 104
14 108
14 112
14 114
14 122
14 132
14 144
14 145
14 196
15 43
15 47
15 57
15 61
15 83
15 85
15 102
15 137
15 156
15 158
15 168
15 169
15 185
15 196
16 22
16 43
16 44
16 56
16 59
16 60
16 67
16 95
16 98
16 113
16 117
16 122
16 161
16 164
16 186
16 188
17 29
17 39
17 41
17 46
17 68
17 84
17 115
17 118
17 150
17 154
17 179
17 182
17 190
17 191
18 19
18 24
18 38
18 41
18 73
18 79
18 97
18 104
18 111
18 118
18 130
18 153
18 185
18 190
18 192
19 32
19 40
19 60
19 73
19 85
19 89
19 96
19 112
19 121
19 134
19 152
19 158
19 162
19 166
19 196
20 34
20 37
20 50
20 54
20 59
20 97
20 132
20 134
20 136
20 138
20 142
20 149
20 162
20 169
20 179
20 191
21 39
21 45
21 52
21 70
21 89
21 90
21 121
21 125
21 131
21 135
21 138
21 140
21 162
21 166
21 177
21 180
21 184
21 185
21 186
21 196
22 23
22 25
22 29
22 38
22 41
22 49
22 73
22 116
22 117
22 121
22 126
22 138
22 146
22 191
22 192
23 37
23 38
23 40
23 41
23 61
23 62
23 68
23 69
23 77
23 97
23 98
23 110
23 139
23 143
23 154
23 156
23 190
24 60
24 67
24 78
24 99
24 139
24 167
24 170
24 184
24 192
24 193
25 37
25 52
25 62
25 99
25 122
25 123
25 128
25 130
25 131
25 134
25 142
25 159
25 177
25 187
26 70
26 74
26 82
26 100
26 118
26 138
26 148
26 157
26 163
26 187
26 196
27 52
27 79
27 102
27 107
27 114
27 122
27 140
27 153
27 162
27 186
28 32
28 47
28 55
28 56
28 64
28 66
28 86
28 92
28 96
28 97
28 101
28 112
28 141
28 144
28 185
28 190
28 198
29 56
29 66
29 73
29 138
29 139
29 152
29 154
29 176
29 185
29 189
29 198
30 36
30 49
30 52
30 60
30 84
30 113
30 150
30 175
30 178
30 189
30 191
30 192
30 200
31 45
31 58
31 77
31 78
31 80
31 85
31 88
31 105
31 120
31 150
31 156
31 162
31 174
31 184
31 199
32 35
32 52
32 54
32 60
32 61
32 99
32 102
32 106
32 138
32 139
32 155
32 165
32 166
32 187
32 194
33 35
33 37
33 41
33 44
33 80
33 89
33 110
33 141
33 150
33 158
33 162
33 199
34 38
34 42
34 49
34 63
34 82
34 83
34 91
34 92
34 94
34 111
34 113
34 168
34 185
34 186
34 192
34 199
35 38
35 40
35 60
35 62
35 79
35 82
35 87
35 115
35 129
35 134
35 137
35 140
35 144
35 148
35 160
35 165
35 178
35 186
35 192
36 50
36 58
36 59
36 85
36 98
36 102
36 108
36 127
36 161
36 165
36 178
37 56
37 89
37 130
37 131
37 142
37 153
37 168
37 172
37 181
37 192
37 199
38 42
38 44
38 46
38 67
38 79
38 87
38 105
38 110
38 130
38 146
38 153
38 159
38 166
38 180
38 188
38 190
38 191
39 46
39 54
39 64
39 94
39 108
39 109
39 127
39 135
39 141
39 152
39 155
39 160
39 170
39 187
40 50
40 68
40 110
40 113
40 116
40 129
40 150
40 196
41 44
41 54
41 56
41 61
41 73
41 74
41 82
41 100
41 113
41 116
41 155
41 157
41 158
41 159
41 164
41 169
41 176
41 181
42 59
42 72
42 80
42 91
42 99
42 100
42 109
42 110
42 117
42 134
42 195
42 200
43 57
43 64
43 76
43 79
43 83
43 84
43 99
43 110
43 129
43 135
43 188
43 192
44 53
44 61
44 70
44 92
44 108
44 113
44 131
44 134
44 153
44 156
44 171
44 174
44 191
44 194
44 199
45 58
45 67
45 77
45 79
45 93
45 94
45 129
45 130
45 133
45 144
45 152
45 178
45 181
45 198
46 63
46 65
46 68
46 102
46 151
46 163
46 173
46 176
47 53
47 63
47 72
47 92
47 93
47 100
47 112
47 120
47 127
47 134
47 135
47 154
47 158
47 163
47 174
47 179
47 182
47 183
47 184
48 65
48 77
48 81
48 82
48 98
48 103
48 114
48 131
48 139
48 151
48 166
48 197
49 58
49 64
49 72
49 73
49 82
49 94
49 108
49 119
49 155
49 173
49 178
49 181
49 186
50 56
50 65
50 71
50 91
50 94
50 98
50 140
50 141
50 144
50 148
50 167
50 194
50 197
51 66
51 75
51 76
51 86
51 94
51 97
51 122
51 141
51 148
51 174
51 194
52 59
52 60
52 101
52 108
52 113
52 124
52 126
52 145
52 153
52 173
52 180
53 89
53 92
53 94
53 102
53 113
53 136
53 137
53 144
53 161
53 167
53 169
53 182
53 184
53 197
54 60
54 61
54 63
54 83
54 94
54 104
54 118
54 132
54 166
54 175
54 189
54 197
55 59
55 67
55 78
55 84
55 88
55 100
55 121
55 127
55 143
55 144
55 156
55 162
55 200
56 74
56 80
56 83
56 88
56 97
56 101
56 103
56 115
56 162
56 165
56 169
57 59
57 72
57 91
57 95
57 99
57 100
57 112
57 115
57 118
57 121
57 141
57 145
57 147
57 149
57 155
57 191
57 199
58 62
58 83
58 86
58 107
58 132
58 149
58 150
58 164
58 176
58 198
59 72
59 74
59 84
59 108
59 118
59 121
59 130
59 136
59 152
59 165
59 169
59 189
59 196
60 61
60 64
60 91
60 107
60 125
60 142
60 160
60 175
60 179
61 62
61 95
61 96
61 100
61 110
61 120
61 149
61 150
61 181
62 76
62 78
62 101
62 102
62 115
62 118
62 124
62 147
62 151
62 152
62 181
62 182
62 184
62 189
63 65
63 74
63 84
63 104
63 113
63 129
63 132
63 136
63 145
63 164
63 170
63 185
63 187
63 189
64 71
64 77
64 81
64 105
64 112
64 116
64 125
64 144
64 156
64 160
64 162
64 167
64 175
64 187
64 200
65 70
65 84
65 86
65 100
65 107
65 115
65 120
65 136
65 139
65 150
65 153
65 156
65 160
65 178
65 179
65 193
66 99
66 114
66 121
66 124
66 131
66 144
66 155
66 156
66 159
66 172
66 181
66 193
67 77
67 92
67 107
67 128
67 140
67 158
67 165
67 185
67 186
67 188
67 197
68 88
68 102
68 128
68 164
68 165
68 169
68 176
68 188
68 194
68 195
69 78
69 104
69 113
69 129
69 130
69 143
69 157
69 158
69 161
69 173
69 183
69 193
70 71
71 80
71 83
71 86
71 91
71 97
71 104
71 105
71 114
71 115
71 122
71 126
71 128
71 135
71 157
71 178
71 180
71 187
71 192
71 198
72 89
72 93
72 96
72 101
72 107
72 152
72 181
72 196
73 76
73 81
73 95
73 105
73 131
73 133
73 150
73 170
73 176
73 197
74 86
74 112
74 134
74 141
74 178
74 187
75 76
75 83
75 102
75 103
75 114
75 136
76 77
76 87
76 93
76 97
76 110
76 139
76 163
76 169
76 176
77 108
77 115
77 158
77 172
77 176
77 181
77 191
77 193
77 200
78 89
78 113
78 152
78 154
78 174
78 191
79 104
79 118
79 143
79 145
79 147
79 160
79 161
79 165
79 178
79 179
79 196
80 98
80 113
80 148
80 158
80 186
81 86
81 94
81 109
81 129
81 154
81 158
81 178
81 180
82 92
82 101
82 103
82 111
82 123
82 134
82 140
82 144
82 160
82 180
82 193
82 196
83 103
83 106
83 111
83 118
83 124
83 139
83 175
83 184
83 185
83 195
84 101
84 105
84 120
84 130
84 146
84 164
85 98
85 112
85 116
85 128
85 136
85 179
86 87
86 97
86 117
86 131
86 137
86 183
86 194
87 91
87 102
87 138
87 156
87 162
87 164
87 168
87 169
87 185
87 193
87 194
88 95
88 141
88 154
88 158
88 169
88 179
88 182
88 189
89 91
89 98
89 108
89 137
89 146
89 156
89 168
89 171
90 94
90 106
90 126
90 149
90 166
90 187
91 94
91 99
91 107
91 113
91 115
91 146
91 160
91 175
92 93
92 95
92 100
92 101
92 103
92 117
92 133
92 175
92 185
93 95
93 121
93 125
93 154
93 162
93 170
93 189
94 112
94 115
94 129
94 130
94 134
94 137
94 146
94 151
94 153
94 160
94 169
94 193
94 196
95 124
95 134
95 153
95 155
95 164
95 192
96 100
96 120
96 121
96 130
96 140
96 152
96 170
96 185
96 194
97 108
97 117
97 124
97 142
97 152
97 154
97 169
98 99
98 137
98 139
98 142
98 144
98 179
98 192
98 193
99 100
99 117
99 123
99 126
99 129
99 147
99 176
99 185
99 190
100 107
100 142
100 144
100 174
100 187
101 104
101 106
101 110
101 111
101 140
101 152
101 158
101 166
101 172
101 174
102 113
102 119
102 124
102 140
102 148
102 153
102 161
102 166
102 186
102 188
102 192
103 108
103 124
103 147
103 151
104 147
104 150
104 160
104 163
104 185
104 188
104 200
105 107
105 111
105 135
105 138
105 141
105 148
105 151
105 163
105 168
105 169
106 108
106 130
106 142
106 146
106 147
106 151
106 164
106 167
107 134
107 152
107 166
107 168
108 141
108 151
108 152
109 120
109 124
109 131
109 133
109 135
109 156
109 168
109 173
109 182
109 189
110 126
110 151
110 163
110 189
110 193
110 199
111 130
111 142
111 144
111 161
112 132
112 134
112 135
112 139
112 149
112 159
112 161
112 174
112 186
112 188
112 192
112 194
113 123
113 124
113 136
113 141
113 158
114 140
114 159
114 160
114 167
114 181
114 184
114 192
115 156
115 163
115 164
115 165
115 166
115 170
115 189
115 196
116 132
116 138
116 141
116 195
117 123
117 131
117 145
117 163
117 181
117 182
117 184
117 197
118 143
118 153
118 186
118 199
119 124
119 125
119 126
119 139
119 144
119 147
119 155
119 198
120 171
121 122
121 125
121 128
121 130
121 138
121 139
121 140
121 144
121 155
121 191
122 123
122 128
122 134
122 143
122 148
122 162
122 167
122 168
123 146
123 160
123 161
123 167
123 168
123 174
123 193
124 147
124 153
124 162
124 183
124 192
124 193
125 143
125 180
125 181
125 186
126 148
126 173
126 180
126 186
126 195
127 163
127 167
127 180
127 196
128 132
128 145
128 153
128 161
128 199
129 141
129 147
129 163
129 169
129 187
129 190
129 194
129 198
130 155
130 165
130 173
130 176
131 139
131 161
131 162
131 182
131 184
131 193
132 146
132 147
132 169
132 171
132 173
133 143
133 173
133 199
134 147
134 163
134 171
134 185
134 191
134 200
135 140
135 162
135 170
135 174
136 138
136 153
136 156
136 165
136 168
136 170
137 140
137 152
137 184
137 191
137 200
138 146
138 151
138 153
138 159
138 161
138 169
138 182
139 143
139 164
139 166
139 168
139 172
139 179
139 196
139 197
140 141
140 147
140 156
140 183
140 184
140 192
141 157
141 162
141 170
141 176
141 189
141 200
142 198
143 164
143 168
143 175
143 182
143 192
144 153
144 155
144 182
144 188
144 189
144 197
145 151
145 153
145 161
145 170
145 178
145 180
145 190
146 160
147 153
147 160
148 159
148 177
149 166
149 170
149 180
149 184
149 189
150 157
150 158
150 168
150 195
151 159
151 161
151 176
151 182
151 184
151 198
152 157
152 180
152 183
152 195
153 161
153 165
153 169
153 192
154 168
154 176
155 161
155 179
155 189
156 168
156 174
157 167
157 200
158 163
158 164
158 171
158 174
158 175
158 190
158 195
159 161
159 165
159 181
159 185
160 172
160 199
161 169
161 196
162 166
162 169
162 170
162 193
162 199
162 200
163 200
165 185
166 187
166 199
166 200
167 171
167 180
167 181
167 194
168 169
168 182
169 175
169 191
169 194
169 196
171 173
171 185
171 190
171 194
171 195
172 174
172 180
172 181
172 182
173 194
174 182
174 189
174 194
174 200
176 183
176 186
176 195
176 198
177 185
177 190
178 185
179 188
179 198
181 197
182 183
182 192
183 193
183 198
183 200
185 194
185 197
188 189
190 193
192 195
194 198
