200 1592 1000

25 62 74 70 84 44 105 84 58 89
47 17 39 73 53 55 71 54 88 74
65 19 93 67 26 15 94 82 38 23
38 36 35 98 50 42 99 22 40 49
63 85 33 91 86 36 64 68 50 33
26 94 68 52 65 31 63 62 105 68
103 93 73 44 77 80 23 31 58 11
23 49 34 65 58 67 110 86 44 27
33 20 67 81 16 85 55 43 45 30
104 51 23 16 39 108 105 104 62 81
20 19 106 34 67 47 34 105 98 100
49 106 23 18 64 108 62 84 16 23
26 104 88 86 85 57 84 45 85 102
94 109 106 105 104 65 26 88 39 13
27 93 23 39 64 101 69 77 65 30
62 30 92 62 93 61 50 72 48 107
43 99 59 18 44 37 107 90 103 25
107 96 61 18 86 87 56 32 81 98
54 78 58 65 70 45 97 40 82 48
47 26 55 53 30 12 70 96 54 96

15 52 64 60 74 34 95 74 48 79
37 7 29 63 43 45 61 44 78 64
55 9 83 57 16 5 84 72 28 13
28 26 25 88 40 32 89 12 30 39
53 75 23 81 76 26 54 58 40 23
16 84 58 42 55 21 53 52 95 58
93 83 63 34 67 70 13 21 48 1
13 39 24 55 48 57 100 76 34 17
23 10 57 71 6 75 45 33 35 20
94 41 13 6 29 98 95 94 52 71
10 9 96 24 57 37 24 95 88 90
39 96 13 8 54 98 52 74 6 13
16 94 78 76 75 47 74 35 75 92
84 99 96 95 94 55 16 78 29 3
17 83 13 29 54 91 59 67 55 20
52 20 82 52 83 51 40 62 38 97
33 89 49 8 34 27 97 80 93 15
97 86 51 8 76 77 46 22 71 88
44 68 48 55 60 35 87 30 72 38
37 16 45 43 20 2 60 86 44 86

0 22 14 21 0 0 12 0 0 0 40 0 0 20 48 38 0 0 0 38 0 23 39 32 0 47 0 35 31 0 0 0 0 0 27 0 17 0 0 47 3 0 0 22 33 10 0 35 0 0 20 0 47 40 0 0 42 0 0 30 0 28 0 1 14 32 0 0 0 1 38 19 0 0 0 0 0 0 48 13 0 26 0 46 31 25 0 0 0 42 8 0 46 0 47 0 0 0 26 44 0 0 12 10 21 0 0 29 0 0 0 0 0 0 0 35 0 23 0 39 49 28 32 39 28 0 23 33 33 0 0 35 20 47 29 0 29 48 45 0 12 0 0 0 0 0 17 34 2 3 0 0 0 5 0 2 40 36 0 20 35 0 6 39 0 0 18 0 24 0 29 0 2 0 31 46 25 0 13 21 46 14 0 0 44 0 48 8 37 42 0 29 0 0 43 4 0 6 0 
2 0 28 0 0 0 28 0 18 40 0 16 46 34 0 0 43 21 0 43 0 0 0 9 45 10 5 22 0 0 21 43 4 0 29 0 0 0 0 0 0 5 25 16 8 0 31 19 0 33 0 35 0 11 2 0 45 17 6 20 0 37 0 0 5 0 2 50 45 0 0 0 0 0 0 15 6 32 13 0 0 31 47 35 25 0 0 0 0 0 39 0 0 15 0 43 19 0 9 0 41 4 42 46 25 0 22 3 0 47 46 0 7 14 9 34 0 0 12 0 0 0 41 17 0 0 47 16 0 0 0 0 12 0 43 31 24 2 15 0 11 27 0 23 18 17 14 22 28 0 41 50 35 0 0 48 0 10 3 50 20 30 0 0 31 37 11 12 0 0 0 0 24 0 0 50 0 20 0 42 36 22 0 0 45 48 47 0 7 0 25 0 14 0 0 8 26 9 
11 7 0 18 11 50 43 41 44 0 25 9 7 15 0 23 0 41 32 3 0 0 25 23 18 38 29 36 0 0 0 1 4 24 37 0 1 0 50 0 0 0 5 12 0 0 0 23 21 0 42 37 0 0 26 45 0 18 11 0 49 18 0 35 0 1 0 30 4 0 0 9 0 25 27 0 17 0 0 24 36 1 33 0 0 0 0 0 0 0 17 24 26 34 11 43 0 11 0 0 0 0 0 20 0 0 29 0 0 4 0 0 6 0 0 0 0 49 35 28 0 0 16 0 0 16 30 48 21 12 48 0 0 33 8 0 0 8 41 0 30 4 27 47 44 7 3 0 14 26 41 0 0 0 18 0 0 41 18 49 0 0 0 30 0 0 9 42 0 17 16 0 0 41 0 0 26 24 0 0 0 16 21 30 14 5 0 20 50 0 0 44 0 13 9 0 0 
0 0 0 18 0 0 6 44 39 0 0 25 0 16 0 0 28 0 0 11 0 1 0 47 0 40 0 0 0 15 48 0 0 0 15 0 0 48 0 1 24 0 0 31 19 20 0 11 30 44 0 24 33 0 42 13 0 12 6 0 29 2 0 15 0 0 0 6 25 17 0 24 30 25 28 0 0 28 15 28 23 17 0 50 44 0 0 0 0 0 0 0 43 0 39 5 27 38 36 0 0 0 22 0 34 0 0 36 41 12 0 2 0 7 0 0 34 40 0 0 0 0 15 12 0 0 29 28 0 50 23 0 26 0 0 50 0 0 0 47 23 0 34 33 0 0 14 0 6 0 34 5 0 0 0 22 0 0 0 46 32 0 0 44 18 19 0 43 46 42 49 0 15 5 0 21 0 36 10 0 20 0 0 43 0 0 0 43 11 42 0 0 1 36 50 29 
0 0 0 4 26 0 0 31 0 14 0 42 44 0 0 0 0 0 0 24 49 0 0 32 0 0 28 31 0 11 47 0 44 36 20 15 40 0 34 0 0 0 0 41 0 31 42 40 29 37 34 32 0 0 0 1 0 0 14 15 0 0 0 0 39 32 20 28 0 38 16 0 0 0 36 0 0 33 0 47 21 39 0 0 0 31 0 48 0 12 43 0 0 0 0 0 0 0 32 0 5 0 4 12 24 0 0 8 34 0 7 5 33 35 0 0 0 0 0 0 29 33 7 48 0 0 0 0 0 0 0 0 0 18 0 48 0 0 2 0 4 26 1 45 20 23 0 0 36 0 0 0 0 28 0 0 19 37 48 31 0 0 36 0 28 0 0 39 21 0 22 0 31 0 0 0 25 0 47 0 0 23 0 0 0 12 27 0 0 0 0 0 0 0 0 
0 0 12 0 25 0 0 34 15 0 0 0 15 45 16 10 46 32 0 0 0 0 0 0 0 0 36 0 0 0 0 0 0 0 0 2 0 45 36 37 0 41 19 25 0 0 23 0 26 43 49 40 48 0 16 0 18 21 18 0 8 0 38 37 7 6 0 0 1 44 11 6 49 11 0 0 0 0 0 35 42 32 0 47 2 0 0 0 12 0 19 0 47 41 39 1 23 1 0 0 12 0 0 24 0 11 0 0 0 0 0 0 0 0 0 0 10 3 0 9 0 0 31 0 0 0 11 0 0 45 5 41 0 0 0 39 0 4 0 0 42 15 45 28 0 0 0 29 40 42 9 49 16 30 42 14 0 23 14 35 0 19 13 2 0 34 12 45 23 31 40 6 19 0 48 0 0 0 17 0 0 1 0 29 0 0 20 0 20 0 0 0 0 0 
0 0 0 0 19 28 39 0 0 0 0 47 37 38 0 0 22 0 0 5 47 9 0 10 22 0 40 12 11 0 2 0 0 13 0 50 33 0 0 0 0 0 0 33 48 0 0 41 37 0 0 4 14 0 16 14 11 16 0 2 34 0 0 0 0 1 18 0 29 5 19 23 36 2 9 40 0 24 0 0 0 28 19 48 4 9 28 0 0 0 15 0 0 16 0 29 0 0 0 0 0 0 0 0 32 0 30 0 31 11 0 0 25 11 0 0 34 0 34 0 0 38 0 1 13 7 0 4 39 0 37 9 11 41 0 27 11 0 15 0 4 0 0 18 0 48 0 0 44 20 0 0 38 46 11 16 42 18 0 30 35 17 0 0 0 0 0 0 0 36 16 0 0 0 0 40 40 20 0 0 28 0 0 0 25 0 36 47 0 0 18 0 0 
0 10 28 0 0 42 0 0 19 0 0 1 0 38 41 28 48 20 9 0 41 0 0 25 0 28 0 34 5 16 0 3 26 0 36 40 0 37 0 0 38 0 0 10 0 0 0 0 38 0 15 33 42 0 26 39 13 13 0 16 0 0 27 0 0 32 0 11 0 0 0 0 0 0 45 0 30 0 29 42 0 0 34 0 32 4 0 44 1 17 10 0 47 41 26 0 0 29 0 5 0 0 37 10 0 0 26 47 0 17 0 0 0 0 6 0 0 12 8 0 41 25 0 48 0 0 0 0 0 37 49 0 24 0 6 0 0 0 3 44 0 37 50 50 0 4 28 0 2 25 24 0 39 21 0 0 23 29 42 0 48 20 0 0 23 32 0 0 0 0 0 0 35 43 31 46 15 10 21 0 0 0 0 0 0 0 0 21 0 0 0 1 
0 49 13 0 0 0 0 36 0 0 0 0 0 0 0 27 0 36 47 0 0 16 0 24 0 13 25 0 0 0 0 0 0 0 0 0 0 0 43 15 0 18 0 0 0 16 29 47 7 16 32 31 0 40 35 0 26 0 6 0 8 44 0 33 0 0 0 1 3 0 0 0 0 0 0 9 0 18 0 0 0 33 0 15 0 0 35 30 40 0 37 0 39 24 2 48 0 17 12 0 0 12 0 0 48 0 0 0 31 29 0 18 7 8 30 22 32 13 31 0 24 0 0 0 29 0 0 48 6 19 0 0 0 10 16 18 14 0 31 0 46 35 49 12 31 18 4 8 0 0 46 29 0 0 0 0 0 0 0 29 42 0 24 0 24 0 40 0 42 0 44 0 43 5 39 0 29 5 0 19 3 0 0 44 41 0 4 36 45 22 27 
36 0 0 0 18 9 0 0 0 24 36 0 37 0 10 3 0 0 38 0 0 0 9 9 0 0 0 34 30 17 2 0 26 0 11 16 0 0 47 12 22 0 44 12 0 0 0 0 20 29 0 0 40 5 0 0 0 4 0 4 0 0 20 0 0 0 0 0 23 0 23 0 31 35 23 39 49 0 45 0 26 0 0 11 0 0 0 41 38 0 0 0 0 0 0 10 0 46 23 0 31 42 0 26 0 40 36 45 49 0 0 0 46 15 0 0 19 0 41 44 0 31 35 4 49 28 14 42 33 4 35 20 19 11 0 29 4 0 23 0 0 17 0 5 0 29 0 36 0 44 0 9 49 8 43 5 0 0 0 33 8 0 0 31 28 0 4 0 24 39 9 0 35 0 0 0 31 15 39 0 45 44 10 0 3 33 0 13 0 0 
15 38 0 0 0 29 0 0 0 49 44 21 11 14 0 0 38 0 0 27 0 43 11 7 0 44 0 48 27 6 0 0 15 0 0 1 29 0 0 2 0 22 0 48 22 4 23 0 0 20 0 25 0 37 0 11 20 31 25 0 0 0 36 0 23 0 0 0 18 9 19 0 0 6 8 0 39 0 0 44 0 0 18 0 0 0 0 13 0 28 0 16 4 44 0 0 0 0 11 0 35 15 0 0 0 43 0 1 0 48 0 37 46 41 0 0 17 0 0 0 30 0 0 0 1 44 0 6 26 47 6 1 0 14 0 0 0 26 0 0 17 39 3 0 33 0 0 0 40 0 0 0 15 28 35 0 0 48 45 0 24 0 0 22 0 38 0 0 0 37 42 6 30 42 15 43 16 40 43 47 0 23 2 32 1 0 45 0 0 
0 30 44 4 0 45 0 0 35 0 0 31 39 0 0 0 10 20 30 6 33 0 0 0 45 6 0 31 0 0 0 0 0 18 0 5 0 0 0 41 0 0 25 3 0 0 0 0 0 0 34 0 46 0 0 0 0 18 0 44 35 0 8 49 0 0 19 0 0 31 0 12 0 0 45 17 39 0 9 0 0 0 31 0 28 0 3 0 0 8 0 19 45 0 0 0 24 0 0 30 1 17 10 20 11 45 1 15 40 0 0 21 47 0 17 0 0 0 30 23 0 0 5 40 0 7 8 27 19 0 0 22 41 0 0 19 23 0 6 48 42 0 0 0 0 0 30 0 0 27 16 0 0 49 36 37 0 43 0 43 0 0 11 0 30 18 19 41 13 0 17 0 9 2 12 41 30 0 0 0 7 33 44 1 0 0 50 0 
0 0 49 0 12 0 0 39 0 0 0 32 38 0 12 0 11 27 0 15 38 6 38 0 47 0 0 18 0 0 29 40 48 0 33 11 0 0 31 0 36 0 34 3 12 0 11 0 0 0 42 0 11 0 0 0 0 18 0 35 0 8 23 0 29 43 24 0 10 0 35 44 11 0 17 0 0 0 0 0 1 30 27 30 0 44 0 0 0 9 0 0 17 49 43 0 16 2 0 0 0 41 48 25 0 19 49 37 49 0 0 0 32 0 0 46 1 22 22 46 0 50 0 29 0 5 0 0 0 0 39 0 10 44 0 44 30 20 0 0 0 30 31 23 0 0 0 0 0 35 0 33 29 11 37 11 41 0 5 0 0 0 0 41 42 10 1 24 0 0 0 0 28 23 15 0 0 0 8 40 0 0 0 12 0 27 5 
13 30 41 39 48 0 2 0 46 30 18 14 49 49 19 0 0 31 0 0 12 0 47 47 0 0 7 0 0 12 0 0 22 44 19 0 0 0 0 16 0 5 0 0 0 0 0 0 0 0 0 0 24 0 37 6 0 6 18 0 11 0 10 0 37 0 0 30 0 35 0 33 35 1 0 0 0 3 34 44 0 13 0 0 0 0 0 0 11 45 0 3 20 29 0 1 11 49 4 45 30 0 0 0 25 0 28 0 37 27 0 7 13 20 7 47 25 45 0 21 0 0 17 0 0 37 11 0 0 13 0 44 39 0 18 44 22 0 0 0 0 43 19 16 0 13 20 0 0 19 15 0 0 0 0 0 33 0 0 0 33 30 0 0 0 0 0 19 0 0 0 0 29 0 49 43 26 49 0 0 0 6 0 0 0 20 
19 0 0 23 0 42 33 38 14 4 29 0 44 0 27 27 0 0 0 0 0 0 24 26 0 0 45 11 0 0 0 19 10 28 8 0 0 9 0 0 49 12 5 0 0 32 32 0 0 43 0 0 7 29 0 34 38 36 0 50 0 29 0 12 0 0 45 1 31 0 24 2 33 0 0 0 14 11 30 0 0 35 12 0 2 18 0 21 27 0 0 0 2 0 9 49 0 38 0 0 23 33 0 32 0 0 0 0 0 0 0 45 0 32 3 0 0 0 0 39 0 45 24 48 0 0 42 8 0 0 48 46 16 0 0 50 29 0 0 0 7 1 0 43 0 0 14 0 0 0 0 0 46 0 27 31 0 0 0 42 0 0 0 0 13 0 37 35 22 45 0 0 0 0 0 0 0 7 0 16 0 0 0 42 6 
0 9 50 2 0 7 44 0 0 7 0 32 0 39 0 41 0 0 0 0 0 18 6 11 0 28 39 0 0 32 0 0 18 0 0 0 0 0 42 0 0 47 13 0 39 0 0 0 0 0 50 8 0 0 14 42 13 48 0 1 5 18 50 0 38 0 0 42 24 30 27 0 0 0 0 25 0 4 0 39 0 42 37 28 9 41 0 0 0 17 44 0 4 0 0 30 20 28 15 0 26 0 35 6 41 6 0 0 0 0 7 4 0 18 0 0 0 25 49 5 0 36 0 41 21 0 0 0 28 45 0 0 0 31 40 0 0 24 0 0 0 0 12 34 38 0 11 0 45 47 0 24 0 0 15 3 32 0 13 0 34 50 23 0 27 0 0 0 0 0 46 0 46 0 0 0 0 0 47 40 27 18 12 10 
0 0 21 0 0 0 8 0 25 0 42 0 0 0 10 0 0 10 0 0 45 0 0 17 0 0 0 0 0 43 39 0 24 0 19 9 0 0 42 0 0 14 30 0 0 0 24 2 16 0 38 27 45 47 19 38 0 0 0 0 41 15 36 38 0 0 30 0 0 1 0 0 0 0 47 36 0 0 48 39 0 1 0 11 46 0 0 0 40 0 42 35 37 0 0 0 0 14 0 0 30 0 0 0 23 0 0 43 41 45 44 5 0 0 0 36 0 0 43 0 2 0 8 37 0 0 0 0 0 22 0 0 0 0 0 0 0 10 24 26 33 44 0 0 0 29 33 47 41 0 20 0 0 10 30 0 50 40 0 37 13 49 36 0 22 6 0 0 0 0 0 29 16 0 0 43 0 0 24 6 13 38 40 
0 0 0 24 0 25 0 0 39 44 33 33 46 30 19 0 16 0 17 34 0 0 2 0 8 0 11 0 0 0 0 23 34 44 0 46 29 32 0 0 19 0 34 0 0 0 43 17 0 43 0 26 0 17 0 8 0 22 23 43 0 0 17 27 0 14 4 0 0 12 0 0 35 15 26 2 0 0 0 0 0 0 0 19 0 0 0 20 31 0 0 30 0 27 12 19 49 48 0 0 47 25 12 18 0 24 0 43 15 0 6 0 2 0 0 0 0 19 45 5 35 34 0 21 0 18 19 43 29 7 0 27 40 32 31 0 0 0 0 0 0 24 0 39 0 29 11 25 0 0 39 0 17 0 39 49 40 2 0 0 6 0 0 47 0 16 45 0 29 0 0 0 40 0 0 0 26 0 49 37 0 0 
31 49 23 5 0 0 0 0 50 50 0 2 0 41 36 0 46 9 0 41 0 3 46 0 7 0 0 0 6 18 0 7 0 47 34 15 0 0 8 0 0 0 3 39 17 0 12 3 0 0 0 18 0 0 0 41 8 0 44 36 16 20 42 0 0 0 0 18 0 49 14 37 9 27 25 9 8 0 48 0 0 41 37 0 14 29 29 1 20 0 41 0 18 10 0 36 0 0 33 39 0 2 27 0 0 33 21 0 26 0 37 0 21 0 0 0 13 0 22 46 0 21 45 0 0 0 16 49 0 0 0 0 36 32 14 45 18 5 0 45 0 0 12 29 0 15 35 0 0 28 27 0 32 35 47 13 13 15 7 0 5 0 0 3 10 28 50 9 21 0 0 0 24 0 0 0 20 40 0 0 23 
16 32 21 0 47 0 0 0 50 0 6 0 20 0 49 0 11 0 0 9 42 0 45 45 38 0 47 0 20 0 0 21 36 48 14 0 0 27 0 0 0 0 0 45 29 5 28 15 14 0 36 0 0 29 5 27 0 0 18 0 0 0 45 0 4 0 25 47 0 0 0 0 27 0 29 0 0 0 28 0 21 0 0 0 0 23 0 0 7 28 8 0 0 16 0 4 0 31 33 0 0 47 0 31 0 24 12 0 16 1 6 4 0 18 0 0 15 0 25 40 34 0 32 32 0 44 23 32 0 33 0 15 0 0 20 29 5 0 0 0 20 31 0 16 27 0 35 0 0 46 0 0 0 0 23 36 0 0 0 0 0 0 47 0 9 0 14 0 0 36 0 0 0 47 0 0 32 0 0 0 
0 43 32 0 0 0 0 27 16 0 0 0 0 19 26 0 7 8 15 0 0 11 0 0 0 0 0 5 0 0 11 50 30 0 25 43 0 0 32 25 11 0 43 22 0 27 4 0 30 0 39 0 42 0 0 45 0 0 0 0 17 34 0 0 0 0 32 15 43 47 25 18 42 0 42 30 0 0 14 0 11 16 0 0 0 0 40 18 20 27 42 34 50 34 28 3 0 33 0 0 0 43 16 13 0 0 0 22 13 0 45 0 0 48 0 1 0 10 45 0 44 43 2 35 0 22 35 44 0 0 26 48 2 0 0 5 0 0 41 17 49 26 0 6 43 0 0 0 0 50 40 42 11 0 0 0 0 16 0 0 21 36 0 20 11 0 46 17 22 0 18 0 0 0 7 23 10 23 0 
0 0 12 10 0 0 45 4 0 35 0 19 0 25 49 19 50 9 0 0 38 4 16 24 45 0 7 20 0 0 43 27 0 0 0 3 44 16 41 0 0 28 22 23 21 0 11 16 0 0 43 0 35 0 0 0 0 0 0 0 0 30 0 0 0 7 42 0 0 0 20 0 0 0 0 0 0 0 49 0 0 0 0 31 0 13 0 0 23 0 0 0 0 0 0 29 0 0 0 37 0 27 0 0 0 26 0 40 0 0 0 14 37 20 41 30 34 4 0 50 0 2 16 0 0 0 0 0 0 24 10 0 0 36 0 16 0 13 0 0 0 0 49 2 0 0 0 33 36 35 27 6 0 16 29 0 39 0 0 3 14 49 14 5 0 0 38 28 0 0 18 0 11 24 0 0 35 48 
0 50 3 24 0 0 4 0 0 0 5 0 0 26 44 0 49 25 48 12 0 0 1 39 0 0 0 0 50 37 0 36 0 0 0 17 13 4 19 27 40 3 42 0 0 6 8 2 9 0 0 15 34 20 44 0 0 0 30 49 0 0 45 0 0 0 16 36 0 0 0 10 0 0 37 39 0 29 14 0 0 34 0 0 15 38 0 28 0 12 41 19 50 0 0 50 5 0 0 43 47 5 37 46 0 0 19 0 0 25 0 0 46 0 41 0 0 0 0 0 23 11 0 41 42 37 0 0 0 0 0 23 0 39 0 0 24 0 0 33 0 0 0 0 1 0 36 0 15 0 0 0 0 48 25 0 0 0 18 0 39 26 0 0 0 36 10 10 0 0 38 7 0 0 15 0 0 
42 0 0 50 0 0 31 0 42 28 47 37 0 0 6 9 0 0 0 24 42 0 26 39 26 35 0 0 0 18 0 37 0 0 50 26 25 0 0 0 16 0 45 0 0 0 15 0 0 0 11 42 24 0 12 39 0 15 2 9 14 47 0 0 36 38 20 0 9 0 0 19 4 27 18 0 14 4 0 23 0 0 0 30 0 46 0 26 0 0 0 23 0 0 0 27 0 28 0 0 0 0 0 26 0 36 29 23 0 18 0 0 8 0 21 0 34 0 29 0 24 40 0 15 4 0 0 1 0 41 0 0 45 0 0 43 28 0 34 7 0 0 0 0 43 0 0 0 41 0 31 14 21 0 21 0 30 17 17 46 0 30 19 38 10 0 0 10 47 14 9 0 0 49 0 0 
45 14 0 0 5 12 0 0 0 0 0 0 0 12 21 40 12 30 0 0 49 0 0 0 13 0 36 0 2 35 27 21 0 49 0 0 0 27 21 23 11 0 32 0 35 0 25 0 5 42 7 0 0 42 47 0 43 30 44 4 0 0 0 37 0 0 0 39 17 0 27 0 15 21 5 0 9 0 28 0 0 0 22 3 3 0 0 0 0 0 21 0 0 0 39 7 0 0 0 0 0 22 0 0 0 31 0 21 0 39 35 46 41 0 20 0 0 14 0 6 18 8 0 19 0 22 0 0 0 49 0 16 0 3 48 7 3 27 0 0 0 38 0 0 0 4 13 0 25 0 2 30 19 0 0 26 20 0 0 24 0 0 38 0 0 0 0 26 0 17 0 48 0 39 16 
42 0 8 0 0 0 9 43 37 0 2 8 0 0 0 0 3 0 0 0 0 0 0 0 14 0 17 8 21 0 34 0 0 0 23 34 0 0 0 0 30 0 20 0 20 26 0 0 16 0 9 0 0 0 50 23 22 37 38 0 47 0 0 5 10 7 0 0 0 11 14 0 32 0 13 39 0 49 0 10 29 23 0 2 0 6 37 0 0 0 0 42 37 0 26 16 49 0 29 13 0 0 0 0 47 33 0 21 13 0 0 0 17 0 5 27 20 49 0 0 0 43 0 0 0 0 6 0 0 0 0 0 27 0 0 21 0 36 0 43 0 36 38 29 0 0 2 40 33 9 0 19 0 0 0 0 0 24 0 39 35 40 8 19 0 29 26 0 21 33 0 0 25 0 
36 34 33 45 0 0 0 40 2 7 44 28 0 49 0 0 0 21 1 38 0 24 1 0 0 0 0 0 36 0 0 36 25 0 27 31 0 0 0 4 0 19 32 13 0 0 37 0 12 0 21 39 28 31 0 6 25 8 49 0 0 38 20 0 0 18 44 15 27 24 6 9 0 0 10 0 32 23 0 0 22 45 28 37 0 0 0 9 0 0 0 0 0 0 42 0 0 0 29 0 16 22 0 0 0 16 50 0 0 0 0 50 44 0 0 7 16 0 2 4 0 0 41 0 13 0 45 41 13 30 50 7 1 0 9 45 0 0 0 7 0 0 0 0 46 0 31 6 25 21 0 7 46 35 7 38 0 0 0 0 0 27 0 46 0 0 10 37 47 46 0 0 31 
0 33 0 0 32 33 0 0 45 0 46 44 0 0 29 0 0 46 0 4 44 42 0 0 0 24 25 8 19 20 8 0 33 0 0 8 27 0 0 0 0 0 36 0 11 0 13 0 9 0 15 0 0 50 19 31 42 0 0 40 0 0 45 0 0 23 12 13 0 4 0 12 16 19 0 21 0 39 0 0 0 45 0 0 43 31 49 0 0 0 2 21 0 47 0 34 0 0 9 0 37 36 0 23 30 9 0 21 0 0 17 0 0 0 45 39 7 0 0 0 14 32 0 26 0 42 0 3 14 0 25 11 0 25 0 0 0 0 14 0 5 0 0 0 0 0 46 18 0 0 47 29 39 0 0 43 0 20 0 0 11 0 0 13 0 0 0 0 0 0 0 0 
0 0 0 0 0 48 0 19 0 0 9 0 14 39 34 0 0 0 0 0 10 0 0 33 0 30 14 34 0 0 43 0 0 2 0 0 0 0 0 0 44 0 1 10 0 38 4 0 8 11 0 43 48 0 21 0 9 23 0 8 0 19 49 26 0 27 31 28 0 47 0 0 18 0 17 0 0 16 0 0 0 0 0 8 0 0 0 0 0 5 45 0 0 0 21 8 0 36 3 30 29 45 0 0 0 0 21 7 0 24 0 0 0 7 45 35 34 0 0 0 0 5 0 0 0 11 0 16 0 3 48 0 7 12 41 0 0 0 0 0 0 43 0 27 47 0 9 13 0 6 31 0 47 0 26 0 9 36 1 0 0 12 0 0 0 37 0 8 0 0 50 
2 22 15 13 0 44 29 0 34 21 0 23 6 14 0 47 0 40 0 0 0 20 0 0 29 0 3 0 0 0 39 0 0 0 0 11 0 19 48 2 24 20 0 0 0 0 20 0 42 0 37 0 6 0 0 0 19 44 0 0 0 37 19 0 39 0 26 41 33 0 0 7 0 0 0 3 0 36 0 42 0 0 0 1 0 0 44 46 15 0 25 0 0 0 0 22 0 38 16 0 7 0 3 0 50 17 0 7 0 24 30 35 34 0 7 2 0 0 12 0 0 0 0 45 39 0 18 32 0 0 13 18 15 20 0 22 0 0 21 0 43 3 0 26 12 19 42 18 45 20 10 43 0 28 0 24 45 19 0 22 0 0 31 31 18 2 21 0 0 22 
0 0 8 26 0 4 39 0 20 43 0 42 40 7 0 18 0 49 32 0 0 13 0 0 32 29 0 0 4 11 45 0 2 0 47 7 0 41 16 0 50 0 31 0 35 0 0 2 0 39 40 0 0 0 0 10 0 27 34 31 47 5 47 31 42 28 35 0 13 36 36 0 28 0 0 0 18 34 48 0 0 14 28 6 0 0 0 0 0 48 21 3 0 0 0 1 0 0 0 0 0 10 0 1 18 0 0 0 0 45 0 35 0 2 34 33 33 0 44 0 25 0 0 29 0 44 0 45 48 0 16 0 5 0 38 0 15 13 30 44 0 22 0 0 25 0 0 0 0 0 39 47 19 18 33 0 13 12 0 25 26 21 17 0 0 0 0 0 0 
14 6 14 0 48 0 2 7 0 0 0 37 38 0 16 0 26 0 21 17 0 0 0 31 0 37 43 26 0 13 47 0 0 0 19 37 0 0 0 0 0 28 0 0 0 37 8 0 28 0 0 0 0 0 50 0 29 0 36 0 1 13 0 34 0 5 0 8 8 0 42 27 0 12 0 3 11 0 0 27 38 45 0 20 15 10 44 0 0 0 0 0 0 40 0 24 42 10 0 0 37 34 0 22 38 0 6 0 40 35 12 0 0 31 0 39 0 44 0 42 0 0 0 10 0 11 29 0 0 20 20 0 0 0 50 0 9 38 27 0 41 27 0 41 0 0 32 0 0 40 0 45 0 21 21 0 0 12 36 43 0 7 0 32 45 0 31 10 
44 47 0 24 38 43 0 0 0 0 2 0 23 0 18 0 9 0 0 43 36 0 33 0 0 23 20 24 2 35 0 21 0 0 37 0 37 0 0 27 25 0 47 0 24 0 25 0 0 0 0 2 50 0 0 39 0 0 38 0 15 5 0 35 14 0 29 0 7 0 6 11 0 23 35 19 28 0 30 15 38 0 48 14 30 13 26 0 0 0 26 46 42 38 0 2 33 0 4 0 3 0 0 42 0 45 0 17 0 0 0 29 0 50 0 0 0 3 17 0 42 47 19 28 0 0 20 0 18 0 7 36 0 41 0 42 43 0 47 0 38 19 44 0 24 0 0 0 27 0 0 45 0 30 0 0 25 28 46 20 0 14 9 24 0 3 7 
30 0 39 47 6 0 0 0 40 0 0 0 0 0 0 30 0 8 36 0 42 37 0 8 41 47 33 45 0 0 0 26 6 2 18 0 10 2 0 0 47 0 0 0 12 0 32 38 32 23 1 0 33 28 49 2 11 25 26 45 0 31 0 0 0 28 4 0 0 0 37 15 2 9 25 47 23 9 21 43 26 0 0 9 32 0 0 0 0 39 0 30 16 0 0 0 44 0 20 0 41 0 18 49 0 21 0 0 0 0 0 7 0 0 27 24 0 0 0 43 0 45 0 0 22 0 50 0 0 0 44 0 0 0 18 40 0 34 45 38 49 0 37 0 22 0 0 23 24 18 0 0 12 0 0 0 0 4 0 0 42 0 0 50 0 11 
32 38 9 36 0 25 0 46 0 0 0 0 18 9 0 0 42 46 6 0 13 0 18 29 14 37 0 0 13 0 37 0 0 0 0 0 0 0 0 7 30 0 27 0 17 0 49 0 0 38 9 16 25 49 42 0 40 5 0 0 0 32 0 0 0 29 18 29 9 17 0 0 0 0 0 9 0 21 0 12 43 26 29 47 45 0 0 33 39 0 0 50 30 46 0 32 0 47 0 47 0 0 0 7 0 33 0 0 31 0 17 0 0 7 0 28 0 47 9 0 0 46 17 2 0 48 21 0 30 0 0 39 0 34 48 20 0 0 0 28 24 19 33 0 0 0 0 0 0 0 0 32 0 9 46 41 0 0 44 0 47 27 36 0 0 
0 0 11 0 32 0 33 41 0 0 0 26 0 24 30 5 0 0 1 20 0 0 0 27 0 0 0 50 42 0 0 21 0 0 0 0 23 10 36 0 47 11 44 46 31 43 0 0 1 26 15 0 6 48 0 44 46 30 0 0 0 26 4 28 40 12 0 11 12 0 0 49 21 29 43 0 11 0 0 4 12 0 0 7 32 0 0 34 41 0 0 0 34 10 43 20 48 0 0 0 37 0 0 0 0 38 0 0 0 41 41 0 11 0 38 34 29 38 24 0 14 0 43 45 0 0 0 44 49 0 0 0 43 20 28 0 46 0 0 38 0 0 0 0 0 31 24 4 28 0 3 32 0 27 0 26 0 46 0 0 0 0 0 25 
11 0 15 25 0 0 4 12 0 0 0 43 3 0 44 0 49 8 25 14 3 28 47 0 0 14 31 0 4 42 0 21 23 0 0 0 46 0 0 0 44 42 0 45 11 14 0 34 4 0 0 0 10 48 28 17 0 8 0 1 0 0 31 17 0 0 21 13 0 7 0 14 5 0 0 20 0 0 40 0 5 0 0 0 48 37 24 0 11 9 33 20 0 0 0 0 0 0 37 18 0 0 0 38 12 0 0 0 0 0 0 21 32 19 0 0 0 26 0 43 0 28 19 0 0 22 8 0 21 16 0 0 15 0 7 40 48 17 50 0 45 0 41 0 34 13 0 3 12 20 13 0 0 0 3 18 0 0 0 9 0 34 0 
15 44 24 18 27 0 40 19 0 0 14 40 0 0 0 9 12 0 39 37 34 0 28 13 12 35 0 8 9 0 20 0 0 34 0 0 48 0 0 0 43 25 0 15 0 0 0 6 23 0 23 0 0 0 0 8 0 3 0 0 32 0 26 0 0 46 0 0 44 17 32 23 25 0 30 23 5 50 8 40 16 23 0 0 0 0 10 49 47 0 31 30 17 18 20 17 11 22 0 0 13 28 0 0 34 0 31 1 0 29 0 0 9 0 0 0 0 34 20 0 0 43 42 37 10 0 0 27 38 36 0 41 11 0 11 0 20 5 0 3 0 12 0 48 26 0 25 46 0 0 38 0 23 22 0 0 8 0 21 19 20 0 
3 0 0 0 0 0 0 0 29 0 32 0 0 0 0 43 12 0 0 20 0 15 0 0 0 0 5 0 0 1 17 18 19 0 11 19 49 0 0 0 0 0 0 12 45 31 0 0 0 13 0 21 39 0 0 28 15 17 0 25 0 4 13 27 22 0 0 1 0 25 0 25 34 0 0 24 0 21 15 8 0 0 1 45 30 0 47 0 3 0 0 0 0 0 17 7 0 3 21 7 0 0 47 0 19 0 35 34 0 46 42 30 41 0 28 0 0 48 9 0 45 0 37 0 14 0 40 0 6 0 10 0 44 19 0 44 0 1 50 5 0 41 0 49 0 0 0 39 0 0 16 5 0 14 5 44 24 10 0 34 33 
0 15 12 0 32 0 0 0 3 0 21 9 0 0 47 0 2 0 0 30 28 25 27 41 0 36 0 0 34 45 0 0 12 0 31 0 0 40 33 5 24 0 30 27 0 48 0 37 22 2 29 0 0 8 0 0 0 5 0 0 44 15 0 13 0 24 0 34 0 0 12 0 3 6 0 0 0 0 0 0 41 33 21 0 0 6 0 0 0 31 0 28 0 0 26 7 0 30 16 0 0 31 0 0 1 0 5 0 24 40 14 9 38 25 0 14 0 28 31 0 29 0 14 0 15 0 15 29 17 0 43 0 0 0 45 15 0 38 47 0 0 23 50 50 8 0 0 16 0 0 0 0 25 50 0 33 0 42 0 0 
0 0 0 0 0 25 0 14 0 0 0 0 0 17 0 0 0 0 34 0 0 20 18 0 0 19 0 23 0 48 0 0 24 0 21 0 47 0 0 15 0 43 0 0 0 50 41 33 0 0 0 34 22 0 0 1 12 0 25 28 0 8 0 0 0 29 46 0 20 0 2 0 8 0 31 0 3 0 0 38 47 46 0 0 23 0 0 0 25 0 0 0 0 38 0 30 44 0 5 50 0 32 16 0 47 0 17 0 42 25 0 46 32 0 0 32 0 2 22 0 9 35 0 0 0 24 38 0 0 0 0 0 0 21 24 2 15 34 29 32 0 30 0 35 45 41 0 21 0 0 18 10 40 42 0 15 12 0 0 
2 0 21 0 0 8 50 0 24 45 0 0 19 0 0 0 2 7 0 48 11 0 50 0 0 0 0 18 0 0 0 4 0 0 13 0 0 0 0 10 30 0 6 0 0 0 0 12 0 0 0 6 33 0 40 0 6 0 0 33 0 0 50 6 30 4 36 0 0 8 26 0 37 8 0 15 6 46 0 43 18 39 48 0 13 0 0 27 0 0 38 0 0 29 10 0 0 0 0 9 0 26 0 0 0 0 0 0 21 49 38 0 35 32 0 0 0 0 8 0 0 0 0 0 47 31 8 40 36 31 0 0 49 0 12 35 0 28 11 0 0 21 0 0 0 0 0 0 50 9 9 34 16 0 0 0 40 0 
38 0 8 0 41 0 0 17 24 0 45 0 47 9 0 5 0 0 24 26 0 29 0 11 11 14 0 22 0 0 0 0 28 0 0 12 0 0 0 36 0 14 19 0 36 28 0 0 0 0 38 0 0 0 16 0 0 26 0 0 0 24 0 36 8 0 16 0 15 31 0 0 0 0 21 46 17 5 12 27 31 0 0 42 44 4 0 10 0 45 0 0 0 30 0 41 42 32 34 40 48 0 5 50 28 0 19 44 0 0 0 0 16 0 0 0 0 48 0 15 2 20 25 0 21 0 6 0 0 32 9 39 0 0 32 0 33 50 8 0 0 11 0 0 0 0 0 41 13 14 0 38 0 0 0 18 0 
10 0 49 19 0 32 0 0 18 49 0 42 0 1 0 3 0 0 0 40 0 0 0 0 37 30 47 41 0 0 0 39 0 0 50 0 0 18 0 27 0 0 25 0 33 8 0 0 49 0 3 2 4 0 43 0 0 0 0 5 8 36 0 17 0 35 14 34 0 0 48 11 0 49 0 49 50 0 22 11 0 39 6 0 5 0 5 0 0 0 0 20 46 0 19 0 0 0 17 24 23 0 42 0 0 5 49 25 4 43 0 5 0 0 40 0 0 0 0 1 0 19 0 0 0 0 3 0 0 43 9 0 32 7 21 0 0 0 29 24 29 49 0 11 19 27 37 49 0 0 40 0 28 0 30 0 
7 23 0 0 0 0 0 0 40 22 22 0 0 43 1 24 0 20 13 0 44 0 0 37 19 0 0 0 0 49 0 29 49 0 9 1 0 0 7 35 34 0 8 49 38 0 37 15 0 18 16 0 0 0 39 9 0 0 0 0 0 0 0 0 0 7 0 0 33 19 31 8 17 45 0 50 0 0 48 0 40 0 0 7 30 0 38 0 0 0 13 39 14 14 0 0 0 44 36 0 0 21 29 44 20 2 0 43 0 0 0 3 0 0 0 5 36 0 22 0 0 0 43 0 8 0 0 0 0 48 7 0 0 0 49 3 0 0 0 0 0 29 0 25 0 0 13 12 0 0 21 0 27 26 29 
41 11 15 21 23 1 0 5 0 48 0 6 13 5 50 0 0 0 18 0 0 0 40 0 0 0 40 0 0 48 0 0 0 0 29 0 0 0 0 23 0 0 32 25 12 24 22 18 47 48 14 8 0 38 0 0 23 42 0 38 0 8 0 0 35 1 8 3 49 0 0 49 0 48 0 4 44 0 28 0 40 40 0 35 0 7 0 0 0 31 37 19 48 33 0 7 30 0 36 0 0 0 0 4 0 0 39 0 17 44 25 0 0 0 38 44 28 37 0 0 0 0 5 0 0 50 0 37 47 0 0 0 17 0 0 0 0 0 0 0 48 45 0 0 24 19 32 0 19 0 22 34 0 50 
0 0 0 0 3 45 3 0 0 0 36 0 34 0 0 34 0 0 0 19 0 0 37 0 0 0 0 0 0 0 0 38 50 0 26 12 28 37 42 34 13 0 0 0 0 32 0 0 0 0 1 35 4 0 32 19 0 0 9 28 0 0 24 0 0 34 32 25 0 0 0 17 0 11 24 8 37 0 35 0 0 31 26 0 0 0 0 0 13 0 13 0 0 0 20 26 31 13 0 45 33 45 26 13 16 6 0 0 13 33 0 0 0 0 0 0 0 0 0 0 38 0 21 0 0 0 0 0 0 0 3 1 26 0 13 2 0 0 0 8 44 0 16 1 0 0 0 0 0 2 47 33 17 
41 0 1 30 8 22 0 40 15 0 0 0 17 0 0 0 0 0 28 14 12 45 5 23 19 0 28 0 0 0 0 47 9 43 35 0 32 0 0 0 29 0 5 0 0 0 0 40 0 0 16 13 0 0 35 41 21 0 0 0 11 0 0 0 0 23 14 0 0 8 0 45 17 18 0 16 6 0 10 0 0 0 0 0 0 27 0 0 0 28 0 41 0 27 0 0 0 47 0 7 0 37 38 22 0 41 50 48 20 30 0 0 29 18 21 32 23 0 0 19 0 1 0 21 0 0 0 23 32 0 0 0 13 0 0 0 0 0 0 49 0 35 40 0 12 0 0 0 0 40 0 39 
0 6 0 1 0 42 7 0 0 0 17 34 0 0 19 0 0 4 19 5 41 0 42 0 25 0 0 0 14 0 0 42 0 31 0 0 29 26 38 11 47 22 5 16 7 44 38 3 0 0 45 27 0 0 0 0 0 0 0 0 36 0 0 24 0 19 48 5 27 34 14 0 0 0 32 0 29 47 41 46 39 0 28 20 6 0 20 0 0 10 19 0 17 46 0 12 0 0 0 14 0 10 0 0 0 26 0 0 14 12 0 43 0 31 45 0 0 0 0 16 20 15 40 0 0 41 0 17 0 3 24 17 29 0 0 16 40 0 0 22 18 12 10 0 0 0 28 18 27 47 49 
0 25 0 0 0 21 30 46 0 0 0 40 0 0 13 22 48 0 35 23 9 18 0 0 0 46 0 40 0 0 37 0 0 0 38 41 0 0 4 25 50 26 0 0 31 30 0 0 28 0 0 0 0 0 32 0 8 4 46 38 47 0 7 0 0 23 0 15 34 0 18 14 0 0 0 30 5 0 15 12 0 40 11 0 0 0 0 42 19 48 4 0 0 0 0 32 0 23 0 0 12 0 0 0 10 0 6 0 0 0 0 39 26 0 0 0 38 0 0 25 16 36 21 0 15 0 0 0 27 35 0 0 0 35 26 37 0 0 0 44 44 0 0 41 0 0 12 0 0 33 
43 3 0 1 38 25 0 0 48 18 38 0 0 14 0 0 18 42 0 0 0 0 28 14 0 0 37 0 32 0 43 0 0 8 0 0 33 0 0 39 0 27 13 0 47 0 0 17 16 0 0 38 0 14 0 47 0 48 6 5 0 0 0 23 34 0 38 26 48 0 0 0 50 14 0 0 12 0 0 42 38 0 12 0 0 0 16 0 44 28 34 48 0 0 43 0 0 7 0 12 30 36 0 0 0 0 0 0 0 31 25 40 31 0 0 0 48 0 0 0 48 0 0 1 0 0 30 0 23 37 0 0 0 6 41 33 24 0 44 17 0 0 6 28 39 0 0 0 8 
0 0 0 49 0 3 25 40 17 0 0 17 0 0 0 0 32 0 0 5 0 0 24 35 0 0 0 1 17 11 0 37 0 47 0 0 42 10 0 5 24 0 12 10 13 0 0 0 2 0 24 8 46 0 0 11 13 0 0 0 14 50 0 0 0 11 0 0 34 16 26 18 0 0 0 23 47 0 44 18 36 0 0 18 37 0 0 0 0 46 43 0 0 0 11 0 5 24 0 9 0 0 0 11 3 0 25 45 0 24 17 45 45 0 26 0 0 0 0 36 4 0 0 0 35 0 0 0 19 49 13 16 24 3 0 0 0 0 0 0 0 8 40 24 50 6 0 0 
0 48 0 48 5 0 7 0 0 0 46 0 0 12 0 18 31 18 30 4 12 0 0 0 32 47 0 40 0 15 29 0 0 0 40 15 50 39 0 42 31 20 30 0 0 45 0 50 9 0 0 0 42 0 0 0 32 0 0 0 18 33 0 22 35 29 35 0 12 12 12 0 0 0 42 0 0 41 31 0 0 0 0 0 25 25 0 18 0 0 36 22 0 0 4 0 13 32 0 43 0 36 0 32 0 26 25 0 0 0 14 0 0 49 46 0 0 0 0 0 0 0 18 45 0 0 45 0 0 46 0 29 25 0 0 24 43 0 0 0 0 29 25 0 0 41 14 
31 0 27 0 3 22 0 47 0 0 0 0 0 4 0 32 0 18 3 50 0 46 27 26 2 27 0 0 12 38 0 43 16 21 0 40 0 0 18 37 18 0 0 0 31 42 0 0 0 12 0 50 33 0 0 0 50 35 0 0 0 0 39 1 15 0 0 9 3 23 13 50 1 0 0 49 0 15 41 23 13 0 42 0 32 0 49 11 0 18 0 32 0 30 45 0 0 0 0 0 11 0 34 0 0 0 0 49 0 0 36 0 13 0 0 0 0 41 16 0 19 0 25 0 0 0 0 19 0 19 0 10 45 0 0 12 2 0 0 0 33 0 0 27 0 42 
19 0 50 0 26 17 0 0 0 0 0 35 0 0 0 0 0 19 0 30 0 0 15 0 0 0 41 0 23 12 29 0 4 34 48 0 39 0 15 0 27 14 0 0 43 0 0 48 18 3 35 24 39 47 20 46 36 10 33 28 0 10 41 21 0 33 0 42 36 2 0 21 0 4 15 0 0 9 16 4 0 0 37 0 0 0 0 0 0 0 37 23 0 25 0 0 20 39 39 0 0 41 23 30 15 32 0 47 19 43 41 1 23 37 31 0 0 0 0 46 25 50 0 0 0 47 25 45 6 0 0 0 6 0 15 0 46 25 12 0 27 0 0 0 37 
0 8 0 0 4 0 34 0 50 7 41 26 39 0 10 12 0 0 29 0 13 0 0 0 22 0 12 29 41 0 43 0 7 47 34 48 0 0 42 0 29 0 2 2 0 0 35 0 0 0 40 9 38 0 0 50 3 16 0 19 42 50 0 0 14 0 0 35 2 0 0 0 0 25 0 0 25 16 1 50 0 5 0 48 0 0 18 0 39 18 22 23 0 22 0 0 48 5 7 0 0 26 0 0 9 5 0 26 5 0 0 0 39 0 0 0 0 0 0 22 0 0 0 0 0 1 22 0 33 0 11 0 0 0 3 0 5 0 0 1 0 14 0 0 
0 0 0 19 0 10 17 0 0 0 0 28 42 13 0 0 0 0 0 0 0 13 15 0 0 16 0 0 36 36 8 0 0 0 0 1 0 0 0 10 0 0 46 0 7 49 32 42 22 4 7 0 26 19 27 0 0 36 0 25 47 27 0 10 0 6 0 6 4 0 39 0 0 0 31 16 0 41 18 0 38 6 17 0 0 24 48 35 0 0 0 47 32 0 0 46 0 43 38 3 12 0 0 26 42 19 45 0 0 0 0 0 43 49 0 0 0 28 0 0 9 0 0 0 0 32 6 21 21 9 0 17 0 0 0 0 0 0 0 43 14 0 0 
0 0 0 16 0 0 10 14 37 9 0 0 43 42 0 37 0 19 0 0 14 0 35 9 43 28 2 0 2 0 1 28 40 0 43 32 38 35 0 0 0 0 0 38 43 47 0 46 0 47 0 18 36 0 3 47 13 0 0 49 0 39 25 0 26 11 41 21 41 0 0 0 19 0 0 0 0 9 0 3 25 19 0 48 39 32 28 0 0 0 28 0 0 22 0 47 0 0 27 15 0 0 22 32 10 27 0 48 0 36 0 24 0 13 0 0 44 37 0 24 0 42 0 0 0 0 28 42 0 3 12 0 0 0 40 36 44 44 0 29 0 46 
0 0 0 0 0 0 48 29 0 8 18 30 0 0 45 28 0 0 0 0 23 25 7 31 0 37 3 3 0 21 0 10 45 0 9 4 40 0 0 25 0 0 0 0 0 0 0 13 41 0 0 30 9 0 31 15 25 0 0 0 0 30 0 48 15 32 47 0 44 0 0 28 0 17 0 20 0 21 0 0 0 0 0 44 0 33 12 0 0 17 0 46 46 30 34 0 44 1 16 24 44 5 0 36 18 0 28 0 16 21 1 46 45 41 0 23 18 0 37 10 0 0 3 0 0 0 0 45 46 34 5 0 14 0 36 0 21 0 0 0 0 
34 48 23 28 0 10 0 11 0 7 0 0 0 0 37 0 22 32 0 32 24 0 11 0 0 0 0 0 6 0 0 0 45 0 27 40 0 0 0 0 47 22 0 0 0 13 0 0 35 30 0 0 0 8 8 32 0 31 7 0 32 0 46 28 39 0 0 45 0 17 0 0 0 0 44 0 0 8 0 0 34 3 0 0 18 22 4 28 0 26 0 0 0 13 42 0 16 0 0 16 11 0 34 0 14 16 24 0 37 32 44 0 0 34 0 41 0 2 0 43 0 45 39 0 0 16 32 28 0 0 49 35 37 38 0 0 0 27 0 50 
13 2 42 4 10 31 28 0 39 0 43 19 19 0 40 4 49 31 34 47 0 0 0 0 11 0 21 0 11 0 0 5 0 0 0 0 32 0 0 0 0 40 37 0 0 0 0 0 6 0 0 6 4 21 33 0 36 45 15 0 38 0 0 0 0 29 0 26 39 19 35 0 0 45 6 36 27 32 35 0 40 35 47 40 0 0 0 47 0 0 31 20 7 35 30 5 0 10 50 0 0 5 0 0 38 18 0 8 0 2 17 0 50 0 16 0 0 34 37 17 27 0 6 1 18 50 22 17 0 0 37 47 0 15 34 0 0 14 0 
0 0 0 9 41 0 29 0 1 42 25 0 27 7 15 4 40 0 25 38 0 0 3 27 32 34 27 16 0 0 26 0 34 50 0 40 40 0 0 0 50 0 43 0 19 9 0 12 0 36 31 36 2 0 16 0 0 50 0 0 40 5 0 0 20 0 5 0 0 0 19 0 16 33 0 35 0 0 26 0 8 1 5 0 31 25 0 0 45 38 40 0 49 0 13 0 20 0 0 27 4 0 36 0 0 35 0 50 25 0 28 45 0 0 0 3 29 45 0 26 0 34 0 23 0 0 35 6 24 0 0 0 17 24 0 33 0 30 
45 11 0 0 17 0 12 10 3 0 48 0 0 0 0 14 0 46 11 42 0 0 0 24 0 14 44 43 0 1 27 0 34 0 43 0 0 0 0 12 16 41 0 0 44 0 0 38 0 7 29 0 20 43 0 0 12 50 43 0 0 0 37 29 4 10 0 39 3 0 0 0 20 10 0 0 0 34 17 0 38 44 0 0 48 0 0 19 1 0 0 50 47 0 0 50 13 0 25 0 43 0 0 27 9 45 15 45 5 32 31 0 0 7 0 28 0 44 13 0 0 23 29 0 2 0 0 0 0 33 28 41 37 38 0 0 40 
23 44 5 49 0 0 49 49 0 0 0 44 28 0 8 0 29 32 0 0 35 19 0 16 45 42 0 24 0 28 31 16 0 0 0 0 0 0 38 0 41 0 0 46 38 43 42 5 0 0 0 28 50 0 43 28 0 1 43 0 0 0 25 0 0 0 0 0 12 0 26 3 35 1 12 0 31 5 40 0 0 43 0 47 26 14 0 6 0 12 13 23 0 36 0 0 0 28 0 0 25 0 0 0 27 0 0 0 39 0 50 0 0 0 0 0 0 31 23 14 0 27 28 0 26 0 0 0 22 0 1 0 29 49 0 42 
15 0 0 29 0 46 29 40 0 17 0 13 0 0 0 0 8 0 35 36 23 39 36 0 33 0 50 50 0 0 0 31 0 5 0 17 0 0 0 0 44 0 10 0 0 0 22 0 46 0 45 0 43 24 13 19 0 0 0 0 23 0 0 0 11 0 3 31 0 0 48 33 0 0 27 20 0 0 50 7 25 0 0 0 0 0 0 15 0 0 22 1 12 0 35 0 13 50 9 0 0 0 12 0 49 0 30 0 0 21 29 44 18 13 0 16 49 0 0 43 0 38 0 0 0 31 0 27 0 39 31 0 33 0 0 
35 22 0 38 0 35 9 33 23 43 0 0 25 36 0 0 0 49 0 0 19 0 0 27 13 0 11 0 12 0 42 3 26 34 0 47 0 12 0 13 0 0 4 0 0 0 0 0 45 37 48 15 0 44 0 27 0 0 0 0 0 7 16 0 0 0 41 0 0 16 0 37 0 0 38 0 0 11 39 29 0 5 41 0 0 0 39 0 0 34 0 12 36 0 0 0 0 0 0 0 0 7 0 0 0 39 0 46 0 38 0 0 11 0 18 14 0 11 0 0 0 0 0 22 40 0 26 0 41 8 48 0 41 38 
48 0 0 11 0 38 0 37 0 0 13 18 23 0 33 12 0 0 50 0 0 0 32 0 0 5 0 0 0 0 24 45 47 23 0 0 29 5 0 31 0 14 39 0 0 27 39 0 0 0 0 28 29 0 26 13 31 0 0 11 0 1 0 49 44 13 21 47 13 0 0 32 0 26 42 9 0 0 7 0 35 0 0 0 0 40 0 28 0 0 0 0 0 18 0 25 0 36 34 1 0 50 7 21 45 22 12 0 0 0 24 10 0 0 2 39 2 31 9 50 45 0 0 0 39 0 33 0 32 0 0 0 0 
40 44 35 14 0 9 0 19 30 0 32 0 35 0 0 31 15 46 0 4 0 0 0 0 50 0 0 0 45 22 22 34 25 0 0 44 0 30 0 30 0 0 31 0 1 0 0 26 0 29 19 17 10 16 23 40 0 47 16 0 46 17 15 0 0 0 5 10 0 0 35 0 0 0 0 0 20 25 0 22 32 0 0 17 0 16 0 0 31 17 18 11 44 0 0 0 0 0 0 0 0 0 8 23 0 0 13 14 12 0 0 38 0 15 2 0 25 0 2 0 0 42 38 32 29 0 0 50 41 4 0 35 
0 0 0 42 38 6 5 10 0 0 45 38 45 23 23 0 0 6 42 27 38 0 0 0 20 2 3 0 15 0 9 9 38 0 0 1 0 29 45 0 0 38 47 0 0 15 0 0 0 0 0 41 32 0 0 46 0 25 17 0 30 20 11 33 5 45 0 0 8 0 37 20 0 37 0 46 0 32 22 38 44 8 42 0 11 21 23 0 31 0 44 0 0 0 0 0 0 0 0 12 0 48 0 43 36 0 49 35 0 0 6 0 0 0 0 45 31 0 5 0 6 0 0 40 0 33 33 38 29 0 0 
3 0 0 8 31 29 23 0 0 0 30 0 19 13 0 43 0 0 19 0 13 0 17 2 0 0 27 39 35 15 0 1 0 0 8 32 0 30 0 4 0 4 23 0 0 4 8 7 45 0 1 16 0 0 32 49 0 36 0 0 29 0 20 0 0 31 0 9 43 7 0 35 16 38 9 34 0 37 0 30 19 29 0 0 17 0 0 26 49 0 19 7 3 33 6 0 44 0 0 3 43 0 0 0 0 44 37 38 0 22 0 40 21 0 4 0 35 16 19 0 0 0 0 7 30 0 6 0 15 0 
0 32 0 49 45 19 0 17 14 37 4 9 0 4 0 11 11 0 10 0 0 14 0 0 3 45 0 0 0 40 41 41 0 10 20 0 47 17 10 48 0 24 21 0 0 2 0 31 0 5 0 21 0 11 26 47 48 0 9 0 22 10 12 11 41 0 50 4 0 0 19 20 1 32 0 32 0 0 0 6 0 1 0 47 43 0 20 5 0 22 43 0 0 44 22 24 0 0 0 17 0 0 0 2 18 0 6 0 0 0 9 0 26 29 0 21 0 24 13 0 0 0 0 31 0 20 46 19 12 
0 36 0 25 49 0 0 44 10 0 8 0 5 0 0 0 39 22 0 0 39 49 7 0 6 6 0 0 32 25 28 8 44 17 0 19 0 0 45 24 0 0 0 0 0 0 37 32 0 0 13 0 0 47 24 42 0 0 13 24 30 31 39 37 37 0 0 0 21 10 36 50 0 0 46 8 0 1 0 33 33 0 0 0 32 39 0 39 33 0 0 0 9 19 18 34 45 38 8 24 0 32 41 44 0 32 2 25 14 42 30 0 23 15 14 7 5 34 0 36 0 0 0 16 0 0 23 7 
16 0 0 2 15 0 25 47 0 0 0 33 0 2 15 34 0 10 0 44 37 0 0 0 1 0 31 0 16 6 37 0 0 0 48 20 0 17 0 3 0 5 48 18 23 0 9 45 26 18 7 28 0 0 36 0 36 39 0 7 0 0 46 40 10 0 0 0 5 0 0 0 40 48 7 0 34 33 0 25 0 22 34 6 0 0 0 0 0 0 0 0 0 30 0 16 0 0 0 49 47 16 48 0 0 0 22 0 0 47 15 13 34 27 23 2 0 38 44 6 13 43 6 0 0 50 43 
43 22 9 0 0 36 0 0 0 14 14 13 22 0 35 0 0 5 29 41 0 0 22 0 43 37 0 5 0 32 0 0 7 0 6 0 0 10 0 0 0 0 18 0 36 0 0 5 0 28 0 0 3 0 19 29 0 44 0 0 0 0 0 0 14 0 10 0 0 42 0 36 0 28 0 0 33 0 40 0 42 46 49 45 0 0 27 28 12 0 0 7 4 21 0 0 39 0 40 22 35 42 0 11 35 0 0 9 0 38 0 9 38 26 0 0 37 14 6 33 22 0 37 0 0 17 
0 0 43 0 0 9 35 0 0 0 0 0 0 0 0 0 29 0 0 43 0 38 0 0 0 0 39 39 46 0 0 22 14 0 0 0 18 25 0 45 21 27 23 0 0 0 0 45 16 16 0 41 0 39 44 10 0 41 15 0 0 0 0 0 8 0 44 0 24 26 0 0 28 0 22 0 38 0 22 0 0 41 0 45 0 0 27 0 20 0 0 18 0 0 17 0 0 0 30 0 0 9 43 0 0 0 32 0 41 0 21 0 0 0 32 0 0 0 39 0 0 39 0 0 8 
0 0 26 30 0 19 22 7 22 0 33 26 0 0 0 45 4 0 0 0 0 0 0 7 0 0 18 0 7 0 0 31 19 0 41 38 0 33 0 21 0 38 40 0 0 0 37 0 17 34 17 21 32 48 0 0 0 14 0 37 0 0 3 0 0 32 0 47 0 21 0 0 41 33 0 0 10 11 0 2 43 0 0 0 12 0 31 28 0 0 0 13 0 0 0 0 36 0 0 1 0 0 10 7 46 0 39 50 0 0 14 49 0 0 0 0 0 0 48 0 0 33 0 0 
20 15 23 37 49 0 11 0 26 0 32 0 21 12 15 25 34 28 0 11 0 0 0 37 29 0 17 0 11 48 0 0 9 1 24 0 33 0 0 14 18 41 0 0 25 0 30 28 0 0 0 0 6 0 0 0 0 30 0 26 9 0 0 36 47 21 0 0 0 39 0 20 0 0 40 0 0 35 0 19 0 36 48 0 12 0 15 0 0 13 0 15 0 27 0 29 0 41 46 48 0 6 0 0 43 0 38 0 24 0 0 0 0 0 2 0 0 0 16 17 1 13 33 
0 0 45 0 24 0 32 18 38 0 32 35 15 4 0 42 34 0 18 0 49 22 34 33 0 23 23 0 32 0 0 3 0 30 22 0 0 0 0 0 0 0 8 0 0 0 18 0 0 12 4 0 22 0 0 3 0 0 25 0 0 4 0 0 0 0 31 23 33 35 0 0 0 48 0 0 0 0 4 0 0 2 0 0 0 0 0 0 33 43 20 49 18 2 0 14 0 47 0 0 0 0 39 13 0 31 0 30 44 0 0 30 4 12 0 0 0 7 6 0 0 5 
0 0 0 0 0 0 0 0 29 49 0 49 47 50 0 33 39 0 42 0 0 0 0 6 35 21 32 31 37 0 33 18 10 0 4 15 0 13 7 12 34 29 18 0 0 0 34 20 0 14 7 42 41 0 0 0 18 0 6 0 0 1 0 0 0 0 0 0 5 0 30 0 0 0 29 0 0 0 49 46 0 8 0 7 34 43 16 39 4 0 12 5 0 0 0 0 4 19 0 0 0 36 9 16 12 0 0 0 0 0 2 0 49 0 0 0 0 25 0 0 14 
0 5 0 0 0 17 4 21 0 0 5 13 0 45 3 0 0 0 0 0 22 0 30 0 0 0 20 24 0 0 32 0 31 0 44 0 0 12 0 0 46 29 0 46 11 0 0 0 0 16 0 4 0 45 0 38 0 0 31 5 45 16 0 6 0 16 49 0 33 4 2 24 17 12 43 15 16 13 0 0 0 0 3 0 0 36 32 0 0 42 33 27 0 0 0 39 0 0 3 41 0 16 0 5 6 0 0 0 0 0 0 5 0 3 0 47 0 1 37 38 
0 11 22 0 0 0 36 0 37 16 22 33 0 0 9 20 48 2 10 0 45 0 32 0 0 0 19 33 9 6 0 7 17 0 0 0 4 0 25 0 5 28 1 0 0 30 50 0 0 0 32 0 29 13 23 36 49 42 47 0 0 0 0 0 23 37 0 41 10 13 0 0 0 3 2 0 35 0 0 0 19 25 0 24 0 4 0 47 2 0 7 30 43 43 0 38 23 0 18 4 43 0 0 0 0 0 0 42 5 0 11 0 0 0 31 0 8 21 0 
18 0 0 0 1 23 0 11 34 27 18 48 42 0 0 0 0 32 36 0 0 40 20 0 19 30 0 45 10 24 31 0 0 0 17 0 48 30 45 0 22 31 0 1 8 0 45 0 2 18 0 27 0 12 23 5 0 37 13 14 0 42 0 10 40 0 24 30 3 3 45 0 0 36 28 0 0 24 0 41 26 25 1 14 43 0 0 30 0 4 11 0 19 38 38 12 0 0 0 0 0 1 27 0 15 0 0 36 14 24 0 20 0 40 0 3 0 27 
0 0 48 45 0 0 18 23 22 14 26 0 0 0 0 14 44 16 44 14 50 1 39 4 0 0 1 0 28 0 31 49 13 0 15 0 40 37 0 18 0 32 18 0 13 6 27 0 23 50 0 41 27 16 0 33 33 0 0 0 0 45 0 33 30 2 26 5 0 2 18 8 0 0 0 28 12 0 45 0 0 0 4 0 0 0 40 36 7 39 30 36 26 20 43 30 48 12 0 34 9 8 0 50 10 1 0 0 43 46 0 40 0 20 0 25 0 
49 0 18 42 0 47 32 50 21 20 0 1 13 38 0 0 0 34 4 0 0 0 0 0 0 0 0 0 47 0 41 6 42 27 0 0 3 42 0 31 0 25 24 38 1 0 0 14 23 0 40 25 0 0 14 0 0 16 6 44 9 0 0 0 35 7 48 0 33 28 0 0 50 38 36 0 0 16 41 0 34 39 0 32 8 0 47 35 0 26 0 48 0 21 0 27 28 28 30 0 49 0 0 0 0 0 34 0 0 0 0 0 40 31 0 35 
39 0 44 0 0 0 0 0 0 0 29 0 0 0 3 41 28 0 0 0 0 14 0 16 0 13 28 3 0 42 0 35 0 0 28 49 0 4 0 4 43 0 0 33 24 0 0 16 4 0 8 0 10 0 13 0 0 24 0 0 0 2 6 3 0 0 1 18 0 25 48 0 27 44 0 0 42 2 0 0 0 42 13 33 32 16 20 28 0 0 0 3 0 47 36 0 17 0 50 0 37 0 0 0 27 3 15 0 0 0 30 0 0 31 21 
10 30 0 0 0 3 0 0 28 44 15 11 42 0 40 8 17 0 26 0 0 0 0 0 0 0 0 48 0 42 0 48 9 0 29 13 29 48 24 3 0 0 23 40 0 0 0 41 41 3 0 40 43 0 0 43 12 0 0 7 6 50 0 29 50 23 44 0 3 17 38 50 24 0 0 0 10 0 0 0 7 0 41 0 0 0 15 24 44 14 49 30 0 17 0 12 49 36 11 0 0 0 0 1 50 31 5 0 9 20 0 15 0 34 
49 31 0 0 0 0 0 0 39 25 0 46 0 36 8 19 0 0 0 0 0 0 0 0 11 6 0 30 15 48 0 44 0 0 7 40 0 0 37 0 0 43 0 0 0 27 41 27 0 0 40 0 0 10 24 13 0 49 28 11 49 0 0 0 48 0 0 10 34 0 0 4 0 28 0 8 0 0 13 0 31 0 36 20 28 0 0 33 0 35 9 0 0 17 0 0 0 9 10 0 0 3 0 0 3 13 30 0 0 27 47 48 43 
0 43 0 0 0 0 0 0 34 0 0 0 39 0 31 0 24 27 0 0 0 3 33 0 0 29 7 0 39 9 15 8 41 24 31 0 0 0 0 32 24 0 0 0 0 28 0 21 0 0 38 19 11 0 0 50 0 26 10 0 0 0 0 0 13 19 0 0 42 2 0 38 43 20 0 36 4 0 25 16 25 17 23 29 16 0 39 0 10 0 0 0 0 0 0 32 10 35 17 30 0 32 31 0 0 6 0 3 0 9 20 0 
0 0 0 26 0 0 0 21 50 0 25 0 45 0 3 39 7 0 0 0 48 0 0 0 0 0 0 7 0 22 3 0 10 32 0 0 0 0 32 43 4 0 23 41 0 0 36 21 0 0 0 0 0 1 0 12 0 1 33 0 0 0 0 0 18 0 0 11 0 0 16 18 20 33 36 25 0 0 0 0 0 0 0 19 39 41 0 0 0 42 31 0 45 11 40 1 0 0 25 22 0 49 41 45 0 21 0 0 48 0 9 
6 1 0 0 0 29 31 14 40 0 0 45 0 0 0 13 0 18 32 0 0 0 0 0 36 46 0 44 0 45 0 0 50 0 13 0 0 0 5 2 0 0 20 0 0 0 0 0 44 28 0 0 8 9 11 0 0 31 47 34 37 36 42 0 0 0 44 0 14 29 10 0 0 0 39 4 16 33 37 28 0 0 0 0 0 0 0 49 0 43 0 0 0 0 0 0 30 5 0 5 0 30 48 26 0 0 30 0 0 0 
0 18 0 17 10 39 0 26 46 13 37 0 27 46 34 0 2 3 2 43 0 33 0 0 28 0 13 26 0 0 2 41 0 2 1 13 0 5 24 44 34 25 0 45 13 37 44 14 16 14 15 46 0 0 0 0 0 43 0 0 16 11 0 18 8 0 0 0 0 34 2 0 6 21 0 0 0 41 0 38 0 0 21 0 29 0 0 2 23 27 0 0 0 8 15 16 0 21 44 46 0 0 0 27 22 0 0 21 38 
0 0 0 0 29 0 0 0 12 0 0 0 0 32 30 0 21 0 23 0 0 41 0 3 8 25 4 0 32 32 0 20 2 8 42 3 22 0 0 0 43 0 0 34 0 42 0 42 0 0 39 0 0 8 0 3 18 0 48 16 0 0 7 9 29 0 45 20 39 0 49 46 0 2 11 39 29 18 43 31 0 48 20 28 0 0 0 47 0 22 35 0 0 0 0 0 0 47 9 0 49 0 2 0 0 0 48 33 
0 0 0 0 0 25 33 22 0 43 31 0 1 16 0 2 38 31 49 0 50 34 10 27 19 0 0 21 0 0 0 0 11 0 0 0 12 19 49 14 8 27 36 0 0 11 27 25 48 21 0 19 43 44 46 0 0 0 48 0 0 0 0 0 19 48 12 35 11 0 0 0 0 8 0 24 37 45 0 13 0 2 49 0 26 0 0 47 30 19 0 0 13 34 2 15 0 0 6 1 33 0 25 0 47 18 20 
11 1 7 21 13 18 8 0 45 34 33 34 0 0 30 19 0 0 0 0 0 0 0 0 1 0 16 45 0 0 0 0 0 2 0 0 0 42 0 0 49 0 28 26 0 0 18 50 17 0 0 47 9 0 32 0 0 0 42 0 0 9 22 48 0 47 19 0 29 0 0 0 44 14 0 0 21 49 15 0 0 0 5 1 47 0 35 50 43 50 1 0 0 0 0 31 0 0 0 49 2 22 0 24 0 0 
0 0 14 0 48 0 26 0 6 0 0 0 39 0 0 20 0 5 0 23 26 0 0 0 0 0 16 0 0 32 28 0 6 0 5 18 1 29 0 27 23 10 0 9 0 19 0 0 0 0 44 29 44 0 0 24 11 0 0 0 21 28 15 0 0 26 0 0 0 0 11 8 22 40 22 13 0 0 48 0 17 36 37 0 0 12 28 0 0 1 17 0 39 0 0 0 18 2 3 21 9 33 14 0 0 
0 41 37 47 0 16 0 0 36 0 41 19 21 28 36 24 0 7 25 0 1 30 0 28 0 34 0 31 0 23 46 0 0 0 0 0 0 38 5 10 0 0 0 31 0 8 0 0 32 7 35 0 44 36 12 19 15 47 8 0 0 13 10 0 0 23 42 40 0 0 0 16 18 0 11 0 29 0 2 30 0 0 0 0 0 32 24 22 47 46 0 0 0 40 0 38 40 6 45 28 18 0 0 0 
0 23 43 32 0 0 0 1 27 12 39 46 9 0 44 11 16 35 0 28 4 0 0 0 17 5 0 43 0 0 0 0 36 0 19 40 14 0 3 38 3 0 3 18 0 4 0 0 0 0 0 49 45 50 16 21 3 22 0 0 7 17 1 18 0 49 0 4 0 28 2 8 0 9 45 6 44 34 0 33 48 0 8 35 0 0 0 17 0 1 0 35 0 37 0 0 35 0 6 0 0 0 0 
0 0 34 0 11 0 0 41 0 49 31 34 28 0 19 0 13 0 32 28 44 0 0 47 0 0 0 3 0 0 0 0 0 18 0 46 0 46 0 0 0 4 0 0 45 32 0 0 0 48 0 39 0 0 10 10 0 7 0 31 0 0 25 0 0 11 5 10 0 39 0 0 0 9 16 0 0 0 37 49 49 35 0 0 0 29 0 0 3 49 4 0 2 26 39 0 0 45 0 0 0 18 
0 0 0 7 46 28 10 0 0 48 0 0 5 40 1 1 0 34 5 0 0 0 46 1 0 0 0 36 19 8 40 32 0 0 0 0 16 31 0 43 25 0 37 6 0 9 0 0 4 0 0 0 0 0 0 37 0 0 0 49 43 18 0 0 6 42 0 27 0 0 0 6 0 48 8 49 0 41 0 0 40 39 23 12 23 38 0 0 0 17 0 0 0 10 2 0 42 5 0 0 47 
0 2 29 0 0 0 21 13 0 8 14 46 0 0 16 0 15 36 0 26 7 28 47 0 0 0 24 20 0 0 33 32 0 36 20 10 0 15 0 0 50 18 15 47 0 0 0 30 17 18 33 0 16 0 23 0 13 0 11 35 0 0 33 24 37 0 0 0 0 0 12 6 0 0 0 15 48 0 36 0 0 0 0 1 0 7 30 0 29 0 0 0 8 0 24 35 0 6 8 35 
0 33 15 3 0 28 0 49 43 0 5 47 25 32 0 41 0 9 0 0 48 0 0 0 0 1 0 21 0 0 0 0 0 0 0 23 0 0 20 0 41 0 16 36 0 26 8 15 13 22 0 0 0 46 0 6 11 41 19 0 35 18 0 0 22 40 11 0 45 0 49 34 0 32 0 32 0 0 50 0 0 0 0 21 44 0 0 34 37 0 10 0 0 0 0 0 0 10 15 
43 43 0 0 0 33 40 0 0 32 0 0 0 0 5 10 0 29 34 0 32 0 0 13 0 0 29 0 30 13 0 0 35 26 0 1 6 9 0 37 27 0 33 0 25 0 0 3 0 0 11 0 0 0 0 19 3 0 0 0 0 10 8 8 0 0 0 0 20 5 0 21 0 0 18 12 8 0 0 0 0 44 17 11 0 32 39 30 0 0 0 37 32 0 42 22 0 0 
29 0 23 0 48 13 0 0 13 0 0 0 0 6 4 14 0 0 0 13 48 22 0 32 0 45 0 0 41 0 0 0 0 30 0 0 27 0 2 0 46 0 1 26 0 28 0 0 30 45 34 0 0 0 12 0 30 47 37 42 0 0 0 41 0 33 0 0 0 0 0 48 0 0 4 0 0 26 28 0 0 21 0 18 0 45 0 0 0 38 0 0 0 23 47 0 29 
0 14 0 29 28 21 49 5 5 0 37 44 19 21 0 21 34 0 10 9 0 40 0 0 0 0 0 0 26 45 0 29 0 0 10 42 30 0 0 17 44 0 0 26 0 6 0 17 0 0 0 0 0 30 46 2 0 0 0 7 0 0 3 0 40 27 0 48 0 0 43 1 0 50 16 0 0 8 43 0 0 43 0 27 0 0 0 0 24 11 43 38 0 42 0 0 
24 0 0 42 10 0 0 21 0 0 18 0 0 0 19 37 0 0 35 19 0 0 0 0 16 0 6 28 35 0 0 29 42 0 21 0 7 7 1 0 30 0 11 37 17 20 0 23 1 36 0 0 0 17 0 6 0 0 0 0 7 0 41 0 0 0 2 0 33 5 0 0 0 0 6 0 19 0 0 27 0 9 0 15 36 0 0 7 0 0 0 31 25 0 0 
0 0 33 13 0 14 0 0 26 0 21 0 0 33 0 9 40 0 0 0 40 0 45 0 0 0 50 0 0 17 0 0 0 0 0 10 3 12 11 0 0 20 0 38 30 0 38 43 0 45 13 9 0 12 12 15 0 24 0 0 0 2 27 0 0 0 44 21 34 0 15 42 16 0 37 0 0 26 0 20 18 0 45 0 0 34 29 0 0 39 0 37 0 0 
37 48 0 0 0 0 25 0 0 0 0 12 39 0 38 9 7 0 0 12 0 0 48 15 0 32 46 0 0 0 10 35 0 0 26 7 0 0 32 15 3 49 0 39 17 9 0 0 15 0 3 0 16 26 32 35 0 25 0 0 25 10 0 0 0 24 0 40 0 8 0 0 4 0 33 5 0 30 29 22 36 21 0 0 0 7 0 0 0 0 35 0 0 
0 0 31 41 0 0 27 0 44 42 14 0 27 0 16 0 42 20 35 20 20 49 0 12 35 0 0 0 6 9 0 0 0 20 45 7 23 2 0 0 0 30 0 0 0 0 9 0 0 44 0 43 0 7 44 0 0 0 0 0 0 0 0 2 0 0 0 0 0 0 0 17 0 24 0 28 0 0 5 33 0 0 1 0 0 0 0 0 3 0 31 32 
0 29 0 8 1 26 0 0 0 18 0 0 0 0 44 0 24 29 0 33 13 0 0 0 0 0 0 29 0 0 0 49 16 0 20 38 0 0 0 0 0 0 40 29 0 35 41 0 27 3 0 0 49 17 16 8 0 20 45 36 0 0 0 39 13 27 0 0 19 0 0 36 38 18 0 23 0 26 2 41 50 35 34 0 0 0 0 32 0 29 25 
0 0 0 0 0 26 0 0 0 0 0 46 4 0 34 20 17 28 0 0 37 0 22 7 28 44 39 0 26 9 0 0 38 0 21 40 18 0 0 22 0 47 0 19 0 0 0 0 0 8 22 31 0 0 0 0 0 0 0 41 25 46 17 3 38 42 19 0 48 0 0 0 0 0 0 0 0 24 0 0 15 0 0 13 0 0 16 14 0 10 
0 29 41 26 0 0 0 26 0 28 0 0 1 41 0 0 18 0 0 10 0 0 0 0 11 12 47 4 44 0 0 38 0 0 3 0 4 0 0 46 0 0 0 3 10 2 38 27 19 0 37 34 9 23 12 14 45 48 39 22 3 0 0 0 0 0 0 8 0 0 0 0 14 0 0 0 43 0 35 11 0 0 0 46 0 0 0 37 0 
50 0 2 0 0 11 23 4 0 33 6 0 7 0 0 37 0 0 0 0 0 0 0 0 0 32 41 2 9 2 0 26 0 34 0 0 22 0 13 0 29 33 0 0 40 0 0 0 6 2 46 0 0 0 0 11 0 41 0 18 9 40 29 0 0 0 0 0 0 25 1 24 49 0 0 42 0 0 0 0 10 0 0 0 0 0 0 0 
0 0 26 0 0 0 26 0 0 0 42 0 16 0 16 3 0 0 0 29 28 5 0 0 4 0 49 0 1 0 0 0 29 30 32 0 19 25 0 0 0 0 0 0 3 49 5 36 36 0 35 0 22 10 0 0 0 0 0 0 0 38 0 0 19 0 22 16 0 29 0 48 21 0 45 0 26 0 0 0 0 0 0 32 0 21 0 
0 27 41 18 0 0 1 0 35 4 7 0 0 0 0 15 0 0 20 50 0 0 0 0 0 0 0 0 36 0 0 3 22 0 0 8 39 0 0 0 17 11 37 0 0 0 0 19 0 0 0 40 12 42 0 43 0 0 39 20 38 43 29 16 0 10 34 0 5 0 0 0 0 18 0 28 0 0 31 48 0 0 11 15 0 29 
12 36 20 0 0 0 0 27 34 39 47 0 0 0 29 0 0 5 8 0 0 14 5 0 41 0 0 0 19 0 35 0 0 0 42 2 0 38 0 38 0 14 0 0 0 42 13 0 0 0 0 0 0 9 22 13 13 0 0 0 0 0 30 0 32 41 0 19 0 22 0 0 18 19 0 14 0 20 48 39 22 10 0 23 28 
0 48 0 2 19 0 0 0 25 0 0 0 0 23 0 2 0 0 0 0 24 0 45 0 0 0 19 19 0 27 9 0 0 0 42 0 0 9 8 0 2 0 48 0 22 10 40 0 45 38 0 0 0 0 0 43 0 0 31 37 0 14 0 0 20 47 48 0 0 18 0 39 0 2 48 0 27 44 0 28 3 3 48 5 
0 0 38 0 0 0 42 25 9 47 5 50 37 16 0 27 0 0 40 4 27 4 45 44 0 0 38 0 17 0 41 0 9 7 12 49 0 7 0 0 0 29 20 37 23 0 0 0 0 0 35 43 13 38 30 8 0 0 0 29 12 50 19 40 37 47 0 0 44 0 19 47 0 20 7 0 0 0 0 0 0 0 35 
14 0 0 0 0 44 11 18 29 0 0 0 49 0 0 0 3 50 17 0 38 0 18 0 25 0 0 20 23 8 6 38 35 4 0 36 0 45 0 0 0 21 0 0 0 22 0 0 14 47 0 0 0 22 11 12 6 17 28 0 8 34 0 0 50 5 0 47 0 0 1 0 30 0 0 0 0 48 40 11 0 28 
26 46 23 0 26 0 0 0 0 10 33 39 0 36 0 0 0 0 0 4 0 0 0 0 0 0 50 0 7 0 42 0 9 33 0 0 0 0 0 0 9 0 0 0 5 5 5 13 16 0 24 50 21 0 0 20 47 38 0 0 49 35 0 0 42 0 35 4 0 0 0 0 0 0 48 4 0 0 0 0 42 
0 38 0 0 0 36 0 27 13 13 43 26 0 0 49 0 9 47 30 0 0 0 0 33 4 0 0 0 0 17 0 8 0 2 11 29 0 30 0 0 9 21 0 39 17 20 0 36 42 45 11 0 0 0 12 6 13 0 0 0 34 46 0 33 0 48 7 0 27 29 41 42 0 42 26 41 0 19 22 30 
28 0 45 23 0 24 38 0 0 0 29 0 48 0 0 0 3 0 0 20 0 24 0 0 6 0 0 31 0 41 24 3 22 16 49 43 23 0 0 22 15 24 44 47 2 40 13 33 41 0 7 0 0 10 0 0 0 8 9 48 7 0 35 0 27 0 0 0 0 19 0 17 33 49 0 37 6 28 11 
0 0 0 3 29 27 0 0 41 0 0 0 0 43 0 8 38 0 0 15 0 0 20 13 50 27 0 23 0 0 1 0 50 1 0 0 16 0 30 0 0 0 0 18 0 0 0 0 0 5 0 12 15 11 0 35 0 19 0 0 0 46 0 0 0 0 38 32 9 36 33 20 11 0 0 47 0 45 
0 0 15 2 19 20 0 43 8 17 44 0 0 0 10 17 12 31 48 0 48 0 0 0 0 39 41 11 31 0 1 0 0 0 0 0 25 9 0 28 20 6 30 35 0 11 48 50 46 33 5 0 0 0 0 46 0 49 0 0 33 0 16 0 3 0 0 0 0 0 0 46 5 0 11 29 12 
21 11 0 23 42 0 22 15 35 0 1 0 0 0 19 28 0 0 0 0 23 10 0 0 0 3 3 41 6 22 0 2 0 0 2 37 9 49 30 0 8 44 0 8 2 0 0 0 0 0 0 26 13 0 34 0 0 0 0 44 18 0 30 13 0 0 49 0 48 0 2 0 16 11 0 15 
33 0 0 0 15 11 45 49 6 0 0 0 47 0 19 37 24 7 0 8 8 0 29 0 46 0 4 0 25 0 48 0 0 2 0 13 0 40 0 0 38 21 44 36 36 0 0 0 8 38 16 0 46 49 22 0 0 0 0 5 0 0 5 0 0 5 7 0 0 0 35 10 19 16 45 
35 0 1 33 12 28 0 0 0 0 25 36 47 40 38 36 43 7 35 0 2 0 6 0 40 0 0 33 26 0 0 0 0 40 20 0 0 0 40 0 20 0 22 26 0 0 8 30 0 30 50 0 9 0 18 0 0 0 4 46 0 34 0 28 0 47 0 0 25 0 0 2 0 0 
0 0 46 0 0 33 0 0 43 0 14 0 8 32 0 0 0 0 14 7 0 0 0 0 3 4 0 1 30 34 0 0 43 4 26 0 0 0 0 0 24 48 0 0 39 0 21 0 26 0 1 0 0 46 17 26 0 0 0 0 31 0 0 12 0 0 16 0 22 22 0 0 0 
0 0 6 39 0 43 0 5 15 0 0 0 0 50 27 2 24 0 1 0 0 11 12 3 17 19 0 0 9 46 1 23 0 0 0 34 25 39 0 0 0 49 33 44 28 0 19 0 3 18 0 0 0 0 0 0 19 0 0 0 0 14 9 0 14 0 0 17 0 22 0 49 
0 0 45 0 36 1 22 0 24 34 0 6 3 0 0 0 0 29 0 0 0 34 0 0 47 6 0 0 43 0 0 41 0 0 26 37 0 0 16 42 27 42 0 34 24 0 0 0 27 5 49 0 0 25 0 0 0 0 0 34 6 24 47 0 27 0 16 39 39 42 0 
43 0 19 0 43 5 0 0 6 46 21 43 0 44 0 50 0 18 0 11 14 0 28 19 0 31 0 22 2 0 0 0 0 3 0 7 0 33 19 33 0 50 5 32 0 0 0 0 0 21 0 0 48 0 35 0 31 0 0 0 28 10 49 0 5 50 0 0 7 0 
0 46 10 13 39 3 0 0 0 22 0 0 43 42 0 0 39 0 0 0 50 39 9 0 0 0 25 0 0 0 22 41 0 7 49 0 0 34 34 26 10 0 10 47 41 3 35 20 11 25 0 8 43 0 0 0 0 0 0 0 0 0 0 0 0 0 0 0 0 
8 0 0 0 0 18 29 0 2 29 0 0 0 0 0 0 0 0 0 0 0 0 14 37 15 47 23 48 40 0 0 25 38 0 18 0 41 0 0 0 19 0 0 9 29 19 21 0 0 0 0 40 32 2 7 15 38 0 37 0 42 0 48 11 0 0 0 0 
0 0 28 0 0 46 39 23 22 1 7 36 0 42 0 0 0 0 0 35 0 0 0 0 1 0 0 46 2 0 0 30 0 36 0 48 40 0 0 0 0 0 31 0 0 26 42 11 42 1 37 0 33 0 47 0 0 0 29 0 0 36 0 23 8 23 12 
28 0 0 0 0 39 0 38 0 37 47 0 9 0 4 0 23 0 44 0 0 0 0 0 0 0 0 0 0 0 16 30 0 19 18 0 0 0 32 7 0 29 0 40 29 0 19 0 23 8 0 0 13 0 28 18 26 15 0 17 50 0 1 0 0 0 
0 16 31 30 0 0 23 41 1 32 45 46 15 0 47 0 20 0 10 0 14 15 0 8 11 0 0 3 48 5 43 37 31 34 0 0 28 1 46 0 0 14 43 21 38 36 0 0 34 0 0 0 41 0 0 3 17 0 14 0 2 48 43 11 49 
0 19 39 0 0 0 6 42 48 0 0 0 0 39 0 10 0 0 0 0 0 39 0 0 0 0 37 24 2 42 0 0 0 0 27 0 0 39 0 0 0 0 49 0 0 0 42 6 48 0 45 37 0 0 0 4 13 26 0 0 0 12 18 0 
21 0 0 12 0 16 35 45 20 33 11 6 8 18 13 20 0 0 0 0 50 24 45 0 34 0 8 16 0 0 0 0 40 47 26 0 0 29 0 0 26 0 0 0 20 44 0 0 0 3 0 0 6 0 0 0 8 0 0 29 0 18 44 
47 0 50 46 0 0 0 0 0 34 8 0 0 0 0 32 0 9 39 27 5 19 0 0 4 0 0 21 0 47 0 0 0 43 34 14 0 23 24 38 0 0 3 0 45 47 0 1 39 16 0 0 0 0 29 16 14 24 0 46 0 29 
0 0 17 24 0 43 9 39 12 0 0 0 28 0 28 0 35 18 0 0 0 36 0 47 0 0 0 5 0 0 31 40 0 0 40 0 18 0 28 50 0 23 36 0 32 46 0 47 0 22 0 18 4 0 0 0 0 0 18 0 37 
21 0 29 49 0 46 0 40 33 23 44 35 37 0 7 5 44 0 0 44 20 10 0 2 38 24 0 0 39 0 17 13 44 0 30 43 0 39 46 0 42 44 0 0 0 21 5 0 0 2 0 0 0 0 41 40 0 35 39 45 
0 34 3 0 35 44 43 19 0 22 13 34 0 49 40 45 32 19 40 33 0 5 44 45 0 0 21 43 38 0 37 0 5 15 0 45 0 47 23 15 3 0 0 47 45 39 0 8 0 34 0 0 0 0 36 24 36 0 34 
27 13 0 0 0 3 0 40 17 27 0 0 1 0 0 0 22 18 37 0 38 0 0 0 50 0 0 0 0 21 0 0 27 0 5 23 0 0 34 12 0 28 0 22 0 41 0 38 44 0 0 20 0 3 45 21 0 2 
49 0 0 0 0 0 0 0 31 0 0 12 16 0 0 20 0 4 31 25 0 0 42 2 1 0 43 0 42 0 0 5 0 42 11 4 0 0 29 0 11 0 9 0 0 37 0 0 0 0 0 2 0 48 45 0 44 
9 0 12 0 0 10 0 0 27 0 36 0 5 0 39 0 19 49 0 0 0 0 37 0 30 20 0 36 15 7 0 9 40 29 0 0 1 0 0 30 0 0 27 0 31 0 0 43 0 29 0 46 0 0 2 0 
0 0 0 0 0 45 0 0 0 0 3 49 0 0 0 45 0 0 0 18 0 41 37 22 3 1 0 23 0 0 0 8 35 30 0 25 30 0 0 0 0 29 0 0 0 0 25 0 2 10 49 47 5 0 24 
46 0 24 38 0 22 0 0 19 46 38 0 25 2 42 0 0 38 0 41 37 30 0 33 5 0 43 0 0 0 0 0 21 0 0 39 41 24 25 0 28 44 25 26 0 0 0 41 0 0 0 0 4 0 
0 1 19 0 10 25 4 43 25 0 0 0 34 39 19 0 0 0 25 0 0 38 47 10 16 23 0 0 0 14 0 0 0 5 0 49 0 49 43 0 0 7 2 0 0 31 0 25 24 12 22 0 21 
15 0 36 4 0 0 0 21 0 0 4 36 39 14 34 0 40 3 42 9 11 0 0 42 0 24 0 27 3 0 4 0 26 0 42 42 13 12 0 0 43 0 43 0 0 48 0 40 0 13 4 0 
0 0 0 35 34 44 28 0 8 0 5 0 0 39 34 0 0 10 0 0 10 0 27 0 19 0 0 49 25 42 0 43 0 0 12 0 33 14 15 47 0 0 49 9 0 0 0 0 0 0 1 
32 21 32 0 0 0 18 34 0 33 36 0 0 26 0 0 0 0 0 8 0 0 0 0 15 8 0 40 0 0 0 0 0 2 35 0 0 38 0 44 37 34 0 16 0 41 0 0 13 0 
13 45 0 45 3 0 16 0 14 0 0 31 31 0 10 0 2 20 28 35 43 12 44 0 25 46 0 34 49 0 43 0 0 50 16 0 29 0 28 14 4 31 0 0 37 35 0 38 28 
0 8 0 21 14 0 22 5 0 23 0 0 11 0 50 0 0 30 18 0 0 0 0 0 0 36 0 38 0 7 0 0 0 6 29 0 23 37 13 50 23 18 0 0 7 0 27 0 
0 23 43 25 42 27 0 49 0 33 0 42 0 38 41 14 0 41 49 0 0 0 0 0 0 0 0 41 1 9 0 0 0 0 6 9 35 0 23 27 0 12 6 34 23 39 43 
18 0 0 39 4 8 0 0 48 29 0 3 35 0 48 49 46 47 0 27 0 8 23 29 0 9 0 0 0 0 10 47 0 0 0 35 0 24 0 0 0 0 0 0 0 0 
20 0 0 0 0 0 0 15 7 15 42 26 17 20 0 7 0 31 26 0 0 39 0 15 0 16 36 43 32 0 37 25 0 0 21 0 39 36 0 0 0 0 49 0 20 
49 0 38 41 3 21 44 0 18 1 4 37 41 0 34 15 0 21 0 0 50 0 11 0 16 0 0 31 15 6 16 0 0 0 2 17 38 7 0 28 7 30 30 18 
0 12 0 0 13 13 0 0 0 31 0 50 0 0 0 46 0 0 18 0 0 0 37 24 0 0 21 0 38 14 0 41 37 0 0 41 20 44 0 26 0 0 46 
0 0 0 0 0 0 37 0 0 36 0 19 0 0 31 0 0 0 21 0 0 8 0 17 0 10 19 30 0 0 44 50 0 17 38 0 15 42 0 0 0 0 
0 0 15 0 25 0 47 0 0 32 0 44 0 0 0 12 32 0 7 0 19 23 38 0 27 0 0 39 31 42 0 0 0 32 0 40 14 42 0 0 0 
34 17 0 48 11 0 0 12 0 28 0 15 0 14 37 0 0 35 0 18 0 0 0 12 0 0 0 0 34 0 11 26 0 0 18 0 0 5 0 0 
0 0 0 0 14 41 18 10 11 50 43 37 12 12 0 0 0 10 0 0 0 33 0 38 0 24 0 48 32 49 0 0 49 47 0 0 21 0 0 
0 47 19 1 44 42 0 0 0 0 0 0 22 0 0 21 34 0 0 22 5 0 0 0 0 13 5 0 28 0 50 0 0 0 0 0 35 0 
0 36 41 44 0 0 48 29 0 0 0 1 37 0 0 0 0 34 0 37 0 25 7 30 12 6 0 0 0 22 0 0 0 0 16 0 0 
3 0 0 46 9 0 1 0 49 5 0 31 38 0 29 2 0 0 0 42 0 37 0 0 0 35 4 0 34 0 0 5 0 20 31 16 
0 15 20 0 33 0 45 0 17 0 5 0 0 27 26 23 39 19 5 0 44 10 0 35 0 17 0 0 0 0 39 46 6 0 25 
50 0 3 43 32 35 0 0 0 0 0 0 2 11 44 0 25 22 0 46 0 12 0 0 0 0 0 40 0 0 15 0 40 0 
0 44 21 0 0 0 0 31 12 0 15 42 0 35 22 0 0 0 26 10 0 3 0 50 45 16 2 47 0 0 0 0 21 
0 36 0 0 0 39 0 0 14 0 40 38 23 39 11 14 0 0 0 0 8 14 0 0 0 44 0 13 9 0 0 0 
0 18 23 0 9 31 39 0 18 0 5 45 38 0 48 43 32 14 17 8 6 33 0 11 29 0 0 0 0 5 11 
0 37 50 22 11 32 0 35 36 0 9 47 44 6 40 0 0 20 40 29 7 20 46 19 37 0 0 0 49 0 
0 31 11 0 0 11 11 37 23 0 0 6 14 13 41 0 29 27 0 0 0 7 29 45 0 3 45 18 0 
44 0 0 1 26 0 0 17 12 12 0 0 48 50 0 50 27 16 0 2 0 0 0 28 2 0 0 0 
0 0 0 16 0 11 0 0 0 47 22 44 33 12 0 0 0 21 0 33 47 12 48 0 0 16 49 
0 11 23 47 0 30 0 40 0 0 0 4 40 42 0 48 0 30 21 14 0 10 0 0 0 0 
0 47 5 20 0 0 38 28 10 42 49 45 4 0 0 49 0 0 20 34 0 0 50 0 0 
0 39 28 0 40 47 0 15 48 18 0 14 11 27 0 0 36 0 0 1 0 46 0 43 
0 32 0 0 7 0 21 0 0 1 50 0 49 28 0 17 0 4 0 16 0 12 0 
42 0 0 0 0 21 45 26 0 0 0 0 0 0 5 33 0 0 13 0 35 0 
1 0 17 6 49 15 37 0 44 9 33 0 0 13 0 0 49 0 0 0 0 
0 0 0 4 0 6 32 0 0 0 0 17 15 21 39 31 0 40 35 22 
42 16 0 0 0 0 0 13 25 13 35 0 23 0 41 15 22 0 28 
0 23 0 18 33 5 0 0 26 37 41 0 17 13 44 42 10 0 
4 0 0 0 49 0 0 0 0 0 6 0 0 0 0 13 32 
33 18 10 0 35 0 29 35 0 36 0 33 0 22 0 9 
3 0 0 0 32 40 24 8 0 45 0 17 37 46 17 
0 15 0 0 0 0 2 37 0 0 0 0 0 0 
12 34 46 0 18 0 1 0 16 44 38 0 9 
0 10 0 8 0 0 32 41 24 29 20 41 
0 0 0 49 23 0 35 0 0 12 0 
0 0 0 25 3 37 0 0 0 0 
0 15 0 0 14 15 0 37 0 
15 0 0 0 0 0 17 44 
0 25 45 0 25 0 44 
0 0 3 0 6 0 
0 0 47 0 0 
0 0 0 37 
8 0 6 
1 0 
0 

1 6
1 18
1 39
1 48
1 59
1 90
1 93
1 97
1 107
1 108
1 111
1 114
1 115
1 137
1 143
1 147
1 152
1 156
1 169
1 175
1 179
2 63
2 74
2 95
2 97
2 100
2 120
2 134
2 173
2 197
3 24
3 32
3 41
3 66
3 79
3 92
3 103
3 117
3 119
3 136
3 140
3 160
3 178
3 184
3 200
4 20
4 23
4 27
4 33
4 58
4 71
4 95
4 108
4 115
4 123
4 133
4 139
4 159
4 171
5 8
5 47
5 48
5 59
5 60
5 62
5 68
5 77
5 92
5 97
5 101
5 103
5 131
5 138
5 140
5 156
5 157
5 158
5 189
6 10
6 17
6 28
6 35
6 37
6 54
6 62
6 66
6 92
6 94
6 98
6 125
6 127
6 141
6 145
6 153
6 163
6 171
6 196
6 200
7 15
7 17
7 47
7 72
7 87
7 99
7 102
7 104
7 110
7 118
7 128
7 147
7 175
7 180
7 190
7 197
7 199
8 28
8 31
8 33
8 45
8 72
8 95
8 100
8 110
8 145
8 172
8 197
9 15
9 30
9 37
9 43
9 72
9 99
9 116
9 117
9 165
9 168
9 188
9 195
10 28
10 31
10 48
10 56
10 65
10 88
10 90
10 100
10 115
10 145
10 176
10 182
10 184
10 194
10 199
11 29
11 54
11 59
11 62
11 75
11 97
11 107
11 108
11 109
11 120
11 134
11 144
11 155
11 158
11 167
11 192
11 200
12 22
12 34
12 45
12 67
12 107
12 108
12 126
12 130
12 143
12 150
12 157
12 197
13 15
13 32
13 40
13 59
13 62
13 113
13 123
13 124
13 134
13 136
13 143
13 154
13 161
13 162
14 22
14 43
14 53
14 55
14 60
14 61
14 62
14 66
14 78
14 80
14 89
14 109
14 117
14 118
14 142
14 143
14 177
14 183
14 186
14 194
15 20
15 27
15 40
15 44
15 122
15 123
15 134
15 160
15 163
15 177
15 191
16 21
16 24
16 25
16 52
16 53
16 57
16 60
16 82
16 90
16 104
16 123
16 133
16 139
16 155
16 164
16 182
16 185
16 186
16 191
17 18
17 30
17 43
17 54
17 58
17 83
17 86
17 89
17 91
17 100
17 104
17 111
17 116
17 137
17 146
17 170
17 176
17 181
17 185
17 187
17 195
18 44
18 75
18 87
18 96
18 100
18 118
18 132
18 134
18 157
18 167
18 170
18 181
18 188
18 190
18 192
19 25
19 27
19 32
19 43
19 120
19 123
19 150
19 189
19 191
19 194
20 48
20 72
20 86
20 91
20 102
20 115
20 123
20 153
20 178
20 184
20 188
20 192
20 195
21 26
21 32
21 41
21 44
21 48
21 50
21 51
21 66
21 73
21 80
21 101
21 122
21 131
21 138
21 156
21 159
21 194
22 31
22 35
22 57
22 68
22 113
22 120
22 125
22 129
22 146
22 159
22 163
22 181
22 188
23 28
23 29
23 31
23 32
23 67
23 74
23 80
23 84
23 87
23 100
23 112
23 121
23 146
23 153
23 166
23 175
23 179
23 193
23 200
24 42
24 63
24 78
24 119
24 126
24 159
25 32
25 33
25 34
25 81
25 97
25 107
25 125
25 156
25 183
25 184
26 30
26 31
26 41
26 42
26 59
26 68
26 105
26 117
26 124
26 138
26 149
26 165
26 171
26 180
26 185
27 42
27 55
27 58
27 66
27 72
27 103
27 107
27 116
27 119
27 132
27 135
27 137
27 153
27 166
27 168
28 29
28 51
28 72
28 81
28 92
28 103
28 123
28 128
28 141
28 147
28 172
28 178
28 183
29 30
29 32
29 36
29 41
29 45
29 47
29 48
29 51
29 64
29 67
29 83
29 98
29 101
29 117
29 118
29 134
29 138
29 141
29 161
29 165
29 189
29 194
30 41
30 50
30 54
30 62
30 74
30 78
30 90
30 107
30 123
30 134
30 144
30 153
30 192
30 199
31 42
31 54
31 73
31 80
31 86
31 112
31 119
31 138
31 153
31 172
31 177
31 180
31 190
31 198
31 199
32 66
32 75
32 86
32 88
32 105
32 115
32 132
32 138
32 144
32 147
32 149
32 151
32 188
32 189
32 198
33 43
33 47
33 57
33 82
33 128
33 138
33 149
33 158
33 166
33 198
34 44
34 47
34 86
34 103
34 130
34 144
34 148
34 163
34 168
34 197
34 199
35 50
35 51
35 68
35 70
35 77
35 79
35 83
35 95
35 96
35 98
35 125
35 138
35 166
35 172
35 174
35 181
35 186
35 200
36 42
36 61
36 96
36 107
36 115
36 141
36 167
36 172
36 175
36 177
36 186
36 191
37 61
37 72
37 87
37 94
37 131
37 134
37 138
37 156
37 158
37 161
37 179
37 196
38 65
38 71
38 76
38 81
38 91
38 103
38 112
38 121
38 141
38 142
38 174
38 190
39 41
39 46
39 60
39 65
39 87
39 98
39 125
39 129
39 141
39 143
39 167
39 182
39 189
40 47
40 56
40 59
40 65
40 82
40 109
40 110
40 140
40 141
40 148
40 181
40 199
41 45
41 68
41 73
41 92
41 95
41 134
41 161
42 46
42 64
42 69
42 84
42 129
42 132
42 134
42 138
42 139
42 140
42 141
42 143
42 159
42 163
42 164
42 166
42 173
42 186
42 187
42 188
42 189
42 200
43 70
43 72
43 78
43 80
43 104
43 115
43 130
43 132
43 149
43 152
43 158
44 51
44 57
44 85
44 86
44 98
44 148
44 155
44 172
44 182
44 187
44 198
45 52
45 57
45 82
45 94
45 97
45 99
45 122
45 123
45 127
45 141
45 156
45 163
45 165
45 167
45 177
45 188
45 194
46 74
46 119
46 121
46 141
46 149
46 151
46 171
46 173
46 177
46 180
46 199
47 64
47 71
47 73
47 105
47 131
47 132
47 164
47 171
47 175
47 185
47 194
47 195
48 58
48 86
48 88
48 93
48 94
48 98
48 132
48 144
48 187
48 194
48 199
49 85
49 121
49 123
49 125
49 135
49 137
49 154
49 160
49 168
50 60
50 61
50 80
50 82
50 83
50 93
50 102
50 115
50 123
50 137
50 160
50 165
50 166
50 182
50 187
50 198
51 54
51 104
51 106
51 122
51 123
51 130
51 133
51 135
51 155
51 159
51 183
51 184
51 197
52 65
52 87
52 88
52 107
52 110
52 115
52 120
52 125
52 130
52 140
52 155
52 180
52 190
53 66
53 68
53 111
53 125
53 127
53 129
53 130
53 135
53 142
53 154
53 161
53 162
53 166
53 172
53 178
53 188
53 197
54 63
54 64
54 89
54 110
54 114
54 115
54 120
54 150
54 176
54 183
54 189
54 199
55 64
55 69
55 71
55 76
55 91
55 101
55 126
55 136
55 137
55 142
55 148
55 156
56 57
56 64
56 74
56 76
56 104
56 111
56 115
56 127
56 144
56 156
56 177
56 188
56 189
56 200
57 59
57 60
57 65
57 72
57 77
57 82
57 89
57 90
57 95
57 96
57 109
57 124
57 141
57 148
57 151
57 154
57 167
57 169
57 173
57 180
57 188
58 61
58 69
58 70
58 98
58 101
58 109
58 122
58 133
58 137
58 148
58 174
58 192
58 197
59 88
59 100
59 105
59 110
59 119
59 129
59 184
59 191
60 67
60 73
60 86
60 94
60 97
60 100
60 152
60 162
61 94
61 97
61 107
61 168
61 177
61 178
62 91
62 92
62 97
62 101
62 125
62 128
62 131
62 176
62 192
63 138
63 139
63 154
63 183
63 189
63 190
64 93
64 99
64 101
64 118
64 134
64 157
64 168
65 67
65 68
65 74
65 110
65 134
65 148
65 166
65 189
65 192
65 199
65 200
66 78
66 81
66 82
66 85
66 89
66 94
66 107
66 131
66 139
66 140
66 147
66 155
66 163
67 74
67 81
67 84
67 87
67 89
67 130
67 144
67 147
67 152
67 154
67 156
67 158
67 160
67 199
68 90
68 92
68 112
68 117
68 138
68 162
68 173
68 179
68 181
68 186
69 79
69 92
69 93
69 109
69 110
69 116
69 124
69 179
69 183
69 187
69 191
69 192
69 199
70 80
70 107
70 132
70 174
70 192
70 200
71 91
71 94
71 99
71 115
71 118
71 120
71 146
71 154
71 157
71 172
71 174
71 179
71 186
71 196
72 73
72 75
72 138
72 162
72 197
73 107
73 114
73 127
73 161
73 166
73 177
73 179
73 197
73 198
74 110
74 115
74 136
74 142
74 150
74 160
74 185
74 199
75 94
75 114
75 119
75 121
75 126
75 128
75 138
75 139
75 141
75 149
75 156
75 160
75 165
75 185
75 191
76 77
76 97
76 98
76 106
76 113
76 115
76 170
76 174
76 177
76 189
76 192
76 194
76 200
77 99
77 115
77 121
77 131
77 136
77 154
77 161
77 166
77 183
77 188
77 194
78 126
78 127
78 144
78 162
78 163
78 165
78 183
78 199
79 85
79 94
79 99
79 101
79 102
79 113
79 123
79 135
79 139
79 185
79 194
79 196
80 83
80 97
80 99
80 102
80 104
80 109
80 117
80 123
80 138
80 145
80 161
80 181
80 189
80 195
81 95
81 103
81 115
81 125
81 153
81 159
81 184
81 195
82 96
82 102
82 103
82 109
82 159
82 169
82 180
82 181
82 182
82 197
83 117
83 119
83 127
83 141
83 157
83 163
83 164
83 167
83 196
83 200
84 95
84 123
84 146
84 193
85 89
85 127
85 141
85 161
85 174
86 91
86 106
86 117
86 120
86 127
86 131
86 187
86 188
87 124
87 144
87 150
87 151
87 154
87 160
87 184
88 96
88 99
88 102
88 108
88 126
88 130
88 135
88 145
88 149
88 166
88 180
88 183
88 197
89 94
89 99
89 108
89 121
89 124
89 126
89 138
89 140
89 142
89 150
89 155
89 158
89 186
89 194
89 199
90 126
90 171
90 172
90 174
90 176
91 107
91 114
91 120
91 124
91 144
91 163
92 102
92 134
92 142
92 144
92 147
92 173
92 189
93 98
93 102
93 108
93 125
93 137
93 153
93 155
93 164
93 172
93 180
94 102
94 112
94 120
94 129
94 144
94 188
95 110
95 127
95 129
95 144
95 154
95 173
96 104
96 130
96 132
96 139
96 141
96 144
96 157
96 179
96 181
97 102
97 116
97 119
97 121
97 142
97 162
97 192
97 193
98 99
98 130
98 138
98 142
98 157
98 167
98 197
99 102
99 111
99 124
99 147
99 151
99 156
99 168
99 172
99 176
100 104
100 124
100 129
100 130
100 140
100 161
100 162
100 174
100 181
100 183
100 188
101 116
101 128
101 133
101 136
101 138
101 139
101 153
101 164
101 184
101 198
102 111
102 114
102 122
102 144
102 155
102 156
102 160
102 193
103 111
103 114
103 130
103 131
103 136
103 143
103 145
103 151
103 159
103 172
103 177
104 105
104 122
104 127
104 129
104 132
104 137
104 151
104 177
104 184
105 131
105 157
105 160
105 162
105 165
105 176
105 183
106 134
106 135
106 149
106 159
107 110
107 126
107 128
107 135
107 144
107 154
107 159
107 164
107 170
107 171
107 178
107 181
107 192
107 194
108 149
108 159
108 166
108 177
108 194
109 110
109 112
109 120
109 171
109 186
109 195
109 198
110 153
110 182
111 112
111 145
111 194
111 196
112 114
112 117
112 126
112 127
112 131
112 137
112 158
112 160
112 179
112 190
112 197
112 199
113 132
113 139
113 145
113 155
113 196
114 119
114 137
114 163
114 164
114 171
114 184
115 121
115 132
115 141
115 148
115 154
115 163
115 164
115 168
115 179
116 134
116 141
116 152
116 170
116 184
116 192
117 157
117 195
118 120
118 129
118 133
118 161
118 163
118 169
118 178
118 188
118 192
119 136
119 145
119 147
119 149
119 189
119 191
119 199
120 143
120 178
120 180
120 193
121 135
121 190
122 140
122 149
122 163
122 168
122 169
122 173
122 182
123 136
123 137
123 168
123 189
125 144
125 153
125 155
125 158
125 181
126 148
126 152
126 162
126 191
126 193
126 196
127 132
127 135
127 143
127 144
127 159
127 164
127 165
127 187
127 190
128 155
128 162
128 176
128 180
128 181
128 183
128 194
129 140
129 152
129 157
129 184
129 185
129 186
129 200
130 161
130 167
130 177
130 184
130 194
130 198
131 132
131 138
131 149
131 160
131 185
131 195
132 137
132 154
132 162
132 171
132 194
133 134
133 138
133 148
133 160
133 187
134 156
134 177
135 149
135 155
135 170
135 186
136 141
136 156
136 157
136 162
136 167
136 170
136 176
136 177
136 180
136 195
137 169
137 185
138 147
138 153
138 165
138 191
139 144
139 150
139 162
139 169
139 172
140 163
140 177
140 191
140 192
140 197
141 190
141 195
142 147
142 162
142 174
142 176
142 179
142 193
142 195
143 147
143 153
143 164
144 158
144 165
145 162
145 184
145 188
145 189
145 191
146 162
146 178
146 193
146 196
146 200
147 164
147 165
147 178
147 191
147 199
148 155
149 166
149 171
149 173
149 197
150 154
150 167
150 168
150 197
151 159
151 189
152 164
152 173
152 174
152 176
152 195
153 162
153 174
153 185
154 181
154 184
154 188
154 189
154 196
154 198
155 157
155 159
155 175
155 176
155 189
155 196
156 170
156 178
156 183
157 160
157 164
157 179
157 188
157 192
158 172
158 181
158 183
158 188
158 200
159 167
159 170
160 166
160 167
160 171
160 182
160 187
160 197
161 165
161 180
161 184
161 192
162 176
162 194
162 198
163 172
163 180
163 191
164 178
164 182
164 195
165 173
165 177
166 168
166 174
166 178
166 195
166 198
166 200
167 171
167 199
168 171
168 178
168 188
168 193
168 200
169 183
170 186
170 187
171 190
172 183
172 184
174 179
174 183
174 189
175 190
175 193
177 186
178 182
178 187
178 188
178 195
180 181
180 189
180 191
183 191
183 196
184 197
186 191
186 195
186 196
186 197
189 190
189 192
189 198
190 192
190 199
191 200
193 194
194 200
195 200
198 200
