200 3184 1000

84 57 81 93 71 35 68 19 45 24
102 108 70 44 80 14 94 105 99 53
16 110 76 42 29 22 49 45 93 46
37 19 106 45 21 109 38 37 43 76
86 64 64 90 89 87 99 39 17 80
37 13 43 67 36 30 34 33 72 87
106 100 80 35 92 99 26 66 105 90
70 64 33 56 45 54 33 61 27 86
68 27 98 28 99 12 30 74 108 49
55 106 86 19 86 27 48 19 73 40
35 54 61 93 22 74 45 28 109 79
32 105 86 97 99 71 77 75 83 22
37 107 43 105 72 104 71 52 104 89
65 80 69 100 51 76 29 71 50 36
30 32 82 90 15 12 32 100 88 37
81 13 47 29 40 104 49 27 11 54
82 74 90 109 71 88 74 57 74 76
18 39 16 49 45 58 79 75 100 69
89 97 101 12 81 96 104 51 69 55
78 89 54 76 85 47 89 99 77 15

74 47 71 83 61 25 58 9 35 14
92 98 60 34 70 4 84 95 89 43
6 100 66 32 19 12 39 35 83 36
27 9 96 35 11 99 28 27 33 66
76 54 54 80 79 77 89 29 7 70
27 3 33 57 26 20 24 23 62 77
96 90 70 25 82 89 16 56 95 80
60 54 23 46 35 44 23 51 17 76
58 17 88 18 89 2 20 64 98 39
45 96 76 9 76 17 38 9 63 30
25 44 51 83 12 64 35 18 99 69
22 95 76 87 89 61 67 65 73 12
27 97 33 95 62 94 61 42 94 79
55 70 59 90 41 66 19 61 40 26
20 22 72 80 5 2 22 90 78 27
71 3 37 19 30 94 39 17 1 44
72 64 80 99 61 78 64 47 64 66
8 29 6 39 35 48 69 65 90 59
79 87 91 2 71 86 94 41 59 45
68 79 44 66 75 37 79 89 67 5

16 41 21 8 0 43 13 34 0 10 0 20 0 0 3 47 0 35 44 0 0 0 6 15 0 50 48 0 0 29 0 46 28 0 0 0 0 0 0 22 0 0 0 0 0 0 0 0 4 0 39 0 48 0 0 37 0 0 34 0 50 0 0 42 37 39 0 1 0 10 0 0 0 21 3 22 0 36 11 44 0 29 31 25 0 0 0 0 14 9 39 15 0 0 0 0 0 0 13 0 0 0 0 0 30 0 41 30 0 21 0 31 0 0 46 0 20 28 36 0 0 7 0 0 0 5 18 8 0 0 35 0 39 18 0 0 0 0 0 46 0 0 32 0 0 0 0 45 31 16 0 0 35 0 22 39 9 0 34 17 0 0 25 0 33 16 29 42 1 50 50 0 17 0 0 0 6 48 0 0 0 9 0 0 47 0 3 37 24 0 0 0 0 49 0 0 9 11 0 
0 0 0 0 30 19 0 0 0 1 0 0 0 0 0 18 44 0 0 48 0 39 0 18 50 41 0 11 0 26 6 0 1 23 44 0 40 0 6 17 0 40 30 15 23 0 2 0 7 0 0 0 0 14 31 0 28 0 39 0 0 0 0 0 24 25 0 19 50 0 6 0 0 0 0 0 7 5 0 0 0 42 0 38 0 0 21 0 0 0 0 41 0 14 0 40 0 21 6 0 34 23 43 0 0 0 0 0 45 2 3 1 0 0 0 0 0 4 45 0 29 0 0 48 0 0 44 27 0 0 0 0 0 35 48 22 0 35 44 0 6 26 4 50 1 0 0 7 0 0 0 0 0 0 0 0 0 0 8 21 0 43 50 11 0 0 0 13 18 0 37 0 0 0 17 0 37 33 0 25 0 3 0 0 0 0 10 0 12 11 36 1 29 23 17 0 0 0 
0 0 0 7 0 0 0 0 0 0 0 40 0 2 0 0 0 14 13 0 0 0 4 0 0 49 0 0 37 0 16 22 0 31 0 0 18 0 19 0 0 37 40 5 17 0 40 0 34 0 23 24 0 0 0 32 0 0 0 32 0 19 48 0 0 0 24 13 17 23 19 12 0 0 10 0 46 0 0 0 39 0 0 0 0 45 0 0 0 0 0 0 0 11 36 18 0 40 40 0 0 42 0 47 0 0 0 0 0 0 14 0 23 1 0 0 38 0 8 49 0 0 15 0 0 7 31 35 0 0 0 0 24 0 0 0 0 0 0 14 0 0 0 0 35 0 18 50 0 35 0 0 0 30 0 0 48 0 0 0 13 0 0 47 50 50 0 9 33 0 0 38 0 6 0 0 0 5 0 0 25 0 38 35 0 0 16 0 0 35 26 0 12 0 42 0 0 
36 0 39 0 0 0 0 31 0 21 0 4 42 0 0 0 41 49 0 50 0 0 0 12 0 27 0 30 0 0 29 0 45 20 50 31 5 0 9 50 9 41 43 0 20 0 20 0 0 0 0 45 0 14 0 0 0 0 0 0 0 0 25 0 46 41 0 0 42 0 0 25 47 0 35 44 0 17 12 19 0 2 0 37 1 0 0 25 0 22 0 0 0 0 48 46 0 21 17 0 0 44 0 44 0 3 7 0 0 0 0 47 0 0 0 19 5 0 35 0 5 0 4 0 0 0 20 0 46 45 50 0 0 0 27 15 0 34 0 12 0 19 0 24 48 11 17 0 0 0 0 0 0 36 0 0 24 0 29 49 0 23 0 31 0 0 0 2 31 7 0 0 0 0 0 0 44 41 0 36 41 0 0 22 21 0 31 48 46 0 3 0 0 0 25 0 
0 0 48 7 0 0 0 0 45 13 0 0 0 0 40 37 0 0 48 0 28 34 1 0 25 0 17 2 27 24 10 31 0 41 0 0 0 0 0 0 0 46 0 30 40 48 0 0 0 0 0 17 0 0 0 40 49 0 39 0 0 0 0 0 34 31 0 0 0 0 0 49 0 0 0 43 7 0 0 40 0 12 4 41 0 0 4 0 16 27 50 10 0 0 0 0 0 48 0 0 20 0 0 0 0 31 37 45 0 0 14 0 0 0 35 0 0 0 0 0 34 44 4 0 0 0 38 0 15 0 9 0 0 0 5 0 0 0 0 50 39 37 0 34 0 36 32 0 0 0 0 0 21 0 0 19 0 26 0 0 21 0 31 0 0 0 0 48 0 0 0 0 4 22 0 39 42 0 40 0 7 0 31 0 0 0 44 0 6 44 49 10 46 0 0 
32 0 23 32 44 38 37 0 0 0 0 33 18 26 7 0 0 1 0 0 45 0 41 0 27 14 31 10 0 40 10 38 33 0 44 0 14 0 41 0 0 34 0 0 46 33 8 0 0 18 44 17 0 37 39 0 0 0 41 37 25 0 0 0 0 37 0 0 0 0 30 0 0 46 7 0 31 0 17 0 29 0 0 0 0 0 13 23 41 46 0 0 0 32 48 42 48 0 0 0 23 0 32 9 14 0 0 19 11 29 8 35 0 24 0 3 0 0 0 0 0 0 40 10 21 0 34 24 0 38 38 2 9 0 0 4 0 0 0 0 0 0 8 7 0 0 0 24 43 0 0 44 3 33 0 0 20 16 33 0 0 14 32 0 17 0 0 0 0 0 0 41 0 33 0 0 0 0 6 0 0 36 0 0 11 30 0 0 0 2 0 0 20 27 
41 8 4 40 0 0 26 46 39 0 0 30 0 3 0 0 0 28 9 0 0 18 23 35 0 0 0 0 10 0 0 0 0 0 0 0 4 42 0 6 21 0 28 0 0 0 0 0 48 34 0 0 0 0 27 0 0 15 0 37 0 50 45 31 42 14 0 42 4 14 0 0 0 27 0 11 0 0 3 4 5 0 28 0 0 38 0 0 0 0 48 32 5 49 48 0 24 0 0 0 0 0 0 0 7 26 0 1 0 46 13 20 0 0 0 0 0 0 0 0 0 17 5 8 30 16 0 5 0 0 24 20 10 2 39 4 0 19 0 36 11 9 0 11 17 41 0 24 23 0 18 0 43 0 22 0 49 0 39 23 48 50 23 0 25 0 43 0 5 17 9 0 0 0 0 0 0 7 9 46 0 0 0 48 10 0 31 0 20 48 0 8 0 
17 31 0 0 0 1 19 50 0 39 0 44 0 9 48 0 0 0 0 0 10 0 6 34 1 49 13 0 0 0 0 40 47 50 0 0 49 46 0 0 0 0 0 0 0 0 44 0 0 27 0 28 31 0 11 0 12 0 46 0 31 0 46 0 41 35 0 0 0 38 36 43 0 0 10 0 47 33 0 0 0 16 0 25 37 41 0 23 0 0 0 11 0 0 13 35 43 8 0 16 0 0 0 11 38 11 0 0 0 28 26 22 27 41 0 0 0 25 35 0 34 0 0 7 0 34 0 12 0 0 0 0 0 20 0 0 3 0 0 0 0 0 0 33 22 29 1 1 27 0 49 0 36 0 0 0 0 26 0 0 0 0 0 29 0 13 5 2 0 0 15 0 32 0 12 0 0 17 2 0 0 4 50 37 0 0 0 0 11 15 0 24 
18 0 46 0 0 0 0 25 2 12 0 0 6 0 40 38 4 0 26 0 0 0 0 9 0 34 4 20 0 0 24 8 0 40 50 10 0 0 16 0 45 0 46 0 23 7 26 0 0 49 0 32 11 0 10 17 0 0 0 0 0 0 0 42 10 4 0 24 0 28 0 0 0 36 12 0 49 0 44 4 31 6 0 0 33 36 18 0 15 0 0 6 48 0 13 0 7 48 0 39 0 0 0 0 39 0 17 10 4 40 0 0 38 0 0 0 0 12 0 0 0 0 0 0 0 0 42 41 0 0 29 0 0 0 0 21 0 35 0 48 0 14 0 7 0 0 0 0 0 0 45 0 50 0 0 0 0 45 45 44 3 0 0 49 0 40 0 0 0 16 0 21 0 0 0 0 0 0 0 30 34 9 0 29 0 34 0 0 0 0 6 
19 0 0 0 5 0 20 0 46 15 0 40 4 11 0 0 0 24 3 20 43 0 0 6 0 0 33 0 0 44 35 0 47 32 38 0 0 0 0 49 5 12 5 39 21 33 0 2 37 0 0 0 0 0 0 50 0 39 19 41 23 41 37 37 0 0 42 0 0 34 50 0 42 30 46 0 0 0 20 3 19 0 47 0 0 33 0 22 0 0 0 0 25 0 0 25 0 43 44 0 0 0 0 0 0 0 0 22 48 42 5 0 0 14 45 0 0 42 0 47 0 0 38 0 44 0 0 0 34 0 2 0 28 0 0 22 41 0 0 0 27 42 15 0 0 8 0 0 36 0 0 0 50 0 28 0 0 29 11 0 49 0 0 38 5 41 0 0 0 6 20 0 0 16 24 4 14 22 22 0 0 7 35 0 0 32 0 42 38 41 
0 0 0 0 0 0 14 0 47 18 0 0 2 0 47 38 0 0 0 0 2 0 32 18 0 17 21 0 0 21 5 26 46 0 39 0 6 33 35 0 22 15 0 29 25 9 0 9 49 0 0 38 19 36 3 0 0 34 34 0 0 13 0 0 0 0 22 0 9 0 0 0 0 7 17 0 0 0 0 0 0 45 0 15 20 0 0 2 50 17 0 43 41 47 0 0 0 8 0 37 0 0 0 0 22 0 0 0 0 0 40 0 1 4 4 0 10 28 0 24 39 0 30 29 0 31 0 0 0 0 9 0 0 0 3 44 44 45 29 0 0 0 0 7 6 0 15 0 0 0 2 8 0 35 18 0 18 0 0 0 41 0 0 0 44 0 0 47 0 12 11 43 27 0 48 20 15 0 0 0 0 42 0 0 0 49 0 4 0 
0 0 47 0 37 36 49 38 36 0 0 40 44 15 0 0 11 0 0 0 0 22 36 29 0 0 0 8 0 2 0 0 0 0 27 28 50 21 0 0 34 35 0 2 0 5 46 33 0 0 0 0 11 12 31 0 0 0 34 0 0 0 0 42 40 0 34 32 0 0 0 0 0 0 0 10 22 0 0 0 0 0 30 9 0 0 28 13 11 0 49 34 16 0 43 0 37 0 0 0 0 0 25 0 0 0 6 0 0 44 0 0 46 43 40 0 0 0 23 0 0 35 44 0 0 0 25 36 46 47 0 1 32 0 0 0 24 7 5 29 27 43 27 0 0 7 13 0 0 44 0 26 0 42 0 28 0 0 8 6 0 0 38 50 0 0 0 38 0 22 44 0 10 33 39 32 1 22 0 24 0 10 0 0 0 0 0 0 
6 0 0 0 41 50 19 12 0 7 29 19 31 0 17 0 0 26 0 34 13 25 0 0 0 48 0 0 0 14 30 0 43 26 0 42 0 47 0 49 0 0 0 26 43 15 34 0 13 38 0 0 0 28 0 0 10 47 40 0 37 31 18 31 0 0 5 0 33 44 10 0 0 32 0 17 5 49 0 13 28 0 0 5 33 0 0 0 0 0 21 49 0 40 26 21 0 0 0 0 7 20 0 0 0 0 48 0 0 5 0 49 29 9 5 0 0 9 0 0 40 0 0 14 5 16 0 0 0 4 0 0 0 21 17 0 0 3 35 14 0 0 0 4 0 38 34 0 0 0 35 0 0 0 0 32 0 0 44 0 0 0 17 18 0 21 0 0 10 0 13 37 0 0 34 0 33 0 0 5 0 0 0 0 49 0 44 
0 0 0 18 33 0 23 0 5 0 31 47 0 0 0 0 22 50 37 22 0 12 2 46 27 0 4 5 0 0 0 0 19 0 0 0 0 16 0 0 14 14 5 0 0 43 33 23 0 0 0 36 11 17 0 0 0 0 17 0 0 15 0 0 0 26 0 19 30 0 2 36 0 0 0 0 0 32 0 17 0 0 0 20 12 22 0 16 0 22 0 0 0 0 0 0 34 16 37 0 49 0 14 0 22 37 0 0 32 0 14 0 8 35 0 0 0 36 42 16 0 40 24 14 0 12 0 10 0 0 16 37 0 20 39 41 19 0 0 12 0 10 48 39 21 0 17 0 0 0 0 0 0 17 0 0 0 16 0 9 0 0 25 0 0 0 6 0 37 0 25 45 32 0 0 22 0 20 1 16 0 43 13 0 30 0 
0 0 7 0 33 17 24 49 0 0 0 49 9 0 0 2 49 0 0 0 0 0 0 39 0 0 50 38 28 0 0 0 29 0 35 38 6 0 0 33 0 0 24 34 0 23 0 0 0 0 4 2 36 46 40 0 25 0 26 0 1 22 0 0 0 23 0 20 0 5 45 21 2 0 0 42 0 28 0 0 0 0 27 23 0 25 0 0 0 0 25 23 25 0 0 10 1 0 0 0 40 0 0 19 0 0 5 0 0 32 0 0 21 13 20 0 12 0 0 0 0 0 0 1 39 50 0 17 0 20 3 0 41 0 41 33 0 16 42 0 0 0 0 0 0 0 5 42 0 0 3 48 0 0 0 0 5 23 0 0 25 0 0 11 0 1 0 30 21 0 12 17 0 12 34 0 0 0 0 0 0 14 0 0 41 
0 0 0 0 0 0 11 40 42 0 0 0 0 0 14 42 30 31 35 0 0 15 0 26 0 0 2 8 18 31 21 0 21 44 0 0 5 0 0 42 0 2 0 32 22 0 33 0 0 0 47 0 12 0 7 39 46 0 0 0 6 0 0 0 33 46 30 35 33 21 0 38 8 0 11 22 0 0 27 0 0 0 0 0 8 0 30 0 0 0 1 0 31 0 10 39 0 13 24 0 0 1 16 0 22 0 0 2 36 0 0 0 0 19 0 0 4 0 28 0 0 0 0 38 18 49 0 0 31 16 17 28 21 0 0 4 16 9 0 0 43 0 49 0 37 0 16 11 0 0 0 0 0 0 4 20 33 0 0 3 0 29 0 0 28 0 30 0 3 47 0 34 35 32 10 40 36 25 26 0 8 25 0 0 
0 41 0 29 0 0 0 0 40 0 0 0 3 3 11 0 14 43 15 0 46 47 27 0 0 0 32 0 0 0 0 20 35 3 0 0 0 0 0 0 0 0 41 0 0 0 0 47 0 0 25 0 30 0 0 41 12 0 0 5 0 0 31 9 0 6 7 0 39 0 0 0 23 0 0 0 14 44 0 0 41 0 0 0 11 0 0 0 0 0 3 0 0 49 46 0 41 0 0 33 0 14 0 14 24 35 44 0 0 0 33 6 0 0 0 0 28 0 8 0 0 9 3 0 49 0 0 0 0 33 0 0 32 38 0 5 0 0 11 0 0 1 0 0 38 24 0 40 0 44 13 0 33 45 0 0 0 3 0 16 38 0 0 30 35 3 0 25 0 0 0 14 0 20 0 0 0 42 0 31 0 0 0 
46 0 9 0 30 4 0 6 0 27 0 0 0 45 0 11 33 0 0 0 8 14 0 0 31 0 10 0 32 24 37 38 0 25 0 0 0 0 0 0 26 0 25 44 37 0 0 0 0 40 0 0 0 24 0 11 0 0 0 0 15 0 0 22 0 0 0 0 0 7 0 0 0 8 0 0 49 15 0 0 0 26 32 12 0 0 0 0 0 0 0 0 0 36 0 0 0 25 0 0 32 0 0 0 0 0 36 48 0 0 49 19 0 24 0 5 19 36 0 32 18 0 0 34 0 9 42 38 0 0 44 34 25 0 4 0 46 0 14 0 21 43 0 8 18 0 0 18 0 4 2 20 26 13 30 0 0 0 0 27 7 0 0 36 0 0 26 24 0 12 3 0 0 48 0 0 45 24 20 0 0 35 
6 26 32 0 28 6 17 19 0 0 25 0 0 16 29 0 0 0 29 0 0 8 7 0 0 0 0 0 5 0 15 10 14 0 37 38 0 29 0 39 0 12 0 32 0 8 21 0 12 0 0 0 0 0 0 0 29 21 0 31 41 39 0 0 49 0 41 0 41 24 25 0 0 12 0 20 0 0 0 0 12 0 4 0 47 40 20 0 0 8 0 32 17 0 31 29 0 0 48 0 49 49 0 41 0 0 0 7 9 0 6 19 16 0 2 7 0 11 0 0 0 0 0 1 13 0 0 50 12 28 0 0 0 13 0 0 21 0 39 0 0 0 47 32 46 0 0 0 4 49 6 24 0 12 0 24 8 44 0 36 0 0 0 0 41 0 15 8 0 0 0 0 33 0 44 0 0 15 0 0 0 
25 0 0 0 0 0 29 0 21 42 0 39 31 28 12 40 0 0 26 0 0 42 0 10 15 0 0 16 3 0 18 0 15 33 23 32 0 0 0 0 0 40 0 0 46 36 0 0 0 0 0 27 0 40 16 0 12 0 0 0 0 0 6 2 9 0 0 0 2 0 24 0 40 39 0 7 0 30 0 18 0 0 35 16 3 0 0 5 0 0 27 0 0 9 0 0 0 0 0 49 0 0 8 46 50 0 0 0 0 14 0 21 22 15 0 0 18 0 0 0 0 0 3 3 0 31 0 23 37 0 0 0 0 35 45 14 4 9 0 0 11 0 0 0 0 0 38 0 0 0 34 39 27 14 0 0 0 48 17 0 0 17 12 0 44 2 0 0 0 0 0 0 0 8 43 0 11 20 0 32 
10 0 0 0 42 0 28 38 0 0 24 31 16 0 0 0 0 0 0 5 0 0 28 0 19 0 0 22 2 0 0 0 0 3 24 26 4 9 0 0 0 2 0 37 22 24 0 0 19 0 0 39 15 0 50 0 49 0 0 29 16 0 0 26 0 22 43 30 26 0 0 0 0 0 29 0 0 0 0 14 26 37 28 0 26 0 0 0 47 0 41 25 33 47 0 8 0 40 0 17 10 24 0 14 0 42 7 0 16 0 0 12 39 0 39 0 4 0 38 0 0 0 0 48 0 11 48 0 0 0 0 0 0 2 0 0 0 29 0 0 0 0 33 0 48 3 44 8 0 11 0 0 0 0 0 0 0 1 36 18 34 41 38 25 0 26 0 0 0 0 19 46 0 0 26 4 33 22 0 
21 0 9 39 31 0 0 31 0 0 0 0 6 50 36 0 29 10 49 0 7 21 23 0 0 0 8 0 0 0 0 0 0 0 0 46 23 0 0 0 16 35 35 0 0 50 14 0 0 0 0 0 26 0 0 1 34 30 4 39 13 49 0 27 29 14 0 0 12 31 0 27 0 0 0 0 0 0 0 0 43 24 29 0 35 0 36 7 0 20 0 0 0 0 17 0 0 0 28 0 9 26 0 4 5 15 0 0 0 0 0 23 34 21 0 0 0 0 13 45 29 33 39 40 0 0 42 12 49 27 0 41 23 0 0 0 0 42 30 0 4 43 0 17 0 12 42 0 43 0 0 0 0 0 2 41 26 0 44 0 0 0 23 38 27 24 0 27 0 0 0 36 0 0 6 0 20 23 
0 3 0 49 0 0 0 0 0 2 0 5 0 0 21 0 0 40 0 0 0 0 0 0 40 48 27 0 0 0 0 35 0 0 18 0 10 23 30 0 0 4 0 31 0 15 5 5 26 2 32 0 9 0 21 0 0 0 27 48 0 4 0 0 0 1 0 0 0 0 0 0 0 0 8 48 0 0 0 23 27 37 48 11 38 0 20 5 0 0 50 0 23 0 0 29 0 0 12 0 36 14 0 13 27 0 0 0 0 0 0 33 0 13 0 0 0 0 35 0 0 0 0 0 15 44 0 0 43 0 19 0 0 44 47 14 0 41 4 0 17 0 0 0 0 0 37 6 0 38 0 0 6 0 14 0 0 27 0 0 0 45 10 0 0 13 0 17 42 0 0 4 28 7 0 46 0 
0 0 0 0 0 0 22 44 39 31 0 0 0 12 33 0 28 45 0 0 0 0 31 0 0 0 44 23 0 0 9 0 0 0 0 1 0 50 22 40 0 0 46 10 0 0 20 38 0 36 40 31 17 38 0 0 13 18 19 30 0 48 11 0 0 0 25 0 0 0 22 0 0 0 11 0 47 0 45 0 44 0 0 0 33 0 42 0 0 0 33 24 0 24 42 46 0 0 24 2 4 0 41 25 0 27 0 0 0 0 14 9 0 5 46 0 0 10 0 0 27 0 8 0 45 0 13 0 0 10 14 21 16 0 50 32 0 11 7 0 0 0 40 0 0 17 48 9 34 0 0 0 8 0 0 26 0 0 0 0 0 19 0 0 0 0 34 0 0 9 0 0 37 0 0 27 
2 0 0 34 0 0 1 0 25 0 17 0 28 0 0 0 0 0 32 0 50 0 0 0 38 38 0 0 0 0 20 0 0 4 30 7 0 46 50 2 48 3 9 11 28 0 0 44 26 0 0 27 27 21 0 0 0 15 0 23 25 0 0 0 0 0 0 48 48 0 4 0 0 0 0 43 28 50 0 0 23 0 0 0 34 0 0 10 43 0 0 50 0 0 6 20 13 0 0 0 32 0 0 0 0 16 0 0 0 42 2 0 0 35 15 39 25 3 0 0 39 0 0 44 48 0 0 0 12 0 2 0 37 0 0 0 18 32 0 0 0 21 0 0 0 0 0 15 0 0 0 0 0 0 33 43 0 0 0 0 0 0 0 0 0 0 0 0 0 0 0 0 0 16 15 
0 32 0 0 28 8 48 6 22 6 45 0 8 0 0 44 0 47 0 0 16 0 44 0 43 0 36 0 10 0 0 0 30 0 18 0 0 0 0 0 19 0 0 0 41 0 30 21 35 0 12 0 0 0 0 0 17 46 0 28 0 42 0 0 19 0 0 5 1 6 0 0 49 0 4 46 10 16 0 9 0 0 34 41 0 0 0 0 2 0 16 0 2 0 0 43 10 0 48 0 21 0 0 34 18 0 1 40 34 0 45 0 0 8 6 32 0 12 5 22 0 44 40 41 0 0 19 46 47 0 0 0 0 0 0 0 48 0 0 0 38 0 41 8 0 0 0 0 6 34 36 0 2 24 50 24 11 27 42 46 22 21 0 0 39 40 3 0 0 0 12 22 0 39 
11 0 32 16 4 0 2 1 0 28 0 7 0 36 0 0 0 22 20 49 0 25 0 13 33 22 47 0 9 43 0 0 20 50 28 14 48 0 0 0 0 48 0 0 34 12 0 0 0 5 0 8 43 50 0 0 6 15 0 0 0 31 23 23 0 0 0 0 0 0 0 0 0 38 5 0 0 0 29 0 0 0 35 4 0 49 40 0 0 31 3 50 0 37 0 0 0 0 48 0 5 0 9 0 0 9 35 45 10 0 9 0 0 0 0 0 9 25 0 5 0 0 0 50 44 0 0 48 28 0 0 0 40 0 0 0 33 31 8 34 0 44 0 0 0 0 0 33 10 36 24 0 29 0 20 0 0 0 0 26 17 0 0 7 0 12 0 0 0 0 0 26 0 
0 0 29 0 45 0 0 19 42 0 13 0 40 32 26 0 0 1 0 0 11 49 0 45 22 0 40 0 26 0 37 0 0 32 0 37 0 0 34 0 5 45 0 0 38 0 0 0 6 46 0 0 0 9 50 46 33 22 49 23 1 0 20 3 0 16 0 42 0 0 13 0 0 20 44 10 0 0 0 0 0 0 25 23 0 2 0 0 0 0 0 8 9 0 0 47 43 24 50 0 0 0 0 22 0 0 28 0 0 0 10 0 2 48 14 0 0 46 26 0 0 43 19 0 0 7 44 16 0 0 8 0 34 0 0 9 0 4 0 36 0 0 0 8 45 0 0 37 0 5 36 0 0 18 0 12 27 0 28 3 20 46 21 16 0 0 0 0 0 40 0 0 
25 10 21 46 0 0 0 32 37 0 50 0 0 32 19 0 19 0 20 40 0 0 0 48 0 0 31 23 0 0 22 8 0 19 0 0 0 0 0 0 13 20 46 0 22 0 0 0 0 40 0 0 33 0 0 0 0 0 0 0 0 12 0 0 0 0 0 45 1 8 0 36 0 0 0 0 40 0 35 47 10 17 0 0 0 0 0 18 0 0 16 0 2 26 0 43 0 0 0 17 16 2 50 0 11 40 0 0 0 17 0 24 0 0 40 0 47 5 0 26 0 24 0 0 43 0 0 0 47 0 1 29 42 0 12 11 15 0 39 33 0 0 0 28 16 12 0 0 6 0 8 6 4 0 35 0 0 0 38 25 43 19 0 0 0 0 0 0 0 33 39 
15 3 38 0 13 0 0 39 29 0 0 0 0 0 0 0 0 49 31 0 0 0 14 12 0 0 50 0 7 0 0 0 0 43 0 44 37 8 0 0 0 0 34 0 0 20 19 33 17 32 0 0 0 38 0 5 26 3 44 0 0 0 18 25 46 0 0 0 30 0 0 26 7 24 32 30 0 25 18 9 0 24 48 0 10 0 49 0 0 0 0 45 0 16 9 0 4 39 3 0 0 48 0 0 0 0 19 44 0 0 0 0 0 0 40 0 22 0 0 0 0 0 0 0 0 0 29 0 47 4 0 0 2 7 0 15 0 23 38 0 0 20 8 0 17 0 37 0 0 0 5 0 0 0 37 0 0 48 47 39 0 9 18 0 0 0 0 0 0 0 
20 0 21 7 40 0 0 0 39 0 38 0 0 0 0 7 38 0 47 31 38 0 19 0 0 0 7 0 0 30 0 21 0 0 0 0 0 0 0 0 0 12 22 0 0 39 2 11 0 0 0 17 2 0 27 0 0 0 0 40 0 24 32 0 0 0 44 31 0 27 0 0 0 0 0 0 41 0 0 0 0 3 0 0 0 40 0 31 0 0 18 0 0 0 0 0 0 10 0 19 0 0 0 0 11 29 33 17 0 4 0 2 0 0 0 0 0 30 0 0 0 0 26 0 0 0 13 0 0 5 0 12 4 0 0 40 0 0 3 19 4 37 0 0 42 0 4 0 2 0 26 0 34 47 0 0 38 0 0 26 5 4 0 26 7 1 0 7 44 
0 0 0 0 0 0 0 0 41 0 38 10 45 0 35 34 23 12 0 0 0 0 1 40 0 0 24 37 7 32 0 2 26 0 0 32 0 39 0 0 21 0 24 36 0 0 0 0 0 0 0 17 37 18 37 8 0 0 0 46 0 42 47 0 25 0 16 39 21 0 19 30 45 0 29 16 0 0 4 0 0 0 0 0 0 0 27 23 49 3 0 0 0 25 0 3 0 3 0 7 0 0 0 49 7 0 45 0 31 32 0 11 49 44 0 34 3 47 0 0 31 30 0 0 0 0 44 0 0 0 3 0 0 0 47 0 0 7 22 26 0 0 4 0 0 0 0 33 23 7 12 48 0 26 30 49 0 39 1 30 0 30 0 0 0 12 40 0 
0 40 0 0 0 0 31 0 0 0 0 0 0 48 43 50 0 0 0 0 0 0 44 0 2 24 0 1 0 14 0 0 11 0 0 0 44 45 36 50 44 44 0 38 27 39 32 28 18 32 0 29 21 0 0 28 0 21 15 41 0 0 45 24 5 0 42 0 38 0 47 16 0 0 0 14 43 49 29 0 0 0 21 0 0 30 19 0 0 0 31 45 37 0 38 43 40 7 0 34 48 0 11 0 34 0 30 0 8 0 44 0 44 17 6 32 0 0 0 0 0 0 0 0 34 42 0 3 0 49 26 0 0 0 0 0 0 16 0 31 17 0 0 0 0 38 41 46 0 0 2 0 0 0 25 0 32 43 0 29 0 47 0 0 0 16 16 
49 0 14 32 0 21 0 0 37 40 21 0 0 0 0 47 0 39 21 6 0 10 0 0 0 32 0 0 18 0 0 9 0 5 0 31 0 11 0 15 10 0 0 0 41 0 35 45 33 0 0 0 38 0 40 0 0 36 29 2 0 22 35 0 0 35 0 10 0 0 0 0 0 0 0 20 18 0 0 16 13 34 0 4 0 0 22 0 0 0 0 0 41 0 0 26 15 50 7 0 10 41 39 22 37 38 0 0 21 34 0 42 0 0 0 0 18 0 23 0 46 2 2 36 0 8 0 0 49 10 0 8 9 12 0 33 34 49 10 19 14 37 0 0 15 10 12 0 0 0 18 0 7 0 0 49 0 0 24 10 0 38 40 0 0 34 
31 0 0 0 2 34 16 7 0 2 0 0 0 0 0 0 0 0 0 3 0 7 0 0 0 0 18 24 0 0 22 0 0 43 0 39 26 0 0 0 0 14 0 0 28 0 0 0 0 0 0 0 0 0 0 0 0 42 0 0 0 9 0 0 47 0 33 10 36 30 0 3 0 0 0 0 1 40 10 0 0 0 0 0 0 25 0 0 0 39 15 43 23 0 38 0 41 16 0 16 26 14 1 46 35 18 49 7 44 0 50 0 0 0 44 0 38 0 34 23 0 0 18 0 0 13 0 0 0 10 34 0 0 21 47 0 0 33 0 0 0 24 44 6 6 22 0 0 31 0 37 17 22 16 9 0 0 20 0 27 0 24 47 0 30 
7 0 14 0 0 12 34 38 13 38 0 0 0 0 0 16 21 1 20 0 0 0 0 0 8 35 22 0 0 20 0 0 0 0 10 14 0 0 0 9 50 40 0 0 24 0 35 0 24 0 0 0 0 5 0 15 29 0 0 0 0 1 35 3 0 47 10 42 0 0 8 10 0 20 6 0 46 0 28 0 3 0 0 0 0 0 0 0 0 0 0 0 0 1 0 0 0 0 5 0 0 0 0 5 0 45 0 27 0 0 0 19 0 0 0 0 0 0 47 0 0 38 0 4 0 47 0 0 8 0 0 39 0 0 0 0 13 0 0 0 38 0 0 0 16 2 19 45 0 32 26 0 0 0 0 5 0 0 15 0 45 22 31 38 
0 33 0 0 0 0 0 39 25 21 0 0 0 0 27 0 14 0 48 3 24 0 0 0 0 29 0 0 0 1 36 14 0 40 36 0 0 0 0 0 0 13 0 0 0 9 0 0 49 28 7 0 31 17 0 0 0 0 50 36 0 10 0 20 0 15 4 0 0 16 50 0 48 0 0 0 31 0 1 0 16 0 6 0 0 0 39 0 14 0 10 27 38 0 44 0 38 0 22 1 0 0 11 43 0 0 11 0 32 2 0 0 3 0 0 0 46 3 0 0 0 0 0 0 35 0 0 0 24 0 2 0 32 39 0 49 0 26 5 29 36 0 32 10 0 8 0 0 29 1 0 21 6 40 14 0 0 0 0 0 17 0 0 
0 0 9 0 0 0 49 8 0 24 0 49 30 50 0 0 0 28 0 0 0 0 0 0 45 0 0 0 0 29 45 39 19 17 18 0 0 40 0 1 42 0 0 36 0 12 0 0 8 1 0 0 20 45 0 0 0 0 0 16 15 0 0 0 0 9 0 38 0 0 0 0 0 0 0 0 0 45 0 29 0 14 0 35 0 0 0 0 0 0 12 0 28 0 0 0 0 0 0 0 26 37 10 23 11 0 0 6 34 0 34 0 48 39 0 0 0 35 41 0 35 0 0 0 3 44 12 24 0 41 0 0 0 39 38 0 0 0 48 0 6 0 0 47 1 25 0 0 21 0 0 35 42 0 0 0 0 0 2 40 15 0 
22 15 0 0 0 0 0 0 0 33 37 0 0 39 0 0 0 0 0 35 43 0 0 0 0 0 30 0 17 40 22 45 0 0 0 0 30 40 1 0 22 0 0 7 0 12 0 29 0 0 0 22 0 0 0 0 0 8 0 0 4 0 18 0 0 0 33 38 40 0 0 12 0 2 38 0 31 0 0 0 0 0 0 0 0 0 0 0 20 33 0 34 0 11 38 50 0 0 0 6 8 40 16 37 24 0 42 0 48 3 33 0 6 31 35 0 50 0 20 0 2 0 12 43 31 37 0 0 0 0 0 0 27 8 7 41 5 0 0 0 2 0 0 50 22 43 35 16 7 0 37 0 0 0 0 33 0 1 0 0 28 
0 0 39 0 0 0 0 4 0 50 0 2 0 0 50 0 23 39 0 0 35 0 0 0 28 39 19 0 43 0 22 0 25 10 48 43 0 11 12 0 15 0 11 0 20 17 38 0 0 17 0 0 3 15 0 0 17 0 0 37 0 0 10 0 2 0 18 0 44 43 0 25 40 0 17 44 0 0 0 0 22 50 12 0 39 41 0 0 0 30 45 15 0 0 0 0 0 0 0 46 0 0 24 0 6 8 0 3 21 49 0 44 0 16 1 33 49 0 0 0 22 0 17 0 0 22 30 36 0 31 50 28 21 0 10 0 0 0 50 7 0 0 33 0 0 6 35 15 24 23 0 5 0 13 0 0 6 11 0 0 
30 0 45 48 0 2 42 7 0 0 28 0 24 42 19 4 43 0 0 0 0 0 0 47 0 34 0 4 6 17 0 16 39 0 0 0 30 0 0 0 36 0 0 0 0 13 0 0 3 0 0 29 9 0 0 0 15 0 0 9 0 0 25 0 38 2 0 7 25 48 13 41 0 0 32 0 0 0 44 0 0 0 0 0 0 9 0 25 0 0 0 0 0 0 0 1 35 0 42 17 0 0 0 9 0 49 46 0 0 0 0 31 0 0 0 0 0 0 23 0 0 48 0 0 0 0 21 48 47 37 2 0 0 36 0 0 30 0 0 0 41 33 29 36 0 0 38 20 0 0 11 13 0 7 0 16 0 0 0 
31 11 0 3 29 0 3 15 43 0 0 41 0 24 0 39 23 0 0 0 0 24 0 0 49 0 0 0 38 26 27 0 0 31 36 0 0 0 0 0 0 0 17 11 0 0 0 0 7 0 0 0 0 0 0 0 0 0 0 14 0 12 47 0 0 0 0 0 28 0 0 0 0 11 0 0 27 0 26 16 0 0 21 42 0 0 0 0 6 7 0 24 0 0 0 0 0 36 0 18 0 0 9 38 0 0 0 10 0 0 0 0 0 0 0 0 0 0 43 15 0 1 0 9 16 34 1 0 47 0 32 40 0 4 0 0 0 27 28 0 7 40 0 0 36 14 0 2 0 0 0 0 0 0 16 16 27 0 
0 48 11 0 0 4 22 12 0 0 36 43 20 0 14 10 6 28 0 1 0 0 0 24 0 0 0 0 11 23 14 0 0 31 47 0 0 0 14 25 0 0 36 0 25 27 3 10 38 0 49 17 0 0 0 0 0 0 50 0 0 7 0 0 0 12 11 20 4 22 0 0 0 0 0 0 16 0 0 46 0 0 0 41 0 0 2 27 42 0 2 9 0 0 0 8 0 0 0 0 29 44 0 0 3 43 0 47 19 13 0 0 0 49 16 0 0 5 42 0 0 0 0 0 16 0 0 0 0 0 0 0 0 6 0 5 2 0 17 0 17 8 0 0 31 14 47 0 0 0 0 35 37 0 2 0 37 
0 0 0 0 10 29 0 0 0 0 44 0 41 0 14 32 0 21 22 11 0 34 1 0 50 0 0 0 4 0 9 2 14 3 0 0 0 15 29 8 13 4 20 0 14 17 0 11 0 4 0 0 29 0 0 0 0 31 0 0 0 0 0 16 44 16 0 3 43 0 5 0 0 40 0 0 35 0 3 0 0 0 0 28 0 0 0 0 0 32 40 0 41 23 0 0 0 1 40 47 0 0 17 0 0 18 0 44 0 38 0 0 0 0 15 0 0 0 0 2 0 12 0 43 0 2 32 3 0 0 12 0 0 0 6 19 7 0 32 37 0 0 19 44 0 0 0 2 0 10 11 0 0 3 0 0 
0 2 37 49 14 0 0 0 0 27 27 4 12 32 0 0 0 0 0 9 0 0 0 0 16 0 0 0 42 20 0 0 0 0 0 48 0 37 0 0 0 0 33 6 49 0 0 0 0 39 0 0 0 5 0 0 5 0 0 0 24 39 25 0 21 0 0 29 20 12 0 39 0 18 0 41 0 47 0 0 0 0 27 0 0 25 33 12 0 42 16 36 33 0 0 31 33 0 0 50 0 0 2 19 27 0 0 0 7 0 28 2 0 0 5 0 1 0 23 0 0 0 0 0 23 0 44 0 0 37 0 0 0 14 0 0 45 49 49 19 0 0 0 0 50 1 0 1 0 5 0 0 50 0 0 
10 0 28 48 20 0 27 12 20 47 0 0 0 0 7 16 0 36 1 7 0 42 0 0 0 20 0 0 0 0 0 32 0 13 40 0 20 6 0 44 0 39 0 20 0 0 0 13 32 0 0 0 0 0 0 4 10 0 0 13 0 0 23 0 42 0 33 0 26 21 0 0 0 1 0 13 0 49 0 21 0 0 0 38 30 0 31 0 0 2 0 22 0 36 40 14 7 37 11 0 23 0 0 0 28 43 48 0 0 0 0 0 0 10 27 0 13 0 18 0 44 0 0 0 0 0 0 0 26 36 36 0 40 19 0 0 0 0 0 0 0 42 0 0 0 0 33 0 24 4 0 0 0 27 
0 0 0 11 28 36 24 47 0 0 0 15 23 5 0 1 39 0 0 0 0 0 0 12 10 29 18 0 0 48 37 11 0 30 0 29 35 12 41 17 44 12 21 0 45 0 11 0 0 46 40 16 0 0 0 32 19 49 0 0 0 8 0 23 44 45 0 48 0 0 0 0 1 0 47 0 0 0 0 0 6 0 0 0 44 33 27 42 20 49 36 38 0 0 0 0 0 0 48 0 0 0 9 0 0 0 0 18 20 6 0 5 0 50 10 42 0 45 0 6 47 0 42 0 0 0 0 33 0 0 30 48 0 21 0 41 0 45 0 0 0 0 0 46 11 0 0 30 0 23 0 6 18 
0 0 30 0 43 9 0 0 0 0 0 0 0 18 19 13 1 35 0 45 0 46 0 16 18 0 0 0 31 0 22 0 0 28 0 42 45 0 41 0 10 5 24 0 0 0 0 5 21 11 15 0 28 22 0 0 0 0 0 10 46 0 36 0 33 0 43 0 0 33 0 0 0 41 0 0 0 0 43 0 0 19 0 0 30 16 38 25 0 0 0 12 15 36 23 18 28 0 12 0 0 0 0 17 0 0 29 25 0 11 0 18 0 0 0 21 6 0 3 32 0 0 0 0 20 25 27 0 0 6 20 41 34 0 0 0 0 18 10 0 0 2 0 49 15 0 0 24 0 0 37 34 
3 0 0 0 20 17 0 0 0 24 0 41 15 5 0 0 0 0 0 0 30 0 0 0 0 0 0 25 41 35 36 0 39 0 39 0 0 11 0 22 38 23 26 0 0 0 0 0 2 0 0 30 15 43 0 0 0 0 20 11 0 0 20 0 0 0 0 0 8 25 0 11 0 36 0 17 0 0 16 25 0 14 11 25 17 0 0 40 2 0 32 3 0 0 0 0 17 0 28 0 19 0 24 0 0 0 16 0 1 5 0 0 0 0 0 9 22 0 0 0 0 0 9 0 0 16 0 34 0 50 0 6 32 22 0 0 7 39 0 0 23 19 0 0 0 23 39 0 0 0 46 
15 22 0 0 0 42 41 0 26 0 47 17 0 17 0 0 0 0 16 26 0 41 0 0 0 33 0 0 0 0 6 0 4 44 0 0 0 0 25 0 0 0 42 0 10 0 0 34 43 49 20 2 0 0 0 0 15 13 0 0 42 13 20 0 0 44 0 38 0 0 47 5 0 2 0 0 0 0 0 0 0 5 0 0 35 49 0 0 0 47 0 0 0 0 0 0 0 50 0 0 0 0 0 0 0 0 0 36 0 0 26 0 5 30 22 0 3 39 44 0 5 0 0 7 44 0 0 0 48 38 0 44 4 32 11 0 50 0 0 29 0 0 0 0 12 0 0 0 0 42 
38 0 31 12 0 30 0 29 13 0 0 0 0 0 0 0 21 0 46 27 0 0 0 0 0 31 50 0 0 0 0 0 0 0 0 0 0 32 0 0 0 16 0 0 34 23 50 0 0 0 0 0 0 0 18 30 5 0 0 38 0 35 0 0 0 0 7 0 0 36 0 33 0 0 0 37 31 0 0 0 33 0 0 0 26 13 3 0 27 0 27 0 0 0 6 0 0 40 0 33 0 41 0 0 0 0 0 0 0 12 14 0 0 0 33 0 25 40 43 0 0 17 0 0 0 43 49 32 0 18 3 0 0 0 0 0 0 38 0 0 0 0 39 7 0 16 0 42 0 
9 0 0 0 0 0 48 33 2 0 0 12 0 0 0 0 0 0 0 0 0 0 0 8 40 0 4 32 0 0 23 0 27 0 0 0 0 23 0 0 0 13 0 37 0 0 0 42 0 0 0 0 0 0 0 48 0 0 33 0 0 0 5 0 15 18 0 30 41 0 43 0 39 17 12 42 32 0 0 1 0 17 3 1 0 0 38 0 0 25 0 0 0 0 50 11 0 0 0 0 33 0 0 22 18 0 32 0 0 0 6 0 0 0 0 39 0 0 5 0 7 0 40 0 0 0 0 7 0 20 0 21 31 0 0 42 17 0 0 0 0 0 0 3 25 0 0 26 
0 0 0 0 0 0 22 7 0 0 29 25 0 25 34 49 26 0 0 23 0 21 46 15 0 0 21 0 0 0 18 3 20 0 0 48 0 0 0 29 24 5 0 6 0 30 0 0 0 0 13 0 0 26 36 12 25 0 0 0 43 0 14 0 0 24 0 0 19 0 31 8 0 0 47 46 39 0 4 0 25 29 22 17 16 30 0 0 0 0 49 15 20 39 0 0 0 0 0 0 19 0 47 0 0 3 0 27 0 36 0 0 25 0 49 23 13 30 46 0 0 7 23 40 0 47 0 0 0 41 0 0 0 0 0 0 28 21 0 0 0 0 0 0 0 26 0 
34 0 0 0 6 5 48 0 0 0 0 0 34 0 0 0 0 47 20 0 47 0 34 9 0 0 10 0 47 23 0 4 0 22 0 27 37 0 0 0 0 0 30 0 0 0 0 0 0 27 48 23 38 2 0 0 0 0 0 32 0 0 34 0 10 0 41 0 10 18 0 3 40 0 0 14 21 0 4 0 46 42 0 7 3 30 0 44 0 0 8 39 9 0 0 27 0 33 0 0 0 0 3 46 0 0 31 0 0 36 0 0 0 3 9 0 0 0 0 33 0 20 48 20 23 0 26 0 0 0 0 19 26 38 0 49 23 2 10 13 10 7 0 38 0 41 
12 0 25 0 0 16 0 5 0 31 0 14 3 30 37 15 0 0 0 0 6 0 20 6 0 0 0 4 0 0 34 9 0 41 0 8 0 13 0 0 0 29 37 13 6 0 0 0 0 0 0 0 0 0 0 0 27 0 42 49 39 0 24 0 0 0 46 0 0 0 0 28 5 0 28 0 27 26 0 47 0 0 0 0 17 0 0 0 26 17 8 20 0 0 18 22 0 0 0 0 0 26 0 43 0 0 36 32 0 22 0 0 22 0 0 0 0 47 10 0 0 29 0 49 43 0 12 18 0 40 26 50 7 0 0 0 41 18 0 0 0 8 37 0 46 
0 45 0 0 0 0 0 0 0 32 0 27 0 0 13 45 0 0 0 3 0 0 42 32 7 0 0 0 12 0 12 0 34 48 11 0 0 0 0 0 0 0 37 0 0 0 10 0 0 49 33 36 0 0 0 41 0 13 0 40 0 0 0 45 43 24 0 0 0 0 0 0 13 0 1 0 0 0 18 0 4 0 0 0 11 0 0 0 22 25 0 0 27 0 22 0 35 0 28 0 16 17 29 0 0 38 0 0 0 0 0 30 0 0 0 0 6 48 0 0 20 28 0 0 20 6 29 0 50 0 50 0 0 0 46 0 0 0 0 36 28 0 46 33 
0 0 0 24 0 5 0 0 0 0 15 0 7 0 0 0 15 24 20 0 0 0 0 10 0 33 13 21 0 17 0 0 6 0 0 0 0 41 0 0 25 0 0 0 0 34 0 0 0 1 0 20 5 0 0 9 0 0 33 8 0 0 0 35 0 15 27 0 0 0 40 40 2 0 0 21 0 26 0 0 9 0 0 0 0 0 27 0 21 39 23 18 47 0 9 41 8 0 49 0 0 0 4 0 5 2 50 32 11 1 0 0 0 0 0 0 40 21 13 21 0 29 0 22 0 13 31 10 0 0 28 0 14 0 28 21 0 0 0 28 49 41 20 
7 38 11 0 0 0 29 17 0 0 26 0 0 0 0 36 49 0 0 0 31 1 0 16 0 0 5 0 0 43 0 35 0 31 38 0 0 0 0 0 46 0 28 0 38 28 0 0 50 32 4 0 0 0 0 0 0 34 36 50 0 4 0 0 0 46 0 12 0 0 0 0 0 0 36 5 21 42 26 0 0 42 16 49 0 39 41 41 0 0 43 0 0 0 0 10 35 0 0 44 0 48 0 23 0 0 27 0 4 0 0 0 0 0 40 0 0 0 23 5 0 0 4 0 0 47 37 3 29 32 0 0 0 12 39 0 0 0 0 16 0 11 
1 45 0 0 0 0 0 0 0 0 0 17 0 0 2 7 48 43 0 15 0 0 34 8 8 16 0 28 4 40 0 0 0 0 4 0 1 0 42 24 24 10 0 0 0 0 0 0 18 0 0 0 24 13 0 0 46 0 5 49 0 19 13 0 0 0 26 0 17 46 0 19 20 16 0 0 0 22 48 21 0 0 12 0 12 0 0 14 0 18 31 0 0 37 0 16 0 6 45 29 0 0 10 0 0 0 7 7 27 0 0 0 0 0 0 0 0 0 26 0 7 0 0 0 0 0 0 0 0 5 46 9 31 12 0 0 0 16 0 0 25 
0 0 0 0 34 45 44 40 0 22 0 33 13 30 40 0 1 39 0 0 41 0 46 0 0 31 12 0 1 0 5 0 32 0 32 0 47 19 8 45 0 17 25 17 0 0 0 0 0 0 0 0 0 5 0 0 0 42 44 49 0 1 0 0 0 0 5 0 16 0 0 0 0 34 39 0 0 39 0 44 0 32 28 12 0 27 0 0 0 0 32 0 0 6 0 5 0 7 0 1 10 0 0 4 0 39 15 0 2 45 0 0 2 29 0 48 22 0 0 22 12 10 0 0 0 0 29 0 0 29 0 0 0 0 5 0 50 38 0 45 
0 17 35 0 23 34 0 0 0 0 12 16 0 0 11 45 0 36 0 0 49 0 0 44 0 48 46 11 0 0 0 48 15 0 0 0 31 0 8 0 10 17 42 0 23 0 0 0 49 30 0 47 0 0 10 48 3 0 32 29 0 35 0 12 0 50 0 45 0 46 20 12 36 0 29 0 40 0 0 0 37 0 14 0 47 0 28 0 0 0 28 0 0 20 47 20 0 0 11 0 0 24 0 8 0 3 10 49 31 11 0 0 0 0 0 0 0 19 0 0 0 0 0 30 0 0 31 0 47 0 42 0 7 16 0 17 0 0 27 
36 48 0 0 0 0 0 0 20 0 0 0 16 0 0 0 35 18 0 9 43 10 0 0 49 0 0 0 0 8 0 0 0 0 0 0 13 13 28 0 17 0 4 1 0 0 0 23 0 1 28 19 31 0 0 0 0 41 0 47 0 0 1 0 29 0 0 0 0 5 12 8 0 2 40 0 0 29 23 0 7 24 24 18 0 0 28 4 20 0 35 0 34 0 0 0 37 0 18 30 49 0 0 0 8 18 42 0 0 14 0 0 0 14 22 0 0 16 50 0 0 0 47 0 0 18 0 3 19 0 0 38 50 13 0 0 0 1 
4 30 48 24 44 32 35 17 0 49 0 11 0 0 19 27 0 0 32 0 0 0 0 13 50 1 0 4 30 32 0 0 0 0 0 30 50 0 21 0 45 46 31 11 0 0 0 7 5 20 0 0 33 0 42 0 0 0 2 0 36 0 0 0 0 45 0 0 0 0 0 6 49 0 0 29 0 19 0 41 0 0 0 0 11 0 47 48 12 0 0 0 0 10 33 31 0 0 34 33 48 23 34 0 0 0 0 26 0 0 40 28 36 0 0 9 0 0 16 0 39 34 0 0 29 13 30 0 32 46 0 0 0 27 0 0 0 
0 15 30 32 0 0 0 0 9 29 18 3 39 11 33 38 0 27 0 0 30 0 0 0 22 41 32 0 3 0 0 19 0 44 18 0 36 7 0 0 38 0 5 0 0 0 0 0 0 22 19 0 43 26 0 3 28 0 6 24 0 41 0 14 7 0 35 0 15 43 0 44 0 0 0 0 0 28 0 0 17 20 0 0 13 1 35 25 2 39 0 34 0 0 28 48 0 3 0 0 0 43 0 31 0 13 11 0 38 0 0 29 50 37 33 46 0 34 36 27 2 32 47 24 29 34 0 48 0 26 0 46 0 0 0 0 
0 0 0 38 0 33 8 35 11 0 13 46 0 44 0 0 0 42 0 31 4 0 0 0 0 0 0 0 0 44 0 50 0 0 7 24 43 32 0 16 0 13 0 0 0 0 0 45 0 0 0 42 0 0 0 0 0 1 34 0 0 26 0 0 26 0 0 0 25 0 0 20 0 47 0 13 0 5 17 36 0 27 50 0 0 0 0 0 0 0 31 0 0 0 26 0 0 0 0 0 43 50 0 3 32 0 0 0 15 0 0 29 49 0 0 21 14 7 37 0 0 0 44 2 0 0 7 8 39 42 0 14 0 16 28 
0 0 0 0 47 20 0 0 44 0 0 0 38 0 18 31 0 46 0 0 0 0 31 16 0 0 0 43 0 0 17 0 31 0 19 24 0 7 19 40 0 0 5 0 38 42 0 11 0 6 23 0 0 35 0 0 50 40 0 0 0 6 31 0 0 0 40 35 0 35 0 0 0 39 1 0 0 0 44 0 0 4 0 0 0 0 0 0 0 0 39 49 27 0 0 10 0 41 26 0 0 0 9 0 0 18 48 0 0 0 0 0 0 0 0 0 7 0 37 1 43 4 0 0 0 37 19 1 0 29 7 0 50 23 
13 0 0 4 18 0 43 0 34 12 0 0 6 10 20 0 0 0 25 0 0 0 19 15 0 0 0 10 21 45 31 0 0 34 0 0 0 0 0 0 0 33 50 21 0 0 0 0 2 0 42 0 0 34 41 0 50 0 16 6 0 0 6 0 0 0 46 30 0 0 29 37 12 0 0 30 0 0 0 0 46 34 0 0 0 49 41 0 0 14 0 0 6 0 41 44 35 0 0 30 0 0 44 2 0 1 1 0 0 9 0 15 20 30 0 36 0 0 36 13 40 0 0 0 0 0 44 5 23 17 23 50 0 
0 0 20 0 0 42 0 0 0 35 0 0 0 0 0 2 24 15 6 0 37 0 23 0 23 40 0 0 0 0 0 7 12 45 0 0 0 0 0 47 0 0 12 32 0 0 24 0 32 0 0 40 27 0 0 23 41 0 0 35 0 26 0 0 0 0 0 15 42 0 24 0 0 24 23 49 0 0 0 15 41 0 0 0 4 19 2 19 0 0 13 0 0 0 0 0 12 0 0 8 37 40 0 0 0 0 0 0 1 30 49 0 26 0 0 0 0 0 0 50 1 11 0 0 0 17 0 5 0 9 25 2 
18 10 0 0 5 0 0 17 45 0 0 25 30 0 24 0 8 0 39 0 0 0 35 24 0 0 0 0 0 0 0 34 25 25 13 4 0 48 0 0 0 27 30 46 44 4 0 0 0 0 41 0 5 0 0 0 44 32 0 0 11 19 10 0 20 16 0 36 0 22 0 1 0 38 27 0 0 0 33 0 0 0 41 44 0 0 0 21 40 0 0 0 0 0 13 0 0 0 23 23 0 21 44 0 0 0 0 0 0 8 0 22 36 3 0 0 36 41 14 35 33 31 0 37 0 38 50 3 0 23 18 
0 0 15 45 42 26 4 0 31 0 0 0 0 0 0 38 42 0 0 0 0 34 0 0 0 0 0 0 48 0 0 0 0 0 0 33 13 47 24 0 46 0 36 0 1 0 0 28 0 0 0 45 0 0 5 0 45 21 0 0 0 0 0 0 39 0 31 44 0 2 0 0 0 0 44 0 0 0 0 9 40 0 0 0 2 0 0 0 0 48 0 0 0 0 0 0 0 36 0 0 10 35 0 10 25 0 0 0 39 1 0 0 48 0 49 0 0 39 0 0 0 0 0 0 39 45 9 32 32 0 
33 0 0 0 18 0 33 16 0 0 0 50 49 0 26 4 0 27 0 0 21 0 37 2 34 0 44 0 37 0 6 6 24 0 0 0 0 0 0 0 0 13 32 0 0 0 0 0 39 10 35 0 0 0 47 0 5 0 0 0 11 39 3 46 8 0 35 0 0 0 26 21 48 0 0 0 1 0 0 3 33 0 0 22 0 0 0 28 0 21 0 0 39 0 0 0 7 24 33 0 0 50 0 43 0 0 0 0 0 0 8 20 29 18 40 0 30 0 0 0 0 0 0 14 5 19 0 0 17 
0 0 0 12 0 0 0 7 13 0 0 0 0 0 0 33 0 0 0 29 0 0 24 9 0 0 13 0 15 0 0 0 15 46 23 0 1 12 36 0 3 8 34 28 45 0 0 0 13 0 0 25 27 42 15 0 0 0 0 0 0 24 44 34 34 45 0 29 34 27 0 0 16 0 35 0 0 48 0 0 6 27 0 0 47 38 13 32 0 5 13 35 50 0 0 0 16 0 0 7 19 0 0 0 0 45 0 44 0 0 29 0 0 22 15 0 30 0 0 0 41 13 0 0 23 0 0 0 
0 12 0 19 0 0 24 34 37 49 39 0 0 47 0 11 0 0 0 15 0 7 18 0 0 0 0 0 0 1 0 1 0 0 0 31 1 0 9 8 24 0 0 0 0 45 0 0 0 41 0 0 20 0 0 0 0 0 8 0 0 0 39 0 11 0 41 0 22 0 32 6 0 25 38 0 0 0 0 0 14 0 0 0 45 16 0 0 20 0 0 30 0 0 48 0 37 0 9 0 44 9 19 0 0 17 19 0 37 0 0 0 19 0 0 0 0 0 3 0 0 0 0 38 13 0 14 
42 9 0 0 0 0 40 34 23 0 0 0 0 0 4 0 27 48 0 20 6 18 0 0 24 0 27 32 0 0 1 0 32 2 0 0 16 0 0 50 41 3 0 50 13 0 3 42 0 0 0 0 0 0 28 50 42 47 4 23 0 0 0 0 25 0 37 0 0 0 0 3 37 0 0 0 0 7 27 0 39 0 14 18 0 39 0 0 0 0 0 24 15 36 9 35 22 0 0 0 46 47 15 0 0 29 2 0 19 39 0 0 0 0 21 0 0 49 0 34 0 31 0 0 5 30 
0 38 0 30 0 0 0 4 0 0 33 0 4 0 0 0 0 0 0 16 0 0 0 0 0 0 0 34 0 42 25 39 29 0 0 0 21 38 0 30 8 0 22 0 10 46 29 24 13 5 1 0 21 0 0 17 23 48 0 36 0 0 0 0 31 0 33 0 0 0 34 0 49 11 13 39 9 0 0 39 0 2 0 40 0 31 0 0 21 21 4 0 29 39 0 32 7 0 0 0 0 0 0 0 0 39 47 38 0 0 0 14 0 44 25 5 0 0 38 0 0 28 0 0 0 
44 27 0 47 0 0 0 24 49 21 0 41 26 0 0 26 0 0 41 0 0 0 13 16 39 0 0 35 0 45 23 0 34 6 0 9 46 0 0 12 28 0 29 0 15 15 46 8 12 0 0 0 0 0 0 5 28 0 9 10 0 0 0 41 45 0 1 28 36 14 30 6 0 46 0 49 0 22 17 29 40 25 23 36 0 7 0 17 40 0 35 0 10 0 0 0 15 3 0 0 0 5 0 0 15 4 0 39 45 36 39 6 23 48 0 37 0 26 3 13 0 0 25 0 
19 0 0 38 0 0 6 20 15 0 5 0 0 0 0 0 0 13 0 0 0 0 23 0 10 2 12 0 38 47 5 0 2 8 19 13 42 0 0 17 13 4 30 0 0 0 11 0 4 0 15 0 25 0 7 0 0 0 0 23 18 16 23 0 34 38 0 40 0 6 32 0 25 5 35 0 4 4 13 0 29 0 0 0 0 17 0 48 0 2 0 0 0 0 38 0 0 0 0 25 0 0 11 0 34 29 0 0 0 40 25 47 31 0 1 0 0 0 0 0 32 26 0 
29 0 0 24 7 0 0 45 0 32 0 0 0 0 0 3 3 9 0 23 0 0 0 12 31 28 0 0 0 0 48 0 0 0 23 43 0 35 0 48 25 0 0 0 32 0 0 5 0 33 23 14 13 26 0 12 0 25 0 0 0 31 47 0 0 0 22 0 0 0 0 0 42 0 0 0 2 0 21 0 37 0 6 0 0 0 2 0 6 0 11 0 17 0 0 27 49 0 0 0 0 26 0 0 0 44 0 0 37 0 0 0 0 0 0 0 0 0 0 11 0 48 
0 23 0 8 0 36 0 0 24 48 32 38 14 0 9 0 44 0 9 0 0 22 0 0 16 0 0 0 0 49 22 0 29 0 45 20 28 38 0 9 27 50 27 0 0 0 0 0 46 29 38 23 0 0 0 0 27 0 43 0 0 4 0 8 6 0 20 0 0 3 33 0 0 13 38 0 0 0 8 0 0 47 0 0 0 0 33 2 0 14 0 0 0 0 0 0 37 0 23 0 0 0 8 0 19 0 7 2 39 24 5 0 24 13 0 31 15 0 0 0 19 
43 0 35 0 0 0 13 0 0 21 16 0 0 0 22 0 43 25 36 34 0 0 0 0 26 0 0 0 15 31 0 0 0 0 19 0 0 41 39 0 0 12 0 1 0 0 0 40 27 45 0 0 37 0 8 0 8 0 0 0 0 11 0 3 0 0 0 47 8 49 0 0 38 21 18 0 9 26 26 40 25 11 10 40 0 0 0 7 0 0 0 0 0 20 44 0 0 0 24 34 0 0 0 0 27 32 0 49 27 34 0 2 0 22 39 0 0 0 32 29 
0 30 1 0 0 0 3 0 38 0 0 46 44 0 4 17 0 11 25 8 0 24 25 43 0 26 0 42 0 19 13 16 4 23 4 0 0 38 40 31 0 19 0 0 0 25 0 0 0 0 41 41 22 0 0 9 0 0 0 0 19 29 39 0 0 0 21 22 0 30 0 50 0 20 17 35 0 4 10 40 0 0 0 25 26 0 0 2 0 19 0 0 0 0 0 0 2 0 13 49 30 41 0 0 0 0 0 0 10 0 26 33 0 0 0 2 0 0 0 
0 32 0 35 18 0 19 18 5 48 37 31 0 5 18 29 3 27 0 1 32 49 9 3 0 5 0 18 37 25 28 39 6 0 0 0 49 33 0 0 17 44 30 0 0 0 0 0 0 47 0 0 0 9 0 50 0 0 36 0 0 0 0 3 47 0 0 29 4 0 0 44 0 0 0 5 0 15 14 12 27 0 0 0 0 39 0 35 24 15 0 12 0 21 0 0 37 18 25 0 0 0 12 0 0 0 32 0 0 47 47 3 0 31 0 8 31 42 
22 15 0 2 31 0 0 4 7 0 0 31 0 0 0 0 0 0 5 41 39 0 0 0 38 0 32 0 0 0 0 0 26 33 0 8 25 10 2 0 0 45 35 0 0 3 42 0 0 0 17 0 10 0 0 50 28 21 36 14 0 42 36 0 0 0 0 0 0 0 0 0 44 7 0 43 33 0 0 0 36 0 45 0 0 39 0 0 46 0 0 0 0 0 0 0 49 0 2 0 0 0 0 0 37 0 36 21 44 49 0 7 0 0 0 0 0 
0 35 1 0 0 14 43 0 38 0 0 0 0 0 36 23 0 0 0 0 10 0 39 0 0 0 11 6 46 0 2 0 45 16 35 0 18 0 10 0 47 36 0 0 10 0 0 3 20 28 29 0 9 0 0 23 9 0 0 19 42 0 35 0 42 0 7 0 0 0 0 32 0 0 15 0 0 5 0 39 29 26 44 0 29 42 48 0 0 0 45 15 45 0 0 16 0 0 31 0 0 0 0 0 0 0 0 25 11 6 7 0 0 28 0 38 
0 0 19 0 0 39 47 5 0 0 42 0 19 0 0 0 9 0 0 0 44 0 47 49 22 14 7 32 0 47 0 0 13 0 0 30 0 0 0 37 0 0 0 18 15 37 0 0 41 0 0 31 19 1 0 0 32 0 0 0 41 0 47 0 0 0 0 41 0 28 0 0 0 43 0 15 21 0 0 2 0 33 22 0 11 0 0 31 0 0 0 16 0 0 19 7 12 13 25 0 0 22 19 50 10 22 0 0 0 0 37 0 0 6 6 
0 15 0 0 23 0 21 47 0 0 0 2 0 0 13 49 50 29 43 0 0 0 0 0 0 0 39 0 49 0 0 0 0 1 0 32 34 0 23 14 3 0 0 35 0 0 28 0 40 0 0 0 40 0 15 0 0 0 2 32 0 9 26 0 47 6 0 36 10 30 43 39 0 0 0 32 0 0 0 0 0 47 16 4 0 0 0 0 0 11 0 7 21 44 41 0 20 33 0 50 0 45 23 26 0 0 2 0 0 0 0 0 0 43 
0 0 20 0 0 19 0 12 20 0 0 13 0 23 0 0 26 0 24 0 27 34 11 31 0 0 0 5 0 19 0 0 22 0 0 43 0 0 4 0 0 0 13 0 0 0 6 22 22 24 17 0 0 0 0 50 0 0 5 18 0 17 22 8 0 0 0 0 0 0 47 0 0 0 0 0 0 36 0 0 30 20 0 0 0 14 0 34 0 0 8 0 17 0 1 0 0 2 0 28 0 30 11 36 12 0 27 0 0 8 4 0 0 
0 0 0 48 7 13 0 6 0 0 0 21 0 36 14 6 0 0 0 30 0 0 0 0 6 0 32 0 0 2 14 0 0 0 24 33 0 0 34 0 0 0 0 0 0 1 0 38 8 26 0 0 0 12 30 15 37 29 1 21 0 0 42 26 8 40 0 0 0 0 0 0 26 0 3 23 0 0 44 0 2 32 0 0 47 9 0 16 7 0 0 12 0 0 24 0 13 0 34 0 0 3 46 0 32 0 1 40 0 0 0 41 
4 0 49 9 0 0 45 0 0 0 4 0 46 11 2 0 28 0 0 0 0 0 0 0 0 0 3 0 7 0 0 19 0 0 0 5 0 0 0 14 0 21 16 40 21 39 0 36 4 0 42 22 34 0 0 0 0 0 36 43 0 28 3 0 0 0 49 48 0 6 43 7 11 26 0 0 8 0 0 50 0 40 0 36 26 0 0 0 0 0 40 42 36 0 41 0 34 0 12 23 4 0 0 26 44 0 23 0 0 20 22 
7 26 20 8 0 0 0 41 27 0 0 0 0 31 9 14 0 0 7 46 0 0 0 44 3 33 0 45 0 4 0 12 0 38 0 0 0 0 0 0 9 30 0 0 5 0 1 0 3 33 0 0 5 0 0 0 44 38 0 45 0 0 0 0 0 0 13 0 0 0 0 5 0 0 8 0 45 46 0 21 0 0 0 0 15 33 0 0 4 0 17 0 8 32 5 0 0 42 20 28 0 3 0 15 36 12 19 8 19 0 
30 0 12 46 0 22 25 37 0 0 32 0 0 0 0 0 0 0 41 0 0 30 45 0 0 0 0 0 0 11 0 20 0 0 0 8 8 26 0 0 0 8 47 0 0 22 29 0 7 0 30 0 0 0 42 0 0 0 13 0 0 0 31 45 37 0 0 10 0 45 0 0 0 44 0 47 15 0 20 0 0 0 0 0 0 34 0 1 0 0 27 0 0 19 46 23 0 0 0 3 18 0 0 32 0 49 34 8 35 
15 0 45 46 28 17 0 39 0 17 0 47 15 47 1 10 0 0 0 0 5 0 5 6 35 0 15 39 0 0 0 5 49 27 7 0 0 33 18 0 0 25 0 11 42 1 0 0 0 26 12 39 26 3 26 42 17 0 5 19 0 19 0 0 40 0 0 0 0 38 16 0 0 0 32 20 0 0 0 0 38 0 0 1 0 0 0 0 37 19 0 0 0 0 0 2 15 0 12 0 10 0 0 19 26 31 39 0 
0 33 0 0 0 0 0 49 7 28 34 0 0 35 28 0 33 40 8 7 0 17 0 48 50 45 0 0 0 0 0 19 0 0 2 0 0 0 18 0 33 0 0 0 37 0 0 0 5 0 49 0 42 0 0 0 0 0 21 3 0 0 29 0 42 47 41 0 16 24 49 2 0 0 0 17 44 48 14 0 0 41 44 29 0 31 32 0 0 0 0 0 0 17 0 34 49 30 0 0 0 24 0 0 42 0 0 
0 24 0 0 0 31 25 0 0 0 0 0 40 34 0 0 11 0 1 49 43 0 0 0 0 0 0 38 32 24 0 16 0 0 0 39 10 37 31 0 0 34 15 0 0 18 47 0 2 0 0 0 0 23 31 0 0 43 43 0 0 32 0 23 46 12 0 19 18 35 24 28 0 0 0 0 0 0 0 0 0 0 0 0 0 5 0 0 18 0 32 24 0 13 0 24 0 0 0 0 0 0 16 0 0 0 
0 0 0 0 0 33 0 27 0 0 0 0 0 48 38 0 0 0 48 36 0 0 0 0 24 12 0 0 9 0 7 0 49 0 48 0 50 40 0 0 40 0 0 0 0 22 28 9 0 0 33 0 0 0 10 9 48 0 0 0 0 0 0 0 3 0 0 50 0 14 0 0 25 0 0 0 0 0 0 0 0 0 40 18 43 0 0 45 0 32 6 37 0 42 44 41 0 27 0 0 4 40 0 0 0 
0 0 0 12 0 0 8 17 0 13 0 30 0 0 47 0 18 0 0 0 0 0 0 13 0 0 46 8 0 2 0 19 31 13 0 8 0 0 0 21 0 0 7 0 0 0 0 0 43 0 0 0 0 0 0 20 32 0 39 0 0 10 13 30 46 0 0 43 44 45 4 13 29 0 0 0 0 46 0 27 0 0 0 30 47 27 9 23 0 11 24 17 0 0 0 35 0 0 0 0 0 48 0 0 
0 10 2 0 40 0 18 0 34 0 0 0 0 30 0 0 0 44 0 0 17 0 0 1 0 0 38 0 37 0 3 4 11 2 0 17 0 39 0 0 0 0 16 0 0 0 0 25 0 24 43 20 0 9 3 0 40 0 0 0 0 2 0 41 0 0 30 0 0 0 5 1 0 0 0 33 0 0 38 42 0 0 9 20 0 0 27 42 0 8 16 0 27 0 0 26 4 38 45 0 39 0 14 
0 0 11 0 32 21 0 0 16 12 0 0 13 0 0 0 0 0 0 0 33 0 49 44 1 4 0 0 36 0 0 0 0 0 0 0 0 0 15 0 32 37 35 6 0 23 34 0 0 1 16 6 36 0 17 0 15 0 0 0 0 7 0 0 0 0 14 5 22 0 0 37 0 34 31 0 14 0 0 26 0 40 31 0 11 42 17 28 24 0 5 38 0 0 0 45 0 0 0 0 0 0 
0 28 34 0 0 0 31 37 15 0 29 28 46 0 0 0 0 45 0 16 37 8 15 0 21 43 0 3 0 0 0 31 36 42 0 20 0 20 0 48 30 0 0 9 0 0 0 0 0 0 0 0 48 0 7 48 0 43 0 0 0 0 0 4 17 0 31 4 0 26 29 0 28 0 0 20 29 0 0 0 41 0 10 35 0 0 0 4 0 0 0 13 0 11 0 22 5 32 2 4 0 
0 0 0 2 47 0 0 38 44 31 0 0 0 0 3 35 0 0 0 0 0 0 12 0 0 11 17 47 13 0 22 41 0 0 0 0 0 0 47 33 21 0 20 8 27 38 0 45 0 0 0 2 47 0 2 0 26 48 50 0 0 18 0 15 28 21 0 0 0 0 0 0 26 0 11 16 45 39 39 34 11 0 0 42 0 0 3 0 4 36 37 1 0 18 0 0 0 0 0 8 
0 0 0 46 48 0 17 0 0 0 0 28 0 5 0 38 0 38 0 11 17 0 24 21 9 42 0 0 0 0 0 29 19 0 24 0 3 39 5 0 0 0 37 0 43 21 0 18 0 0 0 26 0 3 0 23 48 0 0 0 6 0 34 1 1 0 44 35 40 0 0 1 16 33 0 33 0 14 0 0 0 0 0 20 3 0 0 0 0 8 17 0 0 20 0 3 0 0 0 
48 0 0 0 0 2 47 0 0 37 0 27 17 0 4 0 47 8 3 24 49 13 12 48 18 0 0 0 0 0 8 0 0 0 0 0 0 30 0 0 32 7 40 0 0 40 1 42 30 0 0 39 0 13 35 0 0 0 12 0 10 0 0 0 0 0 0 0 0 8 1 0 0 0 0 33 0 0 0 0 0 35 24 26 21 0 0 0 0 0 22 28 0 31 0 0 0 31 
20 0 0 0 0 0 0 0 0 0 0 16 0 0 0 31 32 0 0 0 0 0 0 0 0 0 13 0 0 0 37 10 0 0 0 13 0 0 5 0 0 0 48 1 47 0 30 44 0 32 0 0 30 0 11 0 13 0 0 17 0 47 18 0 0 0 30 32 41 0 0 33 24 0 35 31 0 0 29 0 49 44 0 0 0 0 0 0 0 0 34 48 0 20 18 14 10 
26 39 0 20 49 0 0 0 36 35 0 0 48 0 0 16 21 0 0 0 12 25 0 25 0 0 22 2 1 0 0 0 16 34 25 25 29 13 0 46 0 23 48 27 7 33 0 12 1 0 0 0 45 23 0 25 0 0 0 0 0 17 28 3 0 0 0 0 18 0 0 38 0 0 1 0 0 13 0 0 15 0 0 0 0 38 0 5 0 0 4 9 6 0 0 0 
0 38 9 0 0 20 0 12 0 46 0 0 0 34 0 32 0 0 0 0 44 41 2 13 27 0 0 5 34 29 17 0 3 17 50 0 14 0 0 0 7 32 46 0 42 0 0 42 0 1 0 0 40 30 0 0 0 6 0 0 0 0 0 34 0 20 25 0 42 24 43 0 0 0 0 0 0 0 0 12 0 44 13 0 17 21 0 34 0 0 0 42 38 0 0 
0 0 0 0 0 37 48 24 0 0 0 0 6 0 0 0 33 0 0 35 31 18 22 21 49 0 33 43 50 40 2 0 23 0 37 0 0 43 2 17 17 5 0 0 0 21 21 0 0 0 42 0 0 23 15 0 38 0 38 0 0 49 44 0 36 0 13 0 0 0 0 0 7 0 44 31 0 23 0 0 0 35 28 0 0 0 28 11 35 0 0 28 0 0 
22 0 0 0 25 34 0 0 8 0 13 0 16 0 39 34 0 0 9 0 0 0 0 14 0 31 0 0 0 0 41 28 40 0 0 32 21 0 19 0 0 32 25 0 0 0 0 6 44 0 36 0 0 0 3 48 0 24 0 0 32 5 6 0 0 13 35 23 40 0 0 0 37 0 0 0 41 0 6 0 0 20 19 3 0 0 0 0 0 36 0 42 0 
0 44 0 10 0 0 0 23 0 0 0 10 12 0 0 0 0 35 44 19 0 0 4 0 0 6 0 17 13 12 0 0 34 43 0 0 0 1 0 0 0 13 0 0 12 0 0 0 0 3 33 0 0 8 0 0 0 46 8 36 11 39 37 37 18 0 34 19 4 0 0 0 19 0 0 0 0 0 28 0 0 0 42 0 0 0 0 14 44 0 16 0 
35 0 18 0 8 49 25 23 48 0 0 0 7 15 0 0 0 24 0 26 48 28 0 45 0 0 0 38 12 0 0 6 33 0 0 33 4 0 0 0 0 0 25 0 0 0 0 31 34 48 16 23 0 0 31 9 28 0 6 0 0 0 0 12 0 0 0 0 32 38 0 0 21 0 0 0 29 13 35 46 0 42 15 0 10 19 0 21 15 0 26 
0 37 0 2 0 0 0 0 0 0 0 11 17 5 35 0 26 37 0 0 12 0 43 18 37 21 44 0 0 0 0 17 0 0 18 19 49 7 0 25 0 0 0 0 0 0 5 0 0 13 0 0 0 8 0 0 0 0 40 0 0 39 40 0 17 33 0 0 0 0 29 31 3 25 0 33 0 11 0 0 40 30 0 26 0 0 0 0 12 0 
6 8 0 39 0 43 44 9 40 0 0 0 26 0 0 0 0 39 0 0 16 18 40 38 0 0 4 0 0 3 41 13 0 47 0 22 0 0 0 0 11 8 42 10 0 0 0 46 22 0 0 1 0 0 1 33 0 0 0 11 0 2 0 0 36 29 18 0 29 0 16 0 0 44 0 17 18 7 14 14 9 18 0 0 0 41 0 26 1 
41 21 39 2 46 0 50 0 0 26 29 8 0 25 0 0 49 37 0 0 0 0 0 20 0 41 0 0 6 47 0 17 0 0 5 0 13 0 0 50 0 26 0 0 0 0 0 0 0 33 0 22 0 19 1 40 0 0 0 0 38 0 0 46 20 0 0 41 0 0 0 1 0 0 31 0 0 0 0 0 41 0 0 0 5 18 0 27 
0 0 0 0 2 0 0 0 47 0 37 0 0 0 7 36 0 0 0 0 0 0 0 0 21 21 0 0 0 0 0 27 22 0 0 0 46 0 10 0 0 0 18 0 0 0 8 17 31 0 8 0 25 0 34 33 0 0 0 0 0 0 0 29 0 0 0 0 0 18 0 0 10 0 38 41 17 0 0 24 0 0 0 0 0 4 0 
23 40 12 0 0 37 0 0 0 0 0 0 41 0 0 0 0 0 19 35 49 0 35 0 36 0 16 39 0 36 36 40 35 29 0 0 18 29 0 19 44 0 0 0 41 0 0 0 0 0 27 21 0 0 13 0 0 23 0 0 21 18 0 47 32 0 0 5 12 34 18 40 5 43 35 43 25 48 40 0 0 10 0 14 0 0 
0 47 0 0 0 0 16 18 0 48 0 20 5 8 0 0 0 0 0 0 0 0 0 4 0 0 0 0 44 0 26 0 18 0 27 49 48 23 0 31 0 0 0 37 1 0 2 0 0 0 0 0 28 0 0 26 0 0 0 0 0 32 0 8 25 32 36 0 24 39 34 41 0 16 46 0 18 0 27 0 0 7 22 0 0 
20 23 42 37 0 0 0 0 0 0 31 0 0 16 0 35 0 9 0 0 0 0 0 0 0 7 38 6 0 8 0 12 32 30 0 38 14 0 0 0 0 0 0 0 0 0 0 0 16 0 0 0 35 40 0 44 27 0 0 20 0 0 0 37 3 0 0 28 0 1 0 0 0 49 0 0 0 0 16 1 0 0 0 12 
26 0 0 45 0 0 49 0 0 0 0 43 0 0 34 0 0 0 0 29 0 25 0 43 0 27 0 18 46 0 0 0 24 36 13 40 0 0 0 0 0 50 0 0 18 20 0 3 0 41 0 0 0 3 0 0 0 0 10 0 0 0 0 13 30 42 3 0 5 7 0 0 0 35 0 0 0 0 0 0 0 0 0 
39 0 0 2 0 0 26 0 0 0 0 0 8 0 0 19 46 45 0 0 13 15 17 40 0 12 22 0 0 0 0 0 0 0 43 0 0 0 5 22 19 18 0 48 0 3 0 0 0 50 0 0 0 0 6 0 0 0 13 0 0 25 19 0 41 10 0 0 8 40 0 0 39 0 0 12 14 19 33 14 48 15 
0 31 0 0 41 0 0 8 13 41 26 4 19 47 40 0 0 0 29 45 8 0 0 0 0 0 0 0 0 15 0 0 0 42 9 8 7 8 0 21 12 47 0 0 0 0 0 38 41 0 0 0 0 0 48 25 16 35 0 19 18 0 0 0 0 44 0 0 0 0 2 16 0 0 0 25 35 31 2 30 0 
1 0 0 0 0 0 14 0 0 6 0 0 0 49 0 7 0 0 0 10 0 0 29 0 0 42 0 44 0 26 0 0 0 0 0 24 0 0 41 39 0 0 0 0 44 27 20 0 0 24 18 30 0 0 0 31 0 0 27 0 0 0 4 50 28 7 0 0 0 0 0 0 0 17 23 34 0 0 31 0 
35 0 38 0 9 5 0 0 0 0 0 8 15 0 0 0 0 28 0 33 0 21 0 0 0 17 45 0 36 36 37 0 13 0 40 50 44 49 31 9 40 0 11 0 47 0 0 0 6 0 8 34 0 45 0 14 0 21 0 0 30 18 0 34 48 4 24 0 0 0 0 0 0 0 32 38 0 0 2 
0 0 0 0 0 0 0 0 2 0 29 9 0 0 0 0 0 0 0 0 4 0 0 32 0 0 0 50 10 33 42 0 0 0 0 6 0 41 15 0 1 0 8 17 0 0 0 0 49 38 0 5 0 0 0 14 6 0 25 15 6 29 0 0 0 0 5 0 0 0 0 0 0 0 0 40 25 12 
0 34 0 0 0 0 0 28 7 22 0 29 43 43 47 0 0 0 13 11 33 42 0 19 22 0 50 0 0 0 0 0 12 48 36 31 0 46 25 7 33 37 5 0 0 0 39 0 0 20 0 14 0 5 5 17 0 8 0 11 0 0 27 32 44 13 0 9 0 0 0 45 32 0 0 0 0 
0 0 0 8 0 45 5 2 46 28 0 24 20 0 0 0 0 0 0 0 18 15 0 0 27 40 0 0 0 35 0 0 0 0 1 0 22 0 27 0 37 19 0 3 0 0 0 35 0 0 13 37 0 0 31 0 0 0 48 0 0 0 11 44 0 45 18 0 0 0 0 0 0 0 0 0 
12 0 15 0 0 22 0 4 0 0 0 0 0 0 16 0 0 10 0 11 29 0 0 0 45 19 1 0 0 4 0 7 40 0 11 0 0 0 0 0 0 0 27 0 9 19 49 32 0 0 1 30 0 10 0 20 0 27 0 0 45 0 0 0 0 0 48 0 0 15 0 0 0 41 14 
0 0 0 44 0 0 0 0 0 47 0 9 0 0 0 0 0 38 44 13 33 24 37 0 0 15 10 50 17 0 0 10 3 0 9 0 0 0 1 9 5 0 45 0 0 2 9 43 31 27 33 0 0 0 0 22 0 49 5 0 44 0 0 33 0 0 0 0 24 6 0 1 40 30 
39 25 0 0 0 22 0 0 0 29 0 0 0 0 0 0 0 0 31 26 0 0 46 0 16 0 0 0 0 0 0 0 0 0 0 0 21 37 0 39 0 0 50 40 0 1 0 0 0 12 0 0 11 41 0 0 20 27 0 0 0 38 26 0 49 15 47 20 0 0 37 0 0 
0 0 0 0 43 30 0 0 0 2 0 0 0 45 0 35 35 0 32 0 0 16 41 0 0 28 0 14 6 33 24 0 43 0 49 0 0 4 21 0 0 0 0 0 0 21 0 0 16 0 0 20 6 48 30 17 34 0 45 40 0 0 0 0 0 4 4 0 43 3 0 32 
15 20 30 0 0 42 49 0 0 0 0 13 26 37 49 33 7 32 0 0 1 41 2 0 0 31 44 0 24 0 0 0 25 0 0 0 0 0 31 39 0 0 46 19 0 8 0 21 0 4 0 0 34 22 50 9 0 0 18 49 0 0 0 11 0 0 0 0 30 0 0 
48 17 0 46 0 0 11 37 0 0 30 0 29 0 7 41 9 17 0 0 0 0 0 0 43 0 0 0 0 46 0 1 17 34 0 0 0 0 0 14 0 0 0 0 34 9 0 0 8 4 35 33 0 46 0 41 2 31 0 0 0 39 0 0 0 9 0 0 0 7 
40 0 23 44 0 0 24 0 44 0 0 0 0 0 44 0 42 26 0 0 0 22 0 0 38 0 0 0 0 5 0 2 0 4 0 10 10 15 0 19 0 0 0 0 30 22 50 0 8 28 49 39 0 0 3 40 11 43 0 0 0 17 0 0 0 38 0 27 12 
0 1 5 0 18 0 0 21 0 42 4 0 0 0 0 0 0 0 27 28 0 35 45 6 0 0 0 45 11 0 0 0 0 29 31 0 0 0 0 6 0 12 0 38 0 6 0 20 8 0 50 0 41 5 0 0 0 15 0 0 39 0 0 46 50 0 47 40 
38 13 0 0 0 0 0 0 0 36 0 41 47 31 10 0 0 0 0 44 35 0 0 0 40 0 0 3 0 0 44 0 25 17 15 0 0 6 42 48 0 0 0 0 0 45 0 50 0 24 0 0 24 0 0 0 0 47 14 18 6 0 39 0 31 18 33 
0 16 0 13 0 0 0 0 34 0 8 0 0 0 0 0 0 0 0 0 12 0 17 0 0 36 0 14 31 15 0 0 0 46 39 24 0 0 5 0 48 0 0 0 48 22 0 4 2 47 39 0 0 18 35 0 0 0 0 4 0 29 0 6 0 9 
0 0 50 0 0 0 0 26 0 15 0 0 0 0 0 15 5 0 0 36 31 28 0 7 0 37 20 46 0 36 0 0 0 0 0 8 31 0 0 0 49 0 16 32 0 13 0 0 0 0 0 48 0 23 19 26 44 0 5 0 15 0 24 30 24 
0 0 36 0 0 45 0 0 29 0 41 27 37 4 33 31 0 14 0 0 48 0 28 0 0 0 26 0 9 0 42 15 2 0 0 43 8 0 0 11 0 0 0 0 0 9 0 0 0 18 8 0 0 32 43 0 0 1 0 27 0 19 0 28 
0 7 47 5 16 39 0 0 0 0 4 29 0 39 34 0 22 43 39 37 0 29 0 28 0 0 0 0 0 19 18 37 0 22 11 0 0 34 26 0 41 36 15 23 35 0 13 19 6 10 11 0 27 0 0 0 39 28 30 0 0 0 5 
0 7 0 0 11 0 0 26 0 0 0 42 0 0 0 0 48 28 0 12 0 34 0 0 0 0 31 0 20 0 0 43 0 0 11 49 0 8 0 47 8 0 0 0 22 0 0 0 0 0 40 44 0 0 28 0 0 0 47 0 0 24 
0 0 46 0 3 0 0 34 0 0 8 32 0 46 0 0 2 0 0 48 0 0 8 40 0 49 39 12 12 7 44 0 6 48 0 0 35 0 0 21 0 22 0 0 11 1 30 0 0 0 0 45 3 20 0 41 43 0 0 0 0 
0 0 0 0 3 29 38 0 0 0 1 0 0 41 0 0 0 0 38 45 0 23 0 21 0 0 0 42 0 0 0 46 0 0 31 38 0 42 0 0 0 0 0 43 0 32 0 27 40 0 10 0 18 11 30 39 0 0 0 0 
25 0 0 43 48 0 0 0 0 0 0 0 0 0 1 0 43 0 15 0 21 0 23 0 0 29 12 0 25 0 0 0 0 20 28 32 17 10 44 14 28 0 2 0 28 40 0 0 0 0 0 0 0 41 39 0 31 47 0 
38 0 44 0 0 0 8 27 30 40 3 0 26 3 24 48 0 0 0 4 0 0 34 14 0 0 0 0 39 0 0 0 42 0 0 26 24 11 9 3 45 41 5 0 0 0 22 25 0 0 28 0 0 0 0 40 0 5 
2 0 50 29 27 0 0 0 42 5 45 31 0 0 0 0 50 0 0 44 0 0 0 21 24 0 44 30 23 50 0 26 15 0 0 41 17 0 28 0 8 0 18 0 0 42 0 0 0 29 0 0 0 0 24 0 0 
14 0 41 23 0 37 42 16 0 0 0 20 26 0 30 42 0 18 8 32 48 42 0 0 0 0 0 47 0 0 0 0 0 4 0 22 0 37 0 7 0 0 18 41 0 0 0 0 0 42 46 13 0 0 0 0 
0 0 20 0 0 40 0 0 23 0 0 0 0 0 35 0 0 22 44 5 0 34 0 0 14 32 0 36 0 0 13 43 0 0 0 26 39 0 21 0 0 42 0 0 0 0 4 32 0 0 46 0 0 0 0 
5 30 0 9 0 7 0 26 0 0 0 37 0 11 33 0 35 13 0 0 6 0 11 0 28 0 0 0 0 33 0 0 0 0 24 0 0 19 0 0 29 0 0 0 0 0 19 0 0 0 0 0 0 0 
47 10 42 30 0 0 0 18 0 17 0 0 0 0 0 0 0 0 36 0 0 0 0 0 0 0 23 0 0 35 17 18 0 34 0 0 0 0 0 0 17 14 0 49 2 30 46 38 0 0 47 31 30 
0 26 27 43 0 0 45 0 2 37 31 31 0 49 0 0 13 0 0 16 0 0 0 0 0 19 0 6 0 0 0 0 1 0 31 0 44 0 0 0 0 9 10 38 3 7 0 45 0 32 43 0 
0 0 8 28 0 9 25 0 35 0 4 23 15 0 5 0 41 11 10 0 11 2 12 0 0 0 1 42 6 0 40 0 47 0 41 47 0 13 0 0 0 25 0 6 0 0 22 0 31 16 0 
0 8 0 0 13 13 0 5 0 48 0 1 1 15 3 10 10 44 48 0 35 38 43 0 38 0 0 0 13 15 0 0 0 0 8 47 0 0 0 11 0 39 0 0 31 16 0 0 0 16 
0 0 0 34 0 17 39 13 0 0 0 28 0 5 0 0 0 43 45 0 34 0 0 0 0 7 0 0 0 0 0 0 0 0 7 0 30 17 0 0 11 40 3 20 28 6 0 11 0 
17 0 0 0 0 35 0 10 23 0 0 0 40 38 39 0 0 7 0 0 42 0 0 0 0 0 0 0 40 0 0 18 0 0 0 0 0 26 0 47 0 29 12 0 0 0 2 0 
0 0 4 44 21 0 8 32 0 2 9 23 31 35 0 45 22 0 40 0 0 0 0 0 0 0 0 26 48 0 16 25 26 0 29 14 0 13 38 38 23 37 0 0 0 12 22 
0 4 1 0 21 39 32 0 0 34 0 44 0 0 0 0 15 42 0 48 0 0 12 18 0 26 25 0 25 30 47 24 6 0 0 0 48 17 0 12 0 0 0 24 31 0 
0 31 0 0 27 0 5 0 0 22 0 31 32 0 30 0 0 46 0 0 5 0 14 6 26 0 5 48 3 0 0 0 0 0 0 32 26 0 37 0 0 28 0 0 23 
22 10 0 8 0 0 31 0 41 0 49 2 0 0 47 2 0 16 0 0 17 0 24 0 0 0 0 0 0 0 49 14 16 17 29 0 31 40 0 0 12 13 0 37 
0 13 25 0 0 50 25 0 0 0 17 29 0 0 0 0 0 0 0 0 0 0 0 0 49 6 0 7 0 27 0 14 0 0 30 36 0 43 12 0 0 0 0 
19 26 0 43 0 0 0 0 49 25 0 26 5 28 30 2 0 19 14 0 0 29 28 2 21 23 0 25 40 0 0 7 36 0 21 0 0 0 0 25 0 48 
0 13 0 0 0 45 0 0 10 37 0 45 0 0 21 35 0 6 28 20 46 42 47 25 0 10 11 0 36 5 18 21 0 33 50 39 0 15 7 0 14 
0 0 0 21 0 0 0 1 9 0 0 0 0 15 0 25 2 0 0 37 48 0 0 0 10 11 36 2 0 0 0 0 0 0 0 0 30 20 20 0 
0 0 15 0 0 8 0 0 0 0 0 0 0 0 0 0 0 33 0 0 16 0 6 0 0 27 0 0 0 4 0 38 26 0 31 0 0 0 0 
47 0 26 0 0 7 0 22 0 34 0 11 15 13 0 48 47 0 0 0 28 30 16 0 20 0 0 0 0 31 0 39 0 0 0 2 36 0 
48 7 50 49 30 50 0 8 2 0 29 0 2 32 0 0 0 0 2 0 31 38 0 49 49 0 0 0 0 0 0 0 28 0 5 7 0 
8 0 0 0 14 25 0 0 0 38 0 44 0 0 0 0 10 0 42 0 19 8 48 0 20 22 0 45 23 24 0 18 45 33 38 33 
1 0 25 0 0 0 36 0 0 0 18 0 0 0 9 6 28 0 2 23 0 0 46 24 0 22 0 0 0 22 0 3 27 0 0 
33 0 0 14 0 48 0 0 0 28 47 0 11 0 37 0 0 1 0 47 44 27 0 0 13 0 0 0 0 0 0 0 0 0 
20 0 32 0 10 0 0 0 27 0 0 39 0 0 15 0 4 0 0 5 0 0 0 19 2 9 0 0 6 42 2 33 50 
0 45 49 0 0 0 0 0 47 0 0 0 16 0 0 29 32 26 1 0 0 0 0 42 5 0 0 30 0 50 23 43 
8 0 36 0 20 16 0 25 27 0 0 0 0 0 0 50 9 0 26 0 0 14 27 0 2 3 0 0 0 0 0 
0 0 33 11 0 0 50 16 0 0 12 0 0 25 23 0 0 49 0 0 38 11 0 0 26 0 42 20 0 15 
0 0 0 18 0 14 42 0 42 6 0 0 0 12 0 0 0 0 0 39 0 0 0 0 0 0 0 0 7 
0 19 13 0 0 4 15 0 0 0 48 0 7 0 35 31 36 0 0 0 23 38 1 9 0 0 0 0 
36 41 14 0 0 0 0 35 0 20 0 0 6 0 21 36 36 0 0 0 0 0 1 29 0 19 38 
41 0 22 2 28 35 0 0 0 0 0 0 0 0 0 45 40 43 0 0 0 0 14 0 0 17 
0 0 0 0 33 26 0 25 0 0 0 4 0 35 11 0 0 28 0 31 36 0 0 0 43 
0 10 0 20 0 0 0 4 0 31 0 45 0 0 18 0 0 0 0 0 0 0 0 0 
26 0 0 6 8 0 0 40 0 16 0 0 14 21 0 18 16 15 44 0 15 29 0 
11 0 0 0 0 0 8 0 1 5 17 0 17 0 44 0 1 0 20 0 6 39 
50 0 12 19 0 0 42 0 0 0 0 0 0 26 0 0 48 12 24 0 27 
0 0 35 0 0 7 0 0 0 0 0 0 0 20 30 40 0 0 32 3 
49 35 0 3 0 0 0 6 44 0 0 45 0 0 32 0 0 4 0 
0 0 4 29 0 0 0 41 5 0 20 0 38 0 0 0 0 38 
0 10 0 0 0 0 0 23 41 0 0 37 0 0 19 34 39 
0 27 43 30 0 45 0 12 0 33 47 0 0 23 33 0 
0 0 42 0 21 0 1 9 0 48 0 26 0 0 50 
0 0 0 24 0 0 0 0 27 0 0 0 0 40 
0 0 0 0 0 13 16 36 0 0 0 0 22 
0 0 45 5 0 39 0 50 29 20 29 36 
0 27 0 26 0 0 0 0 31 0 0 
0 17 47 8 0 0 29 0 25 41 
0 0 0 22 0 0 0 0 0 
32 0 0 0 18 23 0 0 
43 0 34 0 12 0 49 
0 0 0 0 35 6 
0 0 32 49 0 
38 0 0 0 
0 0 37 
0 0 
28 

1 6
1 12
1 14
1 15
1 21
1 40
1 42
1 51
1 53
1 55
1 61
1 64
1 70
1 73
1 78
1 89
1 96
1 98
1 103
1 105
1 110
1 115
1 122
1 126
1 136
1 139
1 142
1 143
1 146
1 152
1 153
1 159
1 163
1 193
1 194
1 196
2 5
2 6
2 13
2 14
2 16
2 17
2 31
2 38
2 54
2 64
2 72
2 77
2 83
2 90
2 92
2 99
2 102
2 107
2 108
2 110
2 115
2 118
2 132
2 139
2 154
2 156
2 159
2 167
2 169
2 178
2 190
3 8
3 10
3 11
3 12
3 13
3 16
3 27
3 38
3 53
3 69
3 82
3 83
3 87
3 90
3 91
3 92
3 106
3 108
3 118
3 124
3 128
3 132
3 139
3 146
3 149
3 152
3 158
3 161
3 163
3 179
3 180
3 188
3 191
3 192
4 8
4 10
4 13
4 25
4 29
4 54
4 61
4 62
4 72
4 75
4 91
4 93
4 107
4 112
4 118
4 126
4 138
4 141
4 147
4 154
4 155
4 162
4 170
4 171
4 176
4 180
4 183
4 197
4 198
5 18
5 22
5 38
5 41
5 52
5 53
5 56
5 59
5 65
5 67
5 72
5 84
5 101
5 102
5 104
5 115
5 125
5 129
5 130
5 135
5 141
5 143
5 148
5 153
5 160
5 162
5 171
5 180
5 187
5 189
6 44
6 47
6 55
6 62
6 64
6 71
6 84
6 86
6 97
6 98
6 104
6 108
6 113
6 135
6 143
6 151
6 152
6 153
6 156
6 157
6 161
6 162
6 166
6 174
6 175
6 176
6 177
6 179
6 186
6 193
6 194
6 195
7 17
7 33
7 42
7 51
7 52
7 66
7 96
7 97
7 103
7 105
7 110
7 114
7 123
7 136
7 137
7 146
7 159
7 163
7 182
7 189
7 193
8 21
8 28
8 30
8 39
8 44
8 54
8 56
8 57
8 68
8 70
8 88
8 89
8 99
8 101
8 116
8 125
8 135
8 138
8 144
8 146
8 149
8 150
8 151
8 158
8 170
8 182
8 194
8 195
9 13
9 21
9 30
9 32
9 49
9 51
9 57
9 60
9 69
9 76
9 78
9 92
9 110
9 126
9 138
9 142
9 144
9 146
9 154
9 156
9 163
9 164
9 182
9 185
9 188
9 194
9 197
10 14
10 21
10 35
10 36
10 46
10 65
10 86
10 99
10 101
10 110
10 115
10 123
10 132
10 134
10 145
10 155
10 161
10 162
10 167
10 172
10 177
10 178
10 194
10 195
10 197
11 13
11 23
11 28
11 39
11 47
11 58
11 61
11 68
11 71
11 81
11 82
11 84
11 108
11 114
11 115
11 119
11 120
11 123
11 133
11 136
11 138
11 139
11 157
11 159
11 173
11 175
11 194
11 195
11 200
12 13
12 22
12 32
12 37
12 43
12 45
12 62
12 63
12 72
12 74
12 75
12 81
12 84
12 90
12 92
12 94
12 110
12 113
12 114
12 117
12 123
12 130
12 138
12 143
12 156
12 157
12 163
12 165
12 170
12 174
12 177
12 184
12 191
12 198
12 199
12 200
13 15
13 16
13 29
13 36
13 40
13 42
13 52
13 54
13 73
13 86
13 96
13 111
13 116
13 117
13 119
13 124
13 133
13 144
13 150
13 154
13 155
13 158
13 168
13 181
13 187
13 195
14 17
14 28
14 29
14 35
14 58
14 59
14 71
14 78
14 88
14 91
14 103
14 105
14 110
14 124
14 130
14 131
14 139
14 162
14 165
14 167
14 169
14 173
14 175
14 188
15 17
15 34
15 38
15 45
15 53
15 54
15 71
15 73
15 80
15 82
15 84
15 89
15 90
15 103
15 117
15 124
15 137
15 157
15 158
15 159
15 164
15 174
15 177
15 182
15 185
15 194
16 19
16 21
16 41
16 48
16 55
16 62
16 68
16 75
16 78
16 93
16 94
16 105
16 108
16 113
16 158
16 168
17 18
17 20
17 45
17 53
17 54
17 55
17 62
17 75
17 92
17 109
17 118
17 125
17 130
17 133
17 137
17 148
17 149
17 152
17 154
17 155
17 169
17 173
17 179
17 198
17 200
18 25
18 29
18 30
18 36
18 38
18 51
18 55
18 65
18 66
18 69
18 70
18 71
18 73
18 75
18 77
18 78
18 81
18 93
18 99
18 107
18 108
18 110
18 113
18 114
18 115
18 117
18 118
18 122
18 124
18 127
18 131
18 133
18 141
18 143
18 156
18 158
18 167
18 180
18 181
18 183
18 187
18 190
18 191
18 193
18 198
19 23
19 28
19 44
19 45
19 49
19 53
19 58
19 62
19 75
19 78
19 87
19 98
19 113
19 122
19 125
19 126
19 138
19 141
19 160
19 161
19 172
19 193
20 57
20 60
20 71
20 81
20 86
20 87
20 97
20 101
20 113
20 116
20 118
20 122
20 136
20 169
20 170
20 190
20 192
20 193
20 199
21 25
21 52
21 62
21 64
21 69
21 75
21 77
21 79
21 84
21 132
21 143
21 150
21 153
21 157
21 162
21 163
21 165
22 32
22 34
22 38
22 48
22 50
22 52
22 56
22 57
22 62
22 74
22 85
22 90
22 93
22 101
22 106
22 115
22 116
22 122
22 129
22 138
22 140
22 147
22 156
22 167
22 173
22 180
22 184
22 189
22 192
22 196
22 198
23 30
23 39
23 40
23 47
23 57
23 59
23 80
23 88
23 97
23 109
23 115
23 120
23 136
23 138
23 143
23 144
23 146
23 147
23 155
23 160
23 168
23 169
23 175
23 188
23 200
24 36
24 40
24 46
24 48
24 53
24 59
24 90
24 94
24 96
24 106
24 113
24 114
24 122
24 126
24 133
24 150
24 166
24 176
24 182
24 187
24 196
24 198
25 28
25 33
25 40
25 42
25 48
25 52
25 53
25 54
25 55
25 58
25 71
25 76
25 82
25 97
25 108
25 109
25 115
25 118
25 123
25 125
25 132
25 133
25 134
25 148
25 152
25 157
25 160
25 164
25 165
25 169
25 172
25 176
25 178
25 182
25 184
25 188
25 193
25 195
26 38
26 40
26 41
26 54
26 57
26 63
26 70
26 79
26 80
26 85
26 92
26 118
26 121
26 136
26 138
26 151
26 160
26 165
26 168
26 178
27 36
27 55
27 68
27 71
27 86
27 93
27 100
27 107
27 120
27 125
27 127
27 129
27 139
27 140
27 141
27 142
27 149
27 154
27 157
27 159
27 170
27 173
27 185
28 30
28 32
28 34
28 38
28 40
28 44
28 61
28 71
28 72
28 93
28 98
28 100
28 108
28 109
28 113
28 115
28 117
28 119
28 122
28 133
28 140
28 149
28 153
28 162
28 169
28 170
28 175
28 181
28 183
28 197
28 200
29 39
29 41
29 51
29 52
29 55
29 58
29 62
29 68
29 73
29 80
29 90
29 95
29 100
29 107
29 113
29 114
29 115
29 127
29 137
29 138
29 150
29 163
29 167
29 171
29 177
29 185
29 187
29 193
29 196
30 41
30 42
30 50
30 55
30 56
30 74
30 75
30 81
30 85
30 91
30 96
30 97
30 114
30 118
30 120
30 130
30 139
30 144
30 152
30 153
30 167
30 171
30 179
30 182
30 183
30 194
31 53
31 59
31 60
31 62
31 64
31 67
31 69
31 71
31 89
31 90
31 104
31 107
31 109
31 111
31 112
31 120
31 123
31 125
31 132
31 135
31 146
31 147
31 150
31 152
31 155
31 166
31 174
31 177
31 183
31 186
31 187
31 194
32 40
32 51
32 52
32 74
32 77
32 78
32 79
32 80
32 89
32 91
32 93
32 96
32 102
32 110
32 116
32 129
32 155
32 162
32 165
32 168
32 174
32 179
32 195
33 36
33 44
33 50
33 62
33 68
33 76
33 94
33 101
33 106
33 107
33 108
33 121
33 141
33 150
33 151
33 154
33 160
33 166
33 176
33 189
33 197
33 198
34 39
34 47
34 49
34 59
34 61
34 67
34 71
34 76
34 88
34 90
34 101
34 103
34 104
34 106
34 122
34 128
34 142
34 148
34 191
34 192
34 195
35 38
35 47
35 48
35 53
35 54
35 56
35 58
35 60
35 64
35 65
35 70
35 73
35 75
35 78
35 79
35 85
35 92
35 95
35 101
35 110
35 111
35 118
35 119
35 122
35 124
35 129
35 134
35 157
35 160
35 163
35 182
35 192
36 38
36 56
36 57
36 60
36 67
36 69
36 73
36 80
36 84
36 87
36 89
36 114
36 118
36 129
36 133
36 143
36 147
36 154
36 157
36 159
36 166
36 169
36 172
36 176
36 180
36 185
36 191
37 41
37 42
37 53
37 65
37 66
37 82
37 84
37 105
37 113
37 119
37 123
37 133
37 139
37 148
37 152
37 158
37 161
37 163
37 164
37 165
37 167
37 174
37 179
37 195
37 197
38 43
38 59
38 60
38 61
38 74
38 89
38 94
38 103
38 112
38 115
38 117
38 123
38 125
38 126
38 130
38 154
38 161
38 162
38 171
38 193
38 195
39 46
39 55
39 61
39 62
39 63
39 65
39 67
39 73
39 74
39 79
39 86
39 90
39 92
39 94
39 95
39 104
39 112
39 123
39 130
39 136
39 159
39 168
39 171
39 189
39 193
40 46
40 51
40 56
40 59
40 60
40 62
40 63
40 68
40 70
40 77
40 82
40 84
40 89
40 91
40 95
40 99
40 108
40 118
40 119
40 120
40 124
40 129
40 136
40 138
40 160
40 174
40 184
40 185
40 196
41 43
41 77
41 84
41 86
41 88
41 95
41 97
41 100
41 114
41 115
41 118
41 128
41 130
41 133
41 143
41 152
41 155
41 157
41 158
41 161
41 164
41 166
41 167
41 180
41 181
41 190
41 196
41 199
42 45
42 52
42 53
42 55
42 57
42 61
42 80
42 87
42 93
42 100
42 101
42 103
42 108
42 112
42 117
42 120
42 129
42 130
42 133
42 144
42 163
42 186
42 189
42 191
42 196
42 200
43 57
43 75
43 84
43 93
43 100
43 108
43 114
43 115
43 116
43 117
43 121
43 124
43 129
43 138
43 140
43 142
43 146
43 147
43 154
43 156
43 164
43 165
43 170
43 176
43 178
43 187
43 191
43 194
44 46
44 58
44 61
44 70
44 79
44 95
44 96
44 101
44 120
44 122
44 129
44 130
44 131
44 140
44 146
44 160
44 165
44 177
44 186
44 196
44 200
45 63
45 66
45 67
45 69
45 71
45 72
45 73
45 87
45 96
45 97
45 98
45 100
45 101
45 103
45 104
45 109
45 116
45 122
45 125
45 151
45 155
45 163
45 165
45 167
45 173
45 194
45 196
45 199
46 57
46 67
46 75
46 76
46 87
46 89
46 104
46 112
46 114
46 119
46 125
46 127
46 128
46 134
46 137
46 158
46 173
46 186
46 191
46 194
46 199
47 50
47 57
47 58
47 66
47 75
47 91
47 95
47 96
47 100
47 118
47 119
47 123
47 124
47 127
47 129
47 142
47 152
47 160
47 174
47 176
47 180
47 182
47 188
47 198
48 49
48 56
48 59
48 69
48 74
48 78
48 92
48 93
48 100
48 106
48 120
48 149
48 157
48 159
48 166
48 171
48 184
48 185
49 53
49 57
49 68
49 69
49 86
49 88
49 94
49 114
49 115
49 116
49 122
49 130
49 139
49 142
49 147
49 151
49 155
49 160
49 161
49 163
49 170
49 176
49 180
49 184
49 185
49 189
49 194
50 60
50 71
50 73
50 74
50 75
50 80
50 82
50 85
50 86
50 90
50 91
50 97
50 103
50 105
50 106
50 109
50 117
50 120
50 123
50 128
50 133
50 134
50 138
50 139
50 145
50 146
50 159
50 170
50 177
50 186
50 188
50 192
50 193
50 194
50 199
51 58
51 61
51 62
51 64
51 67
51 75
51 76
51 81
51 88
51 92
51 94
51 99
51 104
51 110
51 114
51 115
51 120
51 124
51 131
51 134
51 139
51 141
51 148
51 150
51 152
51 157
51 164
51 171
51 174
51 193
51 200
52 56
52 63
52 69
52 70
52 73
52 74
52 75
52 81
52 82
52 84
52 92
52 93
52 95
52 103
52 112
52 114
52 116
52 144
52 152
52 154
52 167
52 177
52 181
52 186
52 190
52 193
52 194
52 195
52 198
52 199
53 56
53 79
53 81
53 82
53 90
53 92
53 96
53 100
53 102
53 112
53 118
53 120
53 133
53 140
53 141
53 148
53 153
53 160
53 173
53 174
53 180
53 182
53 186
53 194
53 196
54 58
54 62
54 63
54 64
54 68
54 74
54 80
54 85
54 95
54 101
54 102
54 103
54 109
54 113
54 116
54 128
54 144
54 159
54 167
54 170
54 173
54 184
54 189
54 197
55 62
55 64
55 73
55 74
55 75
55 85
55 90
55 95
55 101
55 102
55 103
55 119
55 131
55 134
55 136
55 141
55 142
55 143
55 148
55 156
55 160
55 161
55 169
55 171
55 172
55 176
55 184
55 190
55 191
55 196
55 199
56 65
56 73
56 82
56 84
56 86
56 93
56 102
56 104
56 115
56 127
56 128
56 138
56 144
56 150
56 163
56 164
56 165
56 167
56 170
56 172
56 195
56 198
57 59
57 60
57 69
57 73
57 88
57 91
57 93
57 100
57 115
57 120
57 126
57 140
57 141
57 142
57 159
57 161
57 169
57 186
57 194
58 67
58 87
58 94
58 95
58 112
58 122
58 123
58 130
58 139
58 143
58 150
58 164
58 176
58 182
58 189
58 194
58 199
59 66
59 67
59 69
59 81
59 93
59 104
59 105
59 109
59 111
59 115
59 127
59 140
59 141
59 143
59 152
59 154
59 156
59 161
59 163
59 165
59 172
59 173
59 175
59 176
59 179
59 183
59 184
59 185
59 188
59 195
59 196
60 62
60 69
60 82
60 90
60 94
60 106
60 110
60 111
60 116
60 121
60 130
60 133
60 137
60 153
60 157
60 159
60 162
60 165
60 168
60 171
60 188
60 189
60 191
60 194
61 69
61 86
61 91
61 97
61 101
61 114
61 115
61 135
61 145
61 147
61 154
61 174
61 175
61 176
61 180
61 181
61 184
61 187
62 66
62 69
62 70
62 72
62 74
62 76
62 78
62 89
62 90
62 93
62 102
62 107
62 108
62 109
62 111
62 118
62 121
62 135
62 147
62 152
62 157
62 158
62 165
62 166
62 170
62 173
62 174
62 175
62 183
62 187
62 193
63 76
63 77
63 101
63 117
63 119
63 120
63 125
63 128
63 168
63 172
63 177
63 178
63 181
63 200
64 92
64 94
64 106
64 111
64 112
64 135
64 138
64 144
64 155
64 158
64 161
64 164
64 193
64 197
64 198
64 199
64 200
65 67
65 70
65 81
65 82
65 89
65 91
65 92
65 94
65 98
65 104
65 108
65 120
65 128
65 129
65 132
65 136
65 142
65 155
65 158
65 164
65 168
65 179
65 180
65 191
65 196
66 67
66 70
66 74
66 76
66 80
66 86
66 87
66 88
66 95
66 98
66 100
66 110
66 118
66 121
66 142
66 147
66 151
66 154
66 156
66 167
66 168
66 171
66 178
66 180
66 181
66 182
66 195
66 198
67 69
67 73
67 78
67 87
67 88
67 89
67 92
67 94
67 106
67 112
67 113
67 115
67 119
67 129
67 142
67 145
67 146
67 152
67 155
67 159
67 166
67 168
67 178
67 184
67 185
67 190
68 77
68 81
68 82
68 90
68 95
68 97
68 103
68 105
68 114
68 116
68 118
68 123
68 126
68 127
68 129
68 132
68 171
68 174
68 182
68 193
69 76
69 90
69 95
69 98
69 109
69 116
69 136
69 138
69 142
69 147
69 150
69 176
69 178
69 180
69 194
70 71
70 78
70 83
70 84
70 85
70 89
70 94
70 95
70 98
70 102
70 116
70 120
70 123
70 124
70 130
70 134
70 139
70 149
70 153
70 156
70 157
70 159
70 161
70 162
70 163
70 169
70 173
70 177
70 184
70 191
70 192
71 73
71 74
71 77
71 97
71 99
71 101
71 108
71 111
71 118
71 123
71 127
71 137
71 140
71 145
71 147
71 149
71 153
71 158
71 160
71 163
71 165
71 166
71 178
71 181
71 189
71 190
71 191
72 75
72 85
72 87
72 93
72 97
72 98
72 102
72 103
72 122
72 123
72 129
72 130
72 139
72 151
72 156
72 161
72 170
72 171
72 176
72 184
72 190
72 199
72 200
73 88
73 94
73 104
73 117
73 121
73 127
73 128
73 137
73 151
73 153
73 157
73 188
73 191
73 196
73 199
74 78
74 97
74 98
74 106
74 110
74 112
74 117
74 124
74 140
74 144
74 145
74 148
74 151
74 154
74 159
74 173
74 179
74 188
74 198
75 80
75 81
75 84
75 104
75 109
75 114
75 129
75 137
75 143
75 145
75 147
75 156
75 162
75 163
75 173
75 184
75 188
75 198
76 87
76 94
76 98
76 102
76 115
76 120
76 126
76 139
76 142
76 176
76 180
76 183
76 198
77 82
77 94
77 97
77 105
77 115
77 122
77 129
77 133
77 135
77 136
77 149
77 159
77 160
77 161
77 164
77 173
77 175
77 178
77 179
77 195
77 200
78 84
78 90
78 97
78 101
78 117
78 122
78 125
78 135
78 137
78 147
78 149
78 152
78 154
78 158
78 164
78 168
78 176
78 178
78 179
78 183
78 193
78 199
79 82
79 87
79 95
79 103
79 107
79 113
79 123
79 124
79 125
79 134
79 152
79 168
79 170
79 172
79 175
79 191
79 199
80 96
80 101
80 102
80 104
80 114
80 117
80 120
80 123
80 126
80 132
80 134
80 136
80 141
80 151
80 178
80 187
80 191
80 197
81 86
81 89
81 91
81 95
81 106
81 108
81 117
81 128
81 129
81 131
81 140
81 150
81 152
81 167
81 168
81 194
81 199
82 83
82 95
82 101
82 107
82 122
82 126
82 144
82 149
82 152
82 155
82 182
82 183
82 190
82 191
82 195
83 89
83 90
83 93
83 98
83 105
83 107
83 118
83 131
83 147
83 151
83 165
83 173
83 174
83 176
83 179
83 198
83 199
83 200
84 89
84 95
84 97
84 98
84 106
84 108
84 120
84 130
84 136
84 143
84 153
84 155
84 157
84 168
84 181
84 196
84 199
85 87
85 90
85 101
85 104
85 105
85 107
85 123
85 126
85 133
85 141
85 145
85 158
85 160
85 166
85 185
85 192
85 195
86 89
86 90
86 97
86 108
86 110
86 117
86 121
86 132
86 150
86 164
86 165
86 177
86 191
86 198
87 88
87 91
87 100
87 102
87 112
87 113
87 124
87 128
87 129
87 141
87 154
87 161
87 164
87 167
87 170
87 171
87 174
87 177
87 183
87 186
87 193
87 195
87 200
88 95
88 110
88 112
88 116
88 126
88 131
88 132
88 133
88 135
88 150
88 156
88 158
88 166
88 171
88 172
88 178
88 186
88 189
88 194
88 198
88 199
89 94
89 101
89 111
89 113
89 114
89 120
89 123
89 127
89 130
89 150
89 168
89 170
89 176
89 179
89 187
89 195
89 198
90 96
90 97
90 100
90 101
90 103
90 107
90 119
90 128
90 136
90 144
90 145
90 146
90 149
90 151
90 154
90 155
90 161
90 163
90 166
90 173
90 178
90 186
91 100
91 104
91 111
91 112
91 117
91 120
91 122
91 124
91 135
91 136
91 139
91 141
91 143
91 147
91 153
91 162
91 164
91 174
91 175
91 181
91 184
91 194
92 94
92 103
92 109
92 114
92 141
92 159
92 160
92 165
92 169
92 183
92 185
92 192
92 194
93 100
93 126
93 127
93 130
93 135
93 141
93 157
93 168
93 173
93 174
93 181
93 184
93 185
93 186
94 95
94 97
94 103
94 109
94 117
94 119
94 125
94 135
94 138
94 139
94 154
94 155
94 157
94 167
94 171
94 173
94 178
94 182
94 184
94 191
94 194
94 195
94 200
95 97
95 98
95 107
95 113
95 118
95 122
95 123
95 129
95 134
95 137
95 140
95 145
95 161
95 166
95 167
95 172
95 173
95 176
95 182
95 198
96 105
96 107
96 110
96 114
96 117
96 119
96 121
96 142
96 147
96 148
96 150
96 151
96 154
96 163
96 172
96 179
96 185
96 199
97 101
97 105
97 109
97 123
97 137
97 139
97 143
97 144
97 153
97 160
97 163
97 166
97 167
97 174
97 178
97 183
97 189
98 100
98 113
98 117
98 120
98 125
98 129
98 131
98 143
98 146
98 168
98 177
98 182
98 193
98 195
98 196
99 105
99 115
99 126
99 130
99 138
99 141
99 144
99 148
99 153
99 159
99 162
99 165
99 168
99 173
99 177
99 181
99 184
99 185
99 188
99 190
99 192
99 194
100 101
100 112
100 120
100 125
100 130
100 134
100 136
100 142
100 150
100 154
100 167
100 169
100 172
100 199
101 103
101 109
101 110
101 111
101 116
101 118
101 120
101 128
101 130
101 132
101 135
101 137
101 143
101 150
101 160
101 171
101 176
101 181
101 193
101 196
101 200
102 105
102 116
102 118
102 131
102 134
102 138
102 158
102 160
102 166
102 171
102 183
102 189
102 195
103 114
103 116
103 121
103 123
103 124
103 125
103 140
103 141
103 145
103 157
103 169
103 173
103 181
103 187
104 115
104 116
104 119
104 135
104 145
104 154
104 159
104 161
104 170
104 174
104 181
104 183
104 186
104 191
104 200
105 109
105 114
105 118
105 123
105 137
105 141
105 144
105 161
105 164
105 168
105 179
105 182
105 195
105 200
106 110
106 118
106 121
106 122
106 143
106 149
106 151
106 154
106 158
106 164
106 167
106 172
106 197
107 114
107 128
107 147
107 148
107 151
107 171
107 187
107 194
107 195
107 198
108 111
108 113
108 117
108 122
108 125
108 129
108 139
108 144
108 155
108 160
108 161
108 163
108 178
108 182
108 185
108 188
108 192
108 195
109 140
109 151
109 154
109 155
109 170
109 171
109 172
109 175
109 177
109 180
109 185
109 190
110 111
110 126
110 129
110 141
110 151
110 156
110 159
110 161
110 163
110 166
110 174
110 185
111 122
111 126
111 128
111 151
111 156
111 162
111 169
111 194
111 195
112 120
112 121
112 128
112 134
112 137
112 139
112 143
112 145
112 148
112 153
112 158
112 160
112 161
112 165
112 181
112 186
112 190
112 191
112 199
113 117
113 121
113 132
113 136
113 137
113 140
113 144
113 147
113 149
113 154
113 163
113 170
113 174
113 179
113 182
113 185
113 191
113 192
113 195
113 197
114 122
114 140
114 149
114 153
114 157
114 158
114 170
114 174
114 177
114 194
114 197
114 200
115 118
115 124
115 126
115 133
115 141
115 142
115 143
115 145
115 165
115 176
115 191
115 196
116 154
116 161
116 162
116 164
116 167
116 168
116 178
116 187
116 192
117 126
117 130
117 131
117 133
117 142
117 144
117 147
117 154
117 158
117 174
117 175
117 177
117 178
117 190
117 193
117 194
117 198
117 200
118 127
118 129
118 130
118 133
118 146
118 147
118 154
118 161
118 163
118 176
118 179
118 186
119 122
119 148
119 151
119 162
119 163
119 164
119 172
119 181
119 182
119 189
119 200
120 123
120 128
120 129
120 133
120 135
120 147
120 152
120 155
120 157
120 161
120 162
120 163
120 168
120 173
120 180
120 182
120 188
120 192
120 193
121 123
121 132
121 137
121 138
121 140
121 169
121 192
121 193
122 130
122 139
122 141
122 142
122 144
122 147
122 173
122 180
122 185
122 193
122 194
122 197
123 126
123 128
123 134
123 153
123 160
123 171
123 172
123 184
123 190
123 193
123 197
124 129
124 135
124 138
124 143
124 144
124 147
124 153
124 155
124 156
124 157
124 160
124 171
124 178
124 182
124 184
124 185
124 192
124 195
124 199
124 200
125 127
125 132
125 135
125 138
125 142
125 163
125 164
125 185
125 190
126 127
126 128
126 132
126 137
126 143
126 156
126 160
126 163
126 192
126 197
127 130
127 134
127 135
127 139
127 157
127 161
127 163
127 179
127 182
127 187
128 132
128 136
128 148
128 160
128 162
128 179
128 193
129 140
129 149
129 154
129 160
129 164
129 170
129 180
129 197
130 144
130 151
130 161
130 167
130 168
130 173
130 177
130 191
130 193
130 195
130 198
131 136
131 137
131 139
131 141
131 142
131 144
131 154
131 155
131 160
131 164
131 172
131 191
131 194
131 195
131 198
132 141
132 144
132 145
132 153
132 163
132 168
132 169
132 171
132 177
132 187
132 189
132 195
133 139
133 141
133 160
133 162
133 163
133 165
133 174
133 175
133 178
133 185
133 188
133 189
133 195
133 197
134 150
134 151
134 152
134 153
134 154
134 171
134 172
134 178
134 186
134 190
134 191
134 193
134 195
134 199
135 137
135 139
135 144
135 146
135 150
135 153
135 160
135 167
135 168
135 169
135 182
135 183
135 186
136 141
136 171
136 174
136 181
136 184
136 188
137 138
137 173
137 189
137 191
137 193
137 199
138 139
138 141
138 142
138 144
138 145
138 151
138 159
138 161
138 162
138 164
138 169
138 177
138 188
138 195
138 196
138 198
139 146
139 155
139 161
139 177
139 180
139 183
139 188
139 189
139 197
139 198
140 141
140 142
140 157
140 163
140 165
140 167
140 169
140 170
140 174
140 177
140 179
140 181
140 185
140 192
141 148
141 153
141 166
141 171
141 189
141 190
141 192
141 194
142 144
142 161
142 167
142 169
142 172
142 186
142 188
142 191
142 194
142 199
143 150
143 158
143 162
143 169
143 178
143 183
143 187
143 188
143 194
143 197
143 199
144 154
144 161
144 167
144 168
144 171
144 173
144 191
144 192
144 193
144 197
144 199
144 200
145 146
145 153
145 162
145 172
145 175
145 178
145 185
145 191
145 194
145 197
146 153
146 156
146 165
146 166
146 168
146 174
146 175
146 179
146 180
146 183
146 189
146 190
147 160
147 162
147 168
147 171
147 176
147 184
147 186
147 196
147 197
148 154
148 170
148 178
149 154
149 159
149 163
149 186
149 188
149 189
149 190
149 192
150 153
150 174
150 184
150 191
150 193
150 198
151 152
151 160
151 162
151 166
151 167
151 176
151 181
151 184
152 154
152 156
152 159
152 162
152 163
152 169
152 172
152 177
152 180
152 185
152 196
153 159
153 168
153 175
153 178
153 180
153 187
153 198
154 158
154 173
154 176
154 182
154 189
154 197
155 156
155 158
155 163
155 164
155 166
155 181
155 189
155 196
155 198
156 161
156 162
156 164
156 170
156 184
156 196
157 158
157 171
157 172
157 173
157 174
157 175
157 178
157 180
157 188
157 190
157 198
157 200
158 161
158 164
158 175
158 185
158 194
158 197
158 199
159 163
159 166
159 167
159 184
159 187
159 196
160 167
160 173
160 179
160 184
160 193
160 194
160 196
161 168
161 171
161 174
161 176
161 177
161 178
161 181
161 188
161 189
161 190
162 166
162 181
162 188
162 189
162 195
163 173
163 175
163 178
163 179
163 181
163 190
163 195
163 200
164 171
164 177
164 180
164 191
165 171
165 177
165 190
165 200
166 168
166 171
166 173
166 174
166 180
166 196
166 199
167 169
167 175
167 186
167 188
168 172
168 174
168 176
168 178
168 179
168 188
168 194
168 197
169 199
169 200
170 175
170 180
170 182
170 187
170 194
171 172
171 174
171 189
171 194
171 198
172 186
172 197
173 184
173 185
173 191
173 192
173 193
174 182
174 183
174 184
174 186
174 193
174 194
175 178
175 182
175 194
176 177
176 182
176 187
176 189
176 193
176 197
176 198
177 179
177 180
177 183
177 184
177 188
177 192
177 200
178 182
178 194
179 190
179 191
179 194
179 195
179 199
180 182
180 184
180 189
180 197
181 184
181 191
181 194
182 187
182 189
182 192
183 186
183 187
183 188
183 193
183 194
183 197
184 189
184 197
185 196
185 198
186 188
186 189
186 191
186 192
186 198
187 188
187 190
187 199
188 189
189 195
189 199
189 200
190 195
191 198
191 200
193 199
194 195
194 198
195 197
196 200
198 199
